framerate,frame,time (s),x (pixel),y (pixel,freq (Hz),theta (deg),u1 (Hz),u2 (rad),field (mT),volt multipler,correction factor,target x,target y,k,h,gamma,kP,KI,KD,kPa,KIa,KDa,v_ref (um/s),v_m (um/s),a_ref,a_m,static (V)
0.000,3.000,Inf,330.534,258.650,0.000,270.000,0.001,2.991,7.785,18.000,0.000,0.000,0.000,5.000,0.000,0.000,0.000,0.100,0.000,0.000,0.900,0.000,2.000,0.000,2.991,2.991,5.000
0.000,4.000,Inf,330.687,258.541,0.000,270.000,0.001,0.000,7.785,18.000,0.000,614.000,469.000,5.000,0.000,0.000,0.000,0.100,0.000,0.000,0.900,0.000,2.000,0.000,0.000,-0.000,5.000
0.000,5.000,Inf,330.843,258.330,0.000,270.000,0.001,0.000,7.785,18.000,0.000,614.000,469.000,5.000,0.000,0.000,0.000,0.100,0.000,0.000,0.900,0.000,2.000,0.000,0.000,-0.000,5.000
0.000,6.000,Inf,330.567,258.284,0.000,270.000,0.001,0.000,7.785,18.000,0.000,614.000,469.000,5.000,0.000,0.000,0.000,0.100,0.000,0.000,0.900,0.000,2.000,0.000,0.000,-0.000,5.000
0.000,7.000,Inf,331.077,258.209,0.000,270.000,0.001,0.000,7.785,18.000,0.000,614.000,469.000,5.000,0.000,0.000,0.000,0.100,0.000,0.000,0.900,0.000,2.000,0.000,0.000,-0.000,5.000
0.000,8.000,Inf,331.231,257.985,0.000,270.000,0.001,0.000,7.785,18.000,0.000,614.000,469.000,5.000,0.000,0.000,0.000,0.100,0.000,0.000,0.900,0.000,2.000,0.000,0.000,-0.000,5.000
0.000,9.000,Inf,331.352,257.887,0.000,270.000,0.001,0.211,7.785,18.000,0.000,614.000,469.000,5.000,0.000,0.000,0.000,0.100,0.000,0.000,0.900,0.000,2.000,149.597,0.211,0.211,5.000
0.000,10.000,Inf,331.641,257.837,0.000,270.000,0.001,0.211,7.785,18.000,0.000,614.000,469.000,5.000,0.000,0.000,0.000,0.100,0.000,0.000,0.900,0.000,2.000,149.597,0.211,0.211,5.000
0.000,12.000,Inf,332.133,258.183,0.000,270.000,0.001,0.211,7.785,18.000,0.000,614.000,469.000,5.000,0.000,0.000,0.000,0.100,0.000,0.000,0.900,0.000,2.000,149.597,0.211,0.211,5.000
0.000,13.000,Inf,332.255,258.052,0.000,270.000,0.001,0.211,7.785,18.000,0.000,614.000,469.000,5.000,0.000,0.000,0.000,0.100,0.000,0.000,0.900,0.000,2.000,149.597,0.211,0.211,5.000
0.000,14.000,Inf,332.402,258.164,0.000,270.000,0.001,0.211,7.785,18.000,0.000,614.000,469.000,5.000,0.000,0.000,0.000,0.100,0.000,0.000,0.900,0.000,2.000,149.597,0.211,0.211,5.000
0.000,15.000,Inf,332.389,258.158,0.000,270.000,0.001,0.012,7.785,18.000,0.000,614.000,469.000,5.000,0.000,0.000,0.000,0.100,0.000,0.000,0.900,0.000,2.000,11.403,0.012,0.012,5.000
0.000,16.000,Inf,332.600,258.195,0.000,270.000,0.001,0.012,7.785,18.000,0.000,614.000,469.000,5.000,0.000,0.000,0.000,0.100,0.000,0.000,0.900,0.000,2.000,11.403,0.012,0.012,5.000
0.000,17.000,Inf,333.066,258.071,0.000,270.000,0.001,0.012,7.785,18.000,0.000,614.000,469.000,5.000,0.000,0.000,0.000,0.100,0.000,0.000,0.900,0.000,2.000,11.403,0.012,0.012,5.000
0.000,18.000,Inf,333.253,257.818,0.000,270.000,0.001,0.012,7.785,18.000,0.000,614.000,469.000,5.000,0.000,0.000,0.000,0.100,0.000,0.000,0.900,0.000,2.000,11.403,0.012,0.012,5.000
0.000,19.000,Inf,333.376,257.786,0.000,270.000,0.001,0.012,7.785,18.000,0.000,614.000,469.000,5.000,0.000,0.000,0.000,0.100,0.000,0.000,0.900,0.000,2.000,11.403,0.012,0.012,5.000
0.000,20.000,Inf,333.358,257.574,0.000,270.000,0.001,0.012,7.785,18.000,0.000,614.000,469.000,5.000,0.000,0.000,0.000,0.100,0.000,0.000,0.900,0.000,2.000,11.403,0.012,0.012,5.000
0.000,21.000,Inf,333.604,257.445,0.000,0.000,0.001,0.013,7.785,18.000,0.000,614.000,469.000,5.000,0.000,0.000,0.000,0.100,0.000,0.000,0.900,0.000,2.000,11.061,0.013,0.013,5.000
0.000,22.000,Inf,333.892,257.442,0.000,0.000,0.001,0.013,7.785,18.000,0.000,614.000,469.000,5.000,0.000,0.000,0.000,0.100,0.000,0.000,0.900,0.000,2.000,11.061,0.013,0.013,5.000
0.000,23.000,Inf,333.650,257.367,0.000,0.000,0.001,0.013,7.785,18.000,0.000,614.000,469.000,5.000,0.000,0.000,0.000,0.100,0.000,0.000,0.900,0.000,2.000,11.061,0.013,0.013,5.000
0.000,24.000,Inf,333.806,256.871,0.000,0.000,0.001,0.013,7.785,18.000,0.000,614.000,469.000,5.000,0.000,0.000,0.000,0.100,0.000,0.000,0.900,0.000,2.000,11.061,0.013,0.013,5.000
0.000,25.000,Inf,334.023,257.268,0.000,0.000,0.001,0.013,7.785,18.000,0.000,614.000,469.000,5.000,0.000,0.000,0.000,0.100,0.000,0.000,0.900,0.000,2.000,11.061,0.013,0.013,5.000
0.000,26.000,Inf,334.174,256.974,0.000,0.000,0.001,0.013,7.785,18.000,0.000,614.000,469.000,5.000,0.000,0.000,0.000,0.100,0.000,0.000,0.900,0.000,2.000,11.061,0.013,0.013,5.000
0.000,27.000,Inf,334.674,256.423,0.000,0.000,0.001,0.011,7.785,18.000,0.000,614.000,469.000,5.000,0.000,0.000,0.000,0.100,0.000,0.000,0.900,0.000,2.000,7.964,0.011,0.011,5.000
0.000,28.000,Inf,335.112,256.562,0.000,0.000,0.001,0.011,7.785,18.000,0.000,614.000,469.000,5.000,0.000,0.000,0.000,0.100,0.000,0.000,0.900,0.000,2.000,7.964,0.011,0.011,5.000
0.000,29.000,Inf,334.844,256.580,0.000,0.000,0.001,0.011,7.785,18.000,0.000,614.000,469.000,5.000,0.000,0.000,0.000,0.100,0.000,0.000,0.900,0.000,2.000,7.964,0.011,0.011,5.000
0.000,30.000,Inf,335.146,256.351,0.000,0.000,0.001,0.011,7.785,18.000,0.000,614.000,469.000,5.000,0.000,0.000,0.000,0.100,0.000,0.000,0.900,0.000,2.000,7.964,0.011,0.011,5.000
0.000,31.000,Inf,335.422,256.426,0.000,0.000,0.001,0.011,7.785,18.000,0.000,614.000,469.000,5.000,0.000,0.000,0.000,0.100,0.000,0.000,0.900,0.000,2.000,7.964,0.011,0.011,5.000
0.000,32.000,Inf,335.547,256.309,0.000,0.000,0.001,0.011,7.785,18.000,0.000,614.000,469.000,5.000,0.000,0.000,0.000,0.100,0.000,0.000,0.900,0.000,2.000,7.964,0.011,0.011,5.000
0.000,33.000,Inf,335.783,256.361,0.000,0.000,0.001,0.022,7.785,18.000,0.000,614.000,469.000,5.000,0.000,0.000,0.000,0.100,0.000,0.000,0.900,0.000,2.000,15.668,0.022,0.022,5.000
30.010,34.000,1.133,336.060,256.303,0.000,0.000,0.001,0.022,7.785,18.000,0.000,614.000,469.000,5.000,0.000,0.000,0.000,0.100,0.000,0.000,0.900,0.000,2.000,15.668,0.022,0.022,5.000
30.010,35.000,1.166,336.187,256.444,0.000,0.000,0.001,0.022,7.785,18.000,0.000,614.000,469.000,5.000,0.000,0.000,0.000,0.100,0.000,0.000,0.900,0.000,2.000,15.668,0.022,0.022,5.000
30.010,36.000,1.200,336.366,256.330,0.000,0.000,0.001,0.022,7.785,18.000,0.000,614.000,469.000,5.000,0.000,0.000,0.000,0.100,0.000,0.000,0.900,0.000,2.000,15.668,0.022,0.022,5.000
30.010,37.000,1.233,336.247,256.585,0.000,0.000,0.001,0.022,7.785,18.000,0.000,614.000,469.000,5.000,0.000,0.000,0.000,0.100,0.000,0.000,0.900,0.000,2.000,15.668,0.022,0.022,5.000
30.010,38.000,1.266,336.360,256.368,0.000,0.000,0.001,0.022,7.785,18.000,0.000,614.000,469.000,5.000,0.000,0.000,0.000,0.100,0.000,0.000,0.900,0.000,2.000,15.668,0.022,0.022,5.000
30.010,39.000,1.300,336.617,256.391,0.000,0.000,0.001,0.005,7.785,18.000,0.000,614.000,469.000,5.000,0.000,0.000,0.000,0.100,0.000,0.000,0.900,0.000,2.000,8.065,0.005,0.005,5.000
30.010,40.000,1.333,337.026,256.384,0.000,0.000,0.001,0.005,7.785,18.000,0.000,614.000,469.000,5.000,0.000,0.000,0.000,0.100,0.000,0.000,0.900,0.000,2.000,8.065,0.005,0.005,5.000
30.010,41.000,1.366,337.353,256.374,0.000,0.000,0.001,0.005,7.785,18.000,0.000,614.000,469.000,5.000,0.000,0.000,0.000,0.100,0.000,0.000,0.900,0.000,2.000,8.065,0.005,0.005,5.000
30.010,42.000,1.400,337.517,256.041,0.000,0.000,0.001,0.005,7.785,18.000,0.000,614.000,469.000,5.000,0.000,0.000,0.000,0.100,0.000,0.000,0.900,0.000,2.000,8.065,0.005,0.005,5.000
30.010,43.000,1.433,337.788,256.023,0.000,0.000,0.001,0.005,7.785,18.000,0.000,614.000,469.000,5.000,0.000,0.000,0.000,0.100,0.000,0.000,0.900,0.000,2.000,8.065,0.005,0.005,5.000
30.010,44.000,1.466,337.701,255.742,0.000,0.000,0.001,0.005,7.785,18.000,0.000,614.000,469.000,5.000,0.000,0.000,0.000,0.100,0.000,0.000,0.900,0.000,2.000,8.065,0.005,0.005,5.000
30.010,45.000,1.500,338.081,255.632,0.000,0.000,0.001,0.020,7.785,18.000,0.000,614.000,469.000,5.000,0.000,0.000,0.000,0.100,0.000,0.000,0.900,0.000,2.000,15.749,0.020,0.020,5.000
30.010,46.000,1.533,338.207,255.627,0.000,0.000,0.001,0.020,7.785,18.000,0.000,614.000,469.000,5.000,0.000,0.000,0.000,0.100,0.000,0.000,0.900,0.000,2.000,15.749,0.020,0.020,5.000
30.010,47.000,1.566,338.180,255.669,0.000,0.000,0.001,0.020,7.785,18.000,0.000,614.000,469.000,5.000,0.000,0.000,0.000,0.100,0.000,0.000,0.900,0.000,2.000,15.749,0.020,0.020,5.000
30.010,48.000,1.599,338.192,255.771,0.000,0.000,0.001,0.020,7.785,18.000,0.000,614.000,469.000,5.000,0.000,0.000,0.000,0.100,0.000,0.000,0.900,0.000,2.000,15.749,0.020,0.020,5.000
30.010,49.000,1.633,338.294,255.677,0.000,0.000,0.001,0.020,7.785,18.000,0.000,614.000,469.000,5.000,0.000,0.000,0.000,0.100,0.000,0.000,0.900,0.000,2.000,15.749,0.020,0.020,5.000
30.010,50.000,1.666,338.326,255.529,0.000,0.000,0.001,0.020,7.785,18.000,0.000,614.000,469.000,5.000,0.000,0.000,0.000,0.100,0.000,0.000,0.900,0.000,2.000,15.749,0.020,0.020,5.000
30.010,51.000,1.699,338.505,255.482,0.000,0.000,0.001,0.008,7.785,18.000,0.000,614.000,469.000,5.000,0.000,0.000,0.000,0.100,0.000,0.000,0.900,0.000,2.000,5.884,0.008,0.008,5.000
30.010,52.000,1.733,338.718,255.644,0.000,0.000,0.001,0.008,7.785,18.000,0.000,614.000,469.000,5.000,0.000,0.000,0.000,0.100,0.000,0.000,0.900,0.000,2.000,5.884,0.008,0.008,5.000
30.010,53.000,1.766,338.565,255.507,0.000,0.000,0.001,0.008,7.785,18.000,0.000,614.000,469.000,5.000,0.000,0.000,0.000,0.100,0.000,0.000,0.900,0.000,2.000,5.884,0.008,0.008,5.000
30.010,54.000,1.799,338.612,255.620,0.000,0.000,0.001,0.008,7.785,18.000,0.000,614.000,469.000,5.000,0.000,0.000,0.000,0.100,0.000,0.000,0.900,0.000,2.000,5.884,0.008,0.008,5.000
30.010,55.000,1.833,339.092,255.791,0.000,0.000,0.001,0.008,7.785,18.000,0.000,614.000,469.000,5.000,0.000,0.000,0.000,0.100,0.000,0.000,0.900,0.000,2.000,5.884,0.008,0.008,5.000
30.010,56.000,1.866,339.106,255.748,0.000,0.000,0.001,0.008,7.785,18.000,0.000,614.000,469.000,5.000,0.000,0.000,0.000,0.100,0.000,0.000,0.900,0.000,2.000,5.884,0.008,0.008,5.000
30.010,57.000,1.899,339.149,255.794,0.000,0.000,0.001,0.006,7.785,18.000,0.000,614.000,469.000,5.000,0.000,0.000,0.000,0.100,0.000,0.000,0.900,0.000,2.000,7.740,0.006,0.006,5.000
30.010,58.000,1.933,339.291,255.779,0.000,0.000,0.001,0.006,7.785,18.000,0.000,614.000,469.000,5.000,0.000,0.000,0.000,0.100,0.000,0.000,0.900,0.000,2.000,7.740,0.006,0.006,5.000
30.010,59.000,1.966,339.419,255.781,0.000,0.000,0.001,0.006,7.785,18.000,0.000,614.000,469.000,5.000,0.000,0.000,0.000,0.100,0.000,0.000,0.900,0.000,2.000,7.740,0.006,0.006,5.000
30.010,60.000,1.999,339.740,255.736,0.000,0.000,0.001,0.006,7.785,18.000,0.000,614.000,469.000,5.000,0.000,0.000,0.000,0.100,0.000,0.000,0.900,0.000,2.000,7.740,0.006,0.006,5.000
30.010,61.000,2.033,339.781,255.737,0.000,0.000,0.001,0.006,7.785,18.000,0.000,614.000,469.000,5.000,0.000,0.000,0.000,0.100,0.000,0.000,0.900,0.000,2.000,7.740,0.006,0.006,5.000
30.010,62.000,2.066,339.871,255.858,0.000,0.000,0.001,0.006,7.785,18.000,0.000,614.000,469.000,5.000,0.000,0.000,0.000,0.100,0.000,0.000,0.900,0.000,2.000,7.740,0.006,0.006,5.000
30.010,63.000,2.099,340.226,255.917,0.000,0.000,0.001,0.007,7.785,18.000,0.000,614.000,469.000,5.000,0.000,0.000,0.000,0.100,0.000,0.000,0.900,0.000,2.000,6.641,0.007,0.007,5.000
30.000,64.000,2.133,340.306,256.077,0.000,0.000,0.001,0.007,7.785,18.000,0.000,614.000,469.000,5.000,0.000,0.000,0.000,0.100,0.000,0.000,0.900,0.000,2.000,6.641,0.007,0.007,5.000
30.000,65.000,2.167,340.363,255.898,0.000,0.000,0.001,0.007,7.785,18.000,0.000,614.000,469.000,5.000,0.000,0.000,0.000,0.100,0.000,0.000,0.900,0.000,2.000,6.641,0.007,0.007,5.000
30.000,66.000,2.200,340.288,256.229,0.000,0.000,0.001,0.007,7.785,18.000,0.000,614.000,469.000,5.000,0.000,0.000,0.000,0.100,0.000,0.000,0.900,0.000,2.000,6.641,0.007,0.007,5.000
30.000,67.000,2.233,340.414,256.093,0.000,0.000,0.001,0.007,7.785,18.000,0.000,614.000,469.000,5.000,0.000,0.000,0.000,0.100,0.000,0.000,0.900,0.000,2.000,6.641,0.007,0.007,5.000
30.000,68.000,2.267,340.623,256.095,0.000,0.000,0.001,0.007,7.785,18.000,0.000,614.000,469.000,5.000,0.000,0.000,0.000,0.100,0.000,0.000,0.900,0.000,2.000,6.641,0.007,0.007,5.000
30.000,69.000,2.300,340.947,256.506,0.000,0.000,0.001,0.002,7.785,18.000,0.000,614.000,469.000,5.000,0.000,0.000,0.000,0.100,0.000,0.000,0.900,0.000,2.000,6.973,0.002,0.002,5.000
30.000,70.000,2.333,341.000,256.475,0.000,0.000,0.001,0.002,7.785,18.000,0.000,614.000,469.000,5.000,0.000,0.000,0.000,0.100,0.000,0.000,0.900,0.000,2.000,6.973,0.002,0.002,5.000
30.000,71.000,2.367,341.054,256.642,0.000,0.000,0.001,0.002,7.785,18.000,0.000,614.000,469.000,5.000,0.000,0.000,0.000,0.100,0.000,0.000,0.900,0.000,2.000,6.973,0.002,0.002,5.000
30.000,72.000,2.400,341.135,256.325,0.000,0.000,0.001,0.002,7.785,18.000,0.000,614.000,469.000,5.000,0.000,0.000,0.000,0.100,0.000,0.000,0.900,0.000,2.000,6.973,0.002,0.002,5.000
30.000,73.000,2.433,341.463,256.149,0.000,0.000,0.001,0.002,7.785,18.000,0.000,614.000,469.000,5.000,0.000,0.000,0.000,0.100,0.000,0.000,0.900,0.000,2.000,6.973,0.002,0.002,5.000
30.000,74.000,2.467,341.989,256.346,0.000,0.000,0.001,0.002,7.785,18.000,0.000,614.000,469.000,5.000,0.000,0.000,0.000,0.100,0.000,0.000,0.900,0.000,2.000,6.973,0.002,0.002,5.000
30.000,75.000,2.500,341.878,256.505,0.000,0.000,0.001,0.009,7.785,18.000,0.000,614.000,469.000,5.000,0.000,0.000,0.000,0.100,0.000,0.000,0.900,0.000,2.000,10.082,0.009,0.009,5.000
30.000,76.000,2.533,341.738,256.492,0.000,0.000,0.001,0.009,7.785,18.000,0.000,614.000,469.000,5.000,0.000,0.000,0.000,0.100,0.000,0.000,0.900,0.000,2.000,10.082,0.009,0.009,5.000
30.000,77.000,2.567,342.038,256.661,0.000,0.000,0.001,0.009,7.785,18.000,0.000,614.000,469.000,5.000,0.000,0.000,0.000,0.100,0.000,0.000,0.900,0.000,2.000,10.082,0.009,0.009,5.000
30.000,78.000,2.600,342.049,256.762,0.000,0.000,0.001,0.009,7.785,18.000,0.000,614.000,469.000,5.000,0.000,0.000,0.000,0.100,0.000,0.000,0.900,0.000,2.000,10.082,0.009,0.009,5.000
30.000,79.000,2.633,342.053,256.637,0.000,0.000,0.001,0.009,7.785,18.000,0.000,614.000,469.000,5.000,0.000,0.000,0.000,0.100,0.000,0.000,0.900,0.000,2.000,10.082,0.009,0.009,5.000
30.000,80.000,2.667,342.267,256.636,0.000,0.000,0.001,0.009,7.785,18.000,0.000,614.000,469.000,5.000,0.000,0.000,0.000,0.100,0.000,0.000,0.900,0.000,2.000,10.082,0.009,0.009,5.000
30.000,81.000,2.700,342.287,256.706,0.000,0.000,0.001,-0.000,7.785,18.000,0.000,614.000,469.000,5.000,0.000,0.000,0.000,0.100,0.000,0.000,0.900,0.000,2.000,7.351,-0.000,-0.000,5.000
30.000,82.000,2.733,342.285,256.743,0.000,0.000,0.001,-0.000,7.785,18.000,0.000,614.000,469.000,5.000,0.000,0.000,0.000,0.100,0.000,0.000,0.900,0.000,2.000,7.351,-0.000,-0.000,5.000
30.000,83.000,2.767,342.535,256.747,0.000,0.000,0.001,-0.000,7.785,18.000,0.000,614.000,469.000,5.000,0.000,0.000,0.000,0.100,0.000,0.000,0.900,0.000,2.000,7.351,-0.000,-0.000,5.000
30.000,84.000,2.800,342.981,256.720,0.000,0.000,0.001,-0.000,7.785,18.000,0.000,614.000,469.000,5.000,0.000,0.000,0.000,0.100,0.000,0.000,0.900,0.000,2.000,7.351,-0.000,-0.000,5.000
30.000,85.000,2.833,343.256,256.710,0.000,0.000,0.001,-0.000,7.785,18.000,0.000,614.000,469.000,5.000,0.000,0.000,0.000,0.100,0.000,0.000,0.900,0.000,2.000,7.351,-0.000,-0.000,5.000
30.000,86.000,2.867,343.563,256.709,0.000,0.000,0.001,-0.000,7.785,18.000,0.000,614.000,469.000,5.000,0.000,0.000,0.000,0.100,0.000,0.000,0.900,0.000,2.000,7.351,-0.000,-0.000,5.000
30.000,87.000,2.900,343.785,256.812,0.000,0.000,0.001,0.010,7.785,18.000,0.000,614.000,469.000,5.000,0.000,0.000,0.000,0.100,0.000,0.000,0.900,0.000,2.000,11.573,0.010,0.010,5.000
30.000,88.000,2.933,343.923,256.876,0.000,0.000,0.001,0.010,7.785,18.000,0.000,614.000,469.000,5.000,0.000,0.000,0.000,0.100,0.000,0.000,0.900,0.000,2.000,11.573,0.010,0.010,5.000
30.000,89.000,2.967,343.850,257.021,0.000,0.000,0.001,0.010,7.785,18.000,0.000,614.000,469.000,5.000,0.000,0.000,0.000,0.100,0.000,0.000,0.900,0.000,2.000,11.573,0.010,0.010,5.000
30.000,90.000,3.000,344.136,257.115,0.000,0.000,0.001,0.010,7.785,18.000,0.000,614.000,469.000,5.000,0.000,0.000,0.000,0.100,0.000,0.000,0.900,0.000,2.000,11.573,0.010,0.010,5.000
30.000,91.000,3.033,344.176,257.107,0.000,0.000,0.001,0.010,7.785,18.000,0.000,614.000,469.000,5.000,0.000,0.000,0.000,0.100,0.000,0.000,0.900,0.000,2.000,11.573,0.010,0.010,5.000
30.000,92.000,3.067,344.313,257.099,0.000,0.000,0.001,0.010,7.785,18.000,0.000,614.000,469.000,5.000,0.000,0.000,0.000,0.100,0.000,0.000,0.900,0.000,2.000,11.573,0.010,0.010,5.000
30.000,93.000,3.100,344.696,257.123,0.000,0.000,0.001,0.004,7.785,18.000,0.000,614.000,469.000,5.000,0.000,0.000,0.000,0.100,0.000,0.000,0.900,0.000,2.000,9.614,0.004,0.004,5.000
30.000,94.000,3.133,344.606,257.578,0.000,0.000,0.001,0.004,7.785,18.000,0.000,614.000,469.000,5.000,0.000,0.000,0.000,0.100,0.000,0.000,0.900,0.000,2.000,9.614,0.004,0.004,5.000
30.000,95.000,3.167,344.695,257.458,0.000,0.000,0.001,0.004,7.785,18.000,0.000,614.000,469.000,5.000,0.000,0.000,0.000,0.100,0.000,0.000,0.900,0.000,2.000,9.614,0.004,0.004,5.000
30.000,96.000,3.200,344.817,257.413,0.000,0.000,0.001,0.004,7.785,18.000,0.000,614.000,469.000,5.000,0.000,0.000,0.000,0.100,0.000,0.000,0.900,0.000,2.000,9.614,0.004,0.004,5.000
30.000,97.000,3.233,345.009,257.547,0.000,0.000,0.001,0.004,7.785,18.000,0.000,614.000,469.000,5.000,0.000,0.000,0.000,0.100,0.000,0.000,0.900,0.000,2.000,9.614,0.004,0.004,5.000
30.000,98.000,3.267,345.176,257.343,0.000,0.000,0.001,0.004,7.785,18.000,0.000,614.000,469.000,5.000,0.000,0.000,0.000,0.100,0.000,0.000,0.900,0.000,2.000,9.614,0.004,0.004,5.000
30.000,99.000,3.300,345.283,257.302,0.000,0.000,0.001,0.002,7.785,18.000,0.000,614.000,469.000,5.000,0.000,0.000,0.000,0.100,0.000,0.000,0.900,0.000,2.000,9.043,0.002,0.002,5.000
30.000,100.000,3.333,345.368,257.207,0.000,0.000,0.001,0.002,7.785,18.000,0.000,614.000,469.000,5.000,0.000,0.000,0.000,0.100,0.000,0.000,0.900,0.000,2.000,9.043,0.002,0.002,5.000
30.000,101.000,3.367,345.263,257.032,0.000,0.000,0.001,0.002,7.785,18.000,0.000,614.000,469.000,5.000,0.000,0.000,0.000,0.100,0.000,0.000,0.900,0.000,2.000,9.043,0.002,0.002,5.000
30.000,102.000,3.400,345.435,257.377,0.000,0.000,0.001,0.002,7.785,18.000,0.000,614.000,469.000,5.000,0.000,0.000,0.000,0.100,0.000,0.000,0.900,0.000,2.000,9.043,0.002,0.002,5.000
30.000,103.000,3.433,345.850,257.599,0.000,0.000,0.001,0.002,7.785,18.000,0.000,614.000,469.000,5.000,0.000,0.000,0.000,0.100,0.000,0.000,0.900,0.000,2.000,9.043,0.002,0.002,5.000
30.000,104.000,3.467,346.128,257.998,0.000,0.000,0.001,0.002,7.785,18.000,0.000,614.000,469.000,5.000,0.000,0.000,0.000,0.100,0.000,0.000,0.900,0.000,2.000,9.043,0.002,0.002,5.000
30.000,105.000,3.500,346.247,257.942,0.000,0.000,0.001,0.007,7.785,18.000,0.000,614.000,469.000,5.000,0.000,0.000,0.000,0.100,0.000,0.000,0.900,0.000,2.000,8.095,0.007,0.007,5.000
30.000,106.000,3.533,346.291,257.983,0.000,0.000,0.001,0.007,7.785,18.000,0.000,614.000,469.000,5.000,0.000,0.000,0.000,0.100,0.000,0.000,0.900,0.000,2.000,8.095,0.007,0.007,5.000
30.000,107.000,3.567,346.658,257.943,0.000,0.000,0.001,0.007,7.785,18.000,0.000,614.000,469.000,5.000,0.000,0.000,0.000,0.100,0.000,0.000,0.900,0.000,2.000,8.095,0.007,0.007,5.000
30.000,108.000,3.600,346.805,258.268,0.000,0.000,0.001,0.007,7.785,18.000,0.000,614.000,469.000,5.000,0.000,0.000,0.000,0.100,0.000,0.000,0.900,0.000,2.000,8.095,0.007,0.007,5.000
30.000,109.000,3.633,347.191,258.372,0.000,0.000,0.001,0.007,7.785,18.000,0.000,614.000,469.000,5.000,0.000,0.000,0.000,0.100,0.000,0.000,0.900,0.000,2.000,8.095,0.007,0.007,5.000
30.000,110.000,3.667,347.279,258.019,0.000,0.000,0.001,0.007,7.785,18.000,0.000,614.000,469.000,5.000,0.000,0.000,0.000,0.100,0.000,0.000,0.900,0.000,2.000,8.095,0.007,0.007,5.000
30.000,111.000,3.700,347.254,258.200,0.000,0.000,0.001,0.003,7.785,18.000,0.000,614.000,469.000,5.000,0.000,0.000,0.000,0.100,0.000,0.000,0.900,0.000,2.000,14.860,0.003,0.003,5.000
30.000,112.000,3.733,347.255,258.262,0.000,0.000,0.001,0.003,7.785,18.000,0.000,614.000,469.000,5.000,0.000,0.000,0.000,0.100,0.000,0.000,0.900,0.000,2.000,14.860,0.003,0.003,5.000
30.000,113.000,3.767,347.318,258.455,0.000,0.000,0.001,0.003,7.785,18.000,0.000,614.000,469.000,5.000,0.000,0.000,0.000,0.100,0.000,0.000,0.900,0.000,2.000,14.860,0.003,0.003,5.000
30.000,114.000,3.800,347.574,258.498,0.000,0.000,0.001,0.003,7.785,18.000,0.000,614.000,469.000,5.000,0.000,0.000,0.000,0.100,0.000,0.000,0.900,0.000,2.000,14.860,0.003,0.003,5.000
30.000,115.000,3.833,347.947,258.462,0.000,0.000,0.001,0.003,7.785,18.000,0.000,614.000,469.000,5.000,0.000,0.000,0.000,0.100,0.000,0.000,0.900,0.000,2.000,14.860,0.003,0.003,5.000
30.000,116.000,3.867,348.034,258.578,0.000,0.000,0.001,0.003,7.785,18.000,0.000,614.000,469.000,5.000,0.000,0.000,0.000,0.100,0.000,0.000,0.900,0.000,2.000,14.860,0.003,0.003,5.000
30.000,117.000,3.900,348.412,258.707,0.000,0.000,0.001,0.006,7.785,18.000,0.000,614.000,469.000,5.000,0.000,0.000,0.000,0.100,0.000,0.000,0.900,0.000,2.000,7.307,0.006,0.006,5.000
30.000,118.000,3.933,348.502,258.679,0.000,0.000,0.001,0.006,7.785,18.000,0.000,614.000,469.000,5.000,0.000,0.000,0.000,0.100,0.000,0.000,0.900,0.000,2.000,7.307,0.006,0.006,5.000
30.000,119.000,3.967,348.512,258.577,0.000,0.000,0.001,0.006,7.785,18.000,0.000,614.000,469.000,5.000,0.000,0.000,0.000,0.100,0.000,0.000,0.900,0.000,2.000,7.307,0.006,0.006,5.000
30.000,120.000,4.000,348.768,258.518,0.000,0.000,0.001,0.006,7.785,18.000,0.000,614.000,469.000,5.000,0.000,0.000,0.000,0.100,0.000,0.000,0.900,0.000,2.000,7.307,0.006,0.006,5.000
30.000,121.000,4.033,348.725,258.576,0.000,0.000,0.001,0.006,7.785,18.000,0.000,614.000,469.000,5.000,0.000,0.000,0.000,0.100,0.000,0.000,0.900,0.000,2.000,7.307,0.006,0.006,5.000
30.000,122.000,4.067,349.088,258.597,0.000,0.000,0.001,0.006,7.785,18.000,0.000,614.000,469.000,5.000,0.000,0.000,0.000,0.100,0.000,0.000,0.900,0.000,2.000,7.307,0.006,0.006,5.000
30.000,123.000,4.100,349.396,258.839,0.000,0.000,0.001,0.006,7.785,18.000,0.000,614.000,469.000,5.000,0.000,0.000,0.000,0.100,0.000,0.000,0.900,0.000,2.000,7.542,0.006,0.006,5.000
30.000,124.000,4.133,349.533,259.045,0.000,0.000,0.001,0.006,7.785,18.000,0.000,614.000,469.000,5.000,0.000,0.000,0.000,0.100,0.000,0.000,0.900,0.000,2.000,7.542,0.006,0.006,5.000
30.000,125.000,4.167,349.608,259.378,0.000,0.000,0.001,0.006,7.785,18.000,0.000,614.000,469.000,5.000,0.000,0.000,0.000,0.100,0.000,0.000,0.900,0.000,2.000,7.542,0.006,0.006,5.000
30.000,126.000,4.200,349.589,259.504,0.000,0.000,0.001,0.006,7.785,18.000,0.000,614.000,469.000,5.000,0.000,0.000,0.000,0.100,0.000,0.000,0.900,0.000,2.000,7.542,0.006,0.006,5.000
30.000,127.000,4.233,350.180,259.605,0.000,0.000,0.001,0.006,7.785,18.000,0.000,614.000,469.000,5.000,0.000,0.000,0.000,0.100,0.000,0.000,0.900,0.000,2.000,7.542,0.006,0.006,5.000
30.000,128.000,4.267,350.226,259.989,0.000,0.000,0.001,0.006,7.785,18.000,0.000,614.000,469.000,5.000,0.000,0.000,0.000,0.100,0.000,0.000,0.900,0.000,2.000,7.542,0.006,0.006,5.000
30.000,129.000,4.300,350.127,260.370,0.000,0.000,0.001,0.001,7.785,18.000,0.000,614.000,469.000,5.000,0.000,0.000,0.000,0.100,0.000,0.000,0.900,0.000,2.000,17.111,0.001,0.001,5.000
30.000,130.000,4.333,350.436,260.098,0.000,0.000,0.001,0.001,7.785,18.000,0.000,614.000,469.000,5.000,0.000,0.000,0.000,0.100,0.000,0.000,0.900,0.000,2.000,17.111,0.001,0.001,5.000
30.000,131.000,4.367,350.427,260.308,0.000,0.000,0.001,0.001,7.785,18.000,0.000,614.000,469.000,5.000,0.000,0.000,0.000,0.100,0.000,0.000,0.900,0.000,2.000,17.111,0.001,0.001,5.000
30.000,132.000,4.400,350.617,260.394,0.000,0.000,0.001,0.001,7.785,18.000,0.000,614.000,469.000,5.000,0.000,0.000,0.000,0.100,0.000,0.000,0.900,0.000,2.000,17.111,0.001,0.001,5.000
30.000,133.000,4.433,350.981,260.254,0.000,0.000,0.001,0.001,7.785,18.000,0.000,614.000,469.000,5.000,0.000,0.000,0.000,0.100,0.000,0.000,0.900,0.000,2.000,17.111,0.001,0.001,5.000
30.000,134.000,4.467,351.273,260.256,0.000,0.000,0.001,0.001,7.785,18.000,0.000,614.000,469.000,5.000,0.000,0.000,0.000,0.100,0.000,0.000,0.900,0.000,2.000,17.111,0.001,0.001,5.000
30.000,135.000,4.500,351.281,260.427,0.000,0.000,0.001,-0.000,7.785,18.000,0.000,614.000,469.000,5.000,0.000,0.000,0.000,0.100,0.000,0.000,0.900,0.000,2.000,9.895,-0.000,-0.000,5.000
30.000,136.000,4.533,351.501,260.423,0.000,0.000,0.001,-0.000,7.785,18.000,0.000,614.000,469.000,5.000,0.000,0.000,0.000,0.100,0.000,0.000,0.900,0.000,2.000,9.895,-0.000,-0.000,5.000
30.000,137.000,4.567,351.773,260.511,0.000,0.000,0.001,-0.000,7.785,18.000,0.000,614.000,469.000,5.000,0.000,0.000,0.000,0.100,0.000,0.000,0.900,0.000,2.000,9.895,-0.000,-0.000,5.000
30.000,138.000,4.600,351.564,260.526,0.000,0.000,0.001,-0.000,7.785,18.000,0.000,614.000,469.000,5.000,0.000,0.000,0.000,0.100,0.000,0.000,0.900,0.000,2.000,9.895,-0.000,-0.000,5.000
30.000,139.000,4.633,351.568,260.604,0.000,0.000,0.001,-0.000,7.785,18.000,0.000,614.000,469.000,5.000,0.000,0.000,0.000,0.100,0.000,0.000,0.900,0.000,2.000,9.895,-0.000,-0.000,5.000
30.000,140.000,4.667,351.194,260.660,0.000,0.000,0.001,-0.000,7.785,18.000,0.000,614.000,469.000,5.000,0.000,0.000,0.000,0.100,0.000,0.000,0.900,0.000,2.000,9.895,-0.000,-0.000,5.000
30.000,141.000,4.700,351.180,260.677,0.000,0.000,0.001,0.001,7.785,18.000,0.000,614.000,469.000,5.000,0.000,0.000,0.000,0.100,0.000,0.000,0.900,0.000,2.000,6.559,0.001,0.001,5.000
30.000,142.000,4.733,351.262,260.662,0.000,0.000,0.001,0.001,7.785,18.000,0.000,614.000,469.000,5.000,0.000,0.000,0.000,0.100,0.000,0.000,0.900,0.000,2.000,6.559,0.001,0.001,5.000
30.000,143.000,4.767,351.570,260.638,0.000,0.000,0.001,0.001,7.785,18.000,0.000,614.000,469.000,5.000,0.000,0.000,0.000,0.100,0.000,0.000,0.900,0.000,2.000,6.559,0.001,0.001,5.000
30.000,144.000,4.800,351.590,260.737,0.000,0.000,0.001,0.001,7.785,18.000,0.000,614.000,469.000,5.000,0.000,0.000,0.000,0.100,0.000,0.000,0.900,0.000,2.000,6.559,0.001,0.001,5.000
30.000,145.000,4.833,351.617,260.600,0.000,0.000,0.001,0.001,7.785,18.000,0.000,614.000,469.000,5.000,0.000,0.000,0.000,0.100,0.000,0.000,0.900,0.000,2.000,6.559,0.001,0.001,5.000
30.000,146.000,4.867,351.837,260.710,0.000,0.000,0.001,0.001,7.785,18.000,0.000,614.000,469.000,5.000,0.000,0.000,0.000,0.100,0.000,0.000,0.900,0.000,2.000,6.559,0.001,0.001,5.000
30.000,147.000,4.900,351.882,260.776,0.000,0.000,0.001,0.001,7.785,18.000,0.000,614.000,469.000,5.000,0.000,0.000,0.000,0.100,0.000,0.000,0.900,0.000,2.000,0.470,0.001,0.001,5.000
30.000,148.000,4.933,351.998,260.851,0.000,0.000,0.001,0.001,7.785,18.000,0.000,614.000,469.000,5.000,0.000,0.000,0.000,0.100,0.000,0.000,0.900,0.000,2.000,0.470,0.001,0.001,5.000
30.000,149.000,4.967,352.389,261.401,0.000,0.000,0.001,0.001,7.785,18.000,0.000,614.000,469.000,5.000,0.000,0.000,0.000,0.100,0.000,0.000,0.900,0.000,2.000,0.470,0.001,0.001,5.000
30.000,150.000,5.000,352.275,261.441,0.000,0.000,0.001,0.001,7.785,18.000,0.000,614.000,469.000,5.000,0.000,0.000,0.000,0.100,0.000,0.000,0.900,0.000,2.000,0.470,0.001,0.001,5.000
30.000,151.000,5.033,352.464,261.506,0.000,0.000,0.001,0.001,7.785,18.000,0.000,614.000,469.000,5.000,0.000,0.000,0.000,0.100,0.000,0.000,0.900,0.000,2.000,0.470,0.001,0.001,5.000
30.000,152.000,5.067,352.513,261.523,0.000,0.000,0.001,0.001,7.785,18.000,0.000,614.000,469.000,5.000,0.000,0.000,0.000,0.100,0.000,0.000,0.900,0.000,2.000,0.470,0.001,0.001,5.000
30.000,153.000,5.100,352.411,261.550,0.000,0.000,0.001,-0.003,7.785,18.000,0.000,614.000,469.000,5.000,0.000,0.000,0.000,0.100,0.000,0.000,0.900,0.000,2.000,11.912,-0.003,-0.003,5.000
30.000,154.000,5.133,352.557,261.724,0.000,0.000,0.001,-0.003,7.785,18.000,0.000,614.000,469.000,5.000,0.000,0.000,0.000,0.100,0.000,0.000,0.900,0.000,2.000,11.912,-0.003,-0.003,5.000
30.010,155.000,5.165,352.800,261.865,0.000,0.000,0.001,-0.003,7.785,18.000,0.000,614.000,469.000,5.000,0.000,0.000,0.000,0.100,0.000,0.000,0.900,0.000,2.000,11.912,-0.003,-0.003,5.000
30.010,156.000,5.198,353.079,261.940,0.000,0.000,0.001,-0.003,7.785,18.000,0.000,614.000,469.000,5.000,0.000,0.000,0.000,0.100,0.000,0.000,0.900,0.000,2.000,11.912,-0.003,-0.003,5.000
30.010,157.000,5.232,353.181,262.280,0.000,0.000,0.001,-0.003,7.785,18.000,0.000,614.000,469.000,5.000,0.000,0.000,0.000,0.100,0.000,0.000,0.900,0.000,2.000,11.912,-0.003,-0.003,5.000
30.010,158.000,5.265,353.088,262.435,0.000,0.000,0.001,-0.003,7.785,18.000,0.000,614.000,469.000,5.000,0.000,0.000,0.000,0.100,0.000,0.000,0.900,0.000,2.000,11.912,-0.003,-0.003,5.000
30.010,159.000,5.298,352.947,262.580,0.000,0.000,0.001,-0.002,7.785,18.000,0.000,614.000,469.000,5.000,0.000,0.000,0.000,0.100,0.000,0.000,0.900,0.000,2.000,10.130,-0.002,-0.002,5.000
30.010,160.000,5.332,352.871,262.758,0.000,0.000,0.001,-0.002,7.785,18.000,0.000,614.000,469.000,5.000,0.000,0.000,0.000,0.100,0.000,0.000,0.900,0.000,2.000,10.130,-0.002,-0.002,5.000
30.010,161.000,5.365,352.966,262.788,0.000,0.000,0.001,-0.002,7.785,18.000,0.000,614.000,469.000,5.000,0.000,0.000,0.000,0.100,0.000,0.000,0.900,0.000,2.000,10.130,-0.002,-0.002,5.000
30.010,162.000,5.398,352.983,262.874,0.000,0.000,0.001,-0.002,7.785,18.000,0.000,614.000,469.000,5.000,0.000,0.000,0.000,0.100,0.000,0.000,0.900,0.000,2.000,10.130,-0.002,-0.002,5.000
30.010,163.000,5.432,353.054,263.108,0.000,0.000,0.001,-0.002,7.785,18.000,0.000,614.000,469.000,5.000,0.000,0.000,0.000,0.100,0.000,0.000,0.900,0.000,2.000,10.130,-0.002,-0.002,5.000
30.010,164.000,5.465,353.050,262.950,0.000,0.000,0.001,-0.002,7.785,18.000,0.000,614.000,469.000,5.000,0.000,0.000,0.000,0.100,0.000,0.000,0.900,0.000,2.000,10.130,-0.002,-0.002,5.000
30.010,165.000,5.498,352.942,262.879,0.000,0.000,0.001,-0.011,7.785,18.000,0.000,614.000,469.000,5.000,0.000,0.000,0.000,0.100,0.000,0.000,0.900,0.000,2.000,8.042,-0.011,-0.011,5.000
30.010,166.000,5.532,353.343,262.970,0.000,0.000,0.001,-0.011,7.785,18.000,0.000,614.000,469.000,5.000,0.000,0.000,0.000,0.100,0.000,0.000,0.900,0.000,2.000,8.042,-0.011,-0.011,5.000
30.010,167.000,5.565,353.785,263.424,0.000,0.000,0.001,-0.011,7.785,18.000,0.000,614.000,469.000,5.000,0.000,0.000,0.000,0.100,0.000,0.000,0.900,0.000,2.000,8.042,-0.011,-0.011,5.000
30.010,168.000,5.598,354.013,263.511,0.000,0.000,0.001,-0.011,7.785,18.000,0.000,614.000,469.000,5.000,0.000,0.000,0.000,0.100,0.000,0.000,0.900,0.000,2.000,8.042,-0.011,-0.011,5.000
30.010,169.000,5.632,353.913,263.359,0.000,0.000,0.001,-0.011,7.785,18.000,0.000,614.000,469.000,5.000,0.000,0.000,0.000,0.100,0.000,0.000,0.900,0.000,2.000,8.042,-0.011,-0.011,5.000
30.010,170.000,5.665,353.927,263.570,0.000,0.000,0.001,-0.011,7.785,18.000,0.000,614.000,469.000,5.000,0.000,0.000,0.000,0.100,0.000,0.000,0.900,0.000,2.000,8.042,-0.011,-0.011,5.000
30.010,171.000,5.698,353.975,263.635,0.000,0.000,0.001,0.005,7.785,18.000,0.000,614.000,469.000,5.000,0.000,0.000,0.000,0.100,0.000,0.000,0.900,0.000,2.000,8.589,0.005,0.005,5.000
30.010,172.000,5.731,354.177,263.672,0.000,0.000,0.001,0.005,7.785,18.000,0.000,614.000,469.000,5.000,0.000,0.000,0.000,0.100,0.000,0.000,0.900,0.000,2.000,8.589,0.005,0.005,5.000
30.010,173.000,5.765,354.389,263.577,0.000,0.000,0.001,0.005,7.785,18.000,0.000,614.000,469.000,5.000,0.000,0.000,0.000,0.100,0.000,0.000,0.900,0.000,2.000,8.589,0.005,0.005,5.000
30.010,174.000,5.798,354.585,263.682,0.000,0.000,0.001,0.005,7.785,18.000,0.000,614.000,469.000,5.000,0.000,0.000,0.000,0.100,0.000,0.000,0.900,0.000,2.000,8.589,0.005,0.005,5.000
30.010,175.000,5.831,354.643,263.794,0.000,0.000,0.001,0.005,7.785,18.000,0.000,614.000,469.000,5.000,0.000,0.000,0.000,0.100,0.000,0.000,0.900,0.000,2.000,8.589,0.005,0.005,5.000
30.010,176.000,5.865,354.634,263.966,0.000,0.000,0.001,0.005,7.785,18.000,0.000,614.000,469.000,5.000,0.000,0.000,0.000,0.100,0.000,0.000,0.900,0.000,2.000,8.589,0.005,0.005,5.000
30.010,177.000,5.898,354.809,264.138,0.000,0.000,0.001,0.002,7.785,18.000,0.000,614.000,469.000,5.000,0.000,0.000,0.000,0.100,0.000,0.000,0.900,0.000,2.000,8.154,0.002,0.002,5.000
30.010,178.000,5.931,355.165,263.963,0.000,0.000,0.001,0.002,7.785,18.000,0.000,614.000,469.000,5.000,0.000,0.000,0.000,0.100,0.000,0.000,0.900,0.000,2.000,8.154,0.002,0.002,5.000
30.010,179.000,5.965,355.477,263.996,0.000,0.000,0.001,0.002,7.785,18.000,0.000,614.000,469.000,5.000,0.000,0.000,0.000,0.100,0.000,0.000,0.900,0.000,2.000,8.154,0.002,0.002,5.000
30.010,180.000,5.998,355.535,264.161,0.000,0.000,0.001,0.002,7.785,18.000,0.000,614.000,469.000,5.000,0.000,0.000,0.000,0.100,0.000,0.000,0.900,0.000,2.000,8.154,0.002,0.002,5.000
30.010,181.000,6.031,355.516,264.048,0.000,0.000,0.001,0.002,7.785,18.000,0.000,614.000,469.000,5.000,0.000,0.000,0.000,0.100,0.000,0.000,0.900,0.000,2.000,8.154,0.002,0.002,5.000
30.010,182.000,6.065,355.440,263.974,0.000,0.000,0.001,0.002,7.785,18.000,0.000,614.000,469.000,5.000,0.000,0.000,0.000,0.100,0.000,0.000,0.900,0.000,2.000,8.154,0.002,0.002,5.000
30.010,183.000,6.098,355.551,263.925,0.000,0.000,0.001,0.005,7.785,18.000,0.000,614.000,469.000,5.000,0.000,0.000,0.000,0.100,0.000,0.000,0.900,0.000,2.000,8.734,0.005,0.005,5.000
30.010,184.000,6.131,355.925,264.107,0.000,0.000,0.001,0.005,7.785,18.000,0.000,614.000,469.000,5.000,0.000,0.000,0.000,0.100,0.000,0.000,0.900,0.000,2.000,8.734,0.005,0.005,5.000
30.000,185.000,6.167,356.030,264.254,0.000,0.000,0.001,0.005,7.785,18.000,0.000,614.000,469.000,5.000,0.000,0.000,0.000,0.100,0.000,0.000,0.900,0.000,2.000,8.734,0.005,0.005,5.000
30.000,186.000,6.200,356.159,263.950,0.000,0.000,0.001,0.005,7.785,18.000,0.000,614.000,469.000,5.000,0.000,0.000,0.000,0.100,0.000,0.000,0.900,0.000,2.000,8.734,0.005,0.005,5.000
30.000,187.000,6.233,356.162,264.164,0.000,0.000,0.001,0.005,7.785,18.000,0.000,614.000,469.000,5.000,0.000,0.000,0.000,0.100,0.000,0.000,0.900,0.000,2.000,8.734,0.005,0.005,5.000
30.000,188.000,6.267,356.193,264.239,0.000,0.000,0.001,0.005,7.785,18.000,0.000,614.000,469.000,5.000,0.000,0.000,0.000,0.100,0.000,0.000,0.900,0.000,2.000,8.734,0.005,0.005,5.000
30.000,189.000,6.300,356.097,264.410,0.000,0.000,0.001,0.005,7.785,18.000,0.000,614.000,469.000,5.000,0.000,0.000,0.000,0.100,0.000,0.000,0.900,0.000,2.000,6.299,0.005,0.005,5.000
30.000,190.000,6.333,356.247,264.588,0.000,0.000,0.001,0.005,7.785,18.000,0.000,614.000,469.000,5.000,0.000,0.000,0.000,0.100,0.000,0.000,0.900,0.000,2.000,6.299,0.005,0.005,5.000
30.000,191.000,6.367,356.483,264.594,0.000,0.000,0.001,0.005,7.785,18.000,0.000,614.000,469.000,5.000,0.000,0.000,0.000,0.100,0.000,0.000,0.900,0.000,2.000,6.299,0.005,0.005,5.000
30.000,192.000,6.400,356.510,264.694,0.000,0.000,0.001,0.005,7.785,18.000,0.000,614.000,469.000,5.000,0.000,0.000,0.000,0.100,0.000,0.000,0.900,0.000,2.000,6.299,0.005,0.005,5.000
30.000,193.000,6.433,356.482,264.591,0.000,0.000,0.001,0.005,7.785,18.000,0.000,614.000,469.000,5.000,0.000,0.000,0.000,0.100,0.000,0.000,0.900,0.000,2.000,6.299,0.005,0.005,5.000
30.000,194.000,6.467,356.701,264.466,0.000,0.000,0.001,0.005,7.785,18.000,0.000,614.000,469.000,5.000,0.000,0.000,0.000,0.100,0.000,0.000,0.900,0.000,2.000,6.299,0.005,0.005,5.000
30.000,195.000,6.500,356.811,264.674,0.000,0.000,0.001,-0.002,7.785,18.000,0.000,614.000,469.000,5.000,0.000,0.000,0.000,0.100,0.000,0.000,0.900,0.000,2.000,5.121,-0.002,-0.002,5.000
30.000,196.000,6.533,357.034,264.607,0.000,0.000,0.001,-0.002,7.785,18.000,0.000,614.000,469.000,5.000,0.000,0.000,0.000,0.100,0.000,0.000,0.900,0.000,2.000,5.121,-0.002,-0.002,5.000
30.000,197.000,6.567,357.374,264.785,0.000,0.000,0.001,-0.002,7.785,18.000,0.000,614.000,469.000,5.000,0.000,0.000,0.000,0.100,0.000,0.000,0.900,0.000,2.000,5.121,-0.002,-0.002,5.000
30.000,198.000,6.600,357.486,264.747,0.000,0.000,0.001,-0.002,7.785,18.000,0.000,614.000,469.000,5.000,0.000,0.000,0.000,0.100,0.000,0.000,0.900,0.000,2.000,5.121,-0.002,-0.002,5.000
30.000,199.000,6.633,357.475,264.766,0.000,0.000,0.001,-0.002,7.785,18.000,0.000,614.000,469.000,5.000,0.000,0.000,0.000,0.100,0.000,0.000,0.900,0.000,2.000,5.121,-0.002,-0.002,5.000
30.000,200.000,6.667,357.374,264.987,0.000,0.000,0.001,-0.002,7.785,18.000,0.000,614.000,469.000,5.000,0.000,0.000,0.000,0.100,0.000,0.000,0.900,0.000,2.000,5.121,-0.002,-0.002,5.000
30.000,201.000,6.700,357.624,265.154,0.000,0.000,0.001,0.007,7.785,18.000,0.000,614.000,469.000,5.000,0.000,0.000,0.000,0.100,0.000,0.000,0.900,0.000,2.000,9.683,0.007,0.007,5.000
30.000,202.000,6.733,358.052,265.032,0.000,0.000,0.001,0.007,7.785,18.000,0.000,614.000,469.000,5.000,0.000,0.000,0.000,0.100,0.000,0.000,0.900,0.000,2.000,9.683,0.007,0.007,5.000
30.000,203.000,6.767,358.100,265.297,0.000,0.000,0.001,0.007,7.785,18.000,0.000,614.000,469.000,5.000,0.000,0.000,0.000,0.100,0.000,0.000,0.900,0.000,2.000,9.683,0.007,0.007,5.000
30.000,204.000,6.800,358.209,265.397,0.000,0.000,0.001,0.007,7.785,18.000,0.000,614.000,469.000,5.000,0.000,0.000,0.000,0.100,0.000,0.000,0.900,0.000,2.000,9.683,0.007,0.007,5.000
30.000,205.000,6.833,358.407,265.514,0.000,0.000,0.001,0.007,7.785,18.000,0.000,614.000,469.000,5.000,0.000,0.000,0.000,0.100,0.000,0.000,0.900,0.000,2.000,9.683,0.007,0.007,5.000
30.000,206.000,6.867,358.432,265.788,0.000,0.000,0.001,0.007,7.785,18.000,0.000,614.000,469.000,5.000,0.000,0.000,0.000,0.100,0.000,0.000,0.900,0.000,2.000,9.683,0.007,0.007,5.000
30.000,207.000,6.900,358.323,265.775,0.000,0.000,0.001,-0.000,7.785,18.000,0.000,614.000,469.000,5.000,0.000,0.000,0.000,0.100,0.000,0.000,0.900,0.000,2.000,11.471,-0.000,-0.000,5.000
30.000,208.000,6.933,358.666,265.934,0.000,0.000,0.001,-0.000,7.785,18.000,0.000,614.000,469.000,5.000,0.000,0.000,0.000,0.100,0.000,0.000,0.900,0.000,2.000,11.471,-0.000,-0.000,5.000
30.000,209.000,6.967,358.896,266.280,0.000,0.000,0.001,-0.000,7.785,18.000,0.000,614.000,469.000,5.000,0.000,0.000,0.000,0.100,0.000,0.000,0.900,0.000,2.000,11.471,-0.000,-0.000,5.000
30.000,210.000,7.000,359.206,266.500,0.000,0.000,0.001,-0.000,7.785,18.000,0.000,614.000,469.000,5.000,0.000,0.000,0.000,0.100,0.000,0.000,0.900,0.000,2.000,11.471,-0.000,-0.000,5.000
30.000,211.000,7.033,359.470,266.655,0.000,0.000,0.001,-0.000,7.785,18.000,0.000,614.000,469.000,5.000,0.000,0.000,0.000,0.100,0.000,0.000,0.900,0.000,2.000,11.471,-0.000,-0.000,5.000
30.000,212.000,7.067,359.316,266.692,0.000,0.000,0.001,-0.000,7.785,18.000,0.000,614.000,469.000,5.000,0.000,0.000,0.000,0.100,0.000,0.000,0.900,0.000,2.000,11.471,-0.000,-0.000,5.000
30.000,213.000,7.100,359.567,267.090,0.000,0.000,0.001,-0.004,7.785,18.000,0.000,614.000,469.000,5.000,0.000,0.000,0.000,0.100,0.000,0.000,0.900,0.000,2.000,14.968,-0.004,-0.004,5.000
30.000,214.000,7.133,359.691,267.196,0.000,0.000,0.001,-0.004,7.785,18.000,0.000,614.000,469.000,5.000,0.000,0.000,0.000,0.100,0.000,0.000,0.900,0.000,2.000,14.968,-0.004,-0.004,5.000
30.000,215.000,7.167,360.137,267.382,0.000,0.000,0.001,-0.004,7.785,18.000,0.000,614.000,469.000,5.000,0.000,0.000,0.000,0.100,0.000,0.000,0.900,0.000,2.000,14.968,-0.004,-0.004,5.000
30.000,216.000,7.200,360.514,267.360,0.000,0.000,0.001,-0.004,7.785,18.000,0.000,614.000,469.000,5.000,0.000,0.000,0.000,0.100,0.000,0.000,0.900,0.000,2.000,14.968,-0.004,-0.004,5.000
30.000,217.000,7.233,360.533,266.989,0.000,0.000,0.001,-0.004,7.785,18.000,0.000,614.000,469.000,5.000,0.000,0.000,0.000,0.100,0.000,0.000,0.900,0.000,2.000,14.968,-0.004,-0.004,5.000
30.000,218.000,7.267,360.491,267.271,0.000,0.000,0.001,-0.004,7.785,18.000,0.000,614.000,469.000,5.000,0.000,0.000,0.000,0.100,0.000,0.000,0.900,0.000,2.000,14.968,-0.004,-0.004,5.000
30.000,219.000,7.300,360.347,267.274,0.000,0.000,0.001,0.006,7.785,18.000,0.000,614.000,469.000,5.000,0.000,0.000,0.000,0.100,0.000,0.000,0.900,0.000,2.000,10.703,0.006,0.006,5.000
30.000,220.000,7.333,360.251,267.584,0.000,0.000,0.001,0.006,7.785,18.000,0.000,614.000,469.000,5.000,0.000,0.000,0.000,0.100,0.000,0.000,0.900,0.000,2.000,10.703,0.006,0.006,5.000
30.000,221.000,7.367,360.472,267.569,0.000,0.000,0.001,0.006,7.785,18.000,0.000,614.000,469.000,5.000,0.000,0.000,0.000,0.100,0.000,0.000,0.900,0.000,2.000,10.703,0.006,0.006,5.000
30.000,222.000,7.400,360.716,267.626,0.000,0.000,0.001,0.006,7.785,18.000,0.000,614.000,469.000,5.000,0.000,0.000,0.000,0.100,0.000,0.000,0.900,0.000,2.000,10.703,0.006,0.006,5.000
30.000,223.000,7.433,360.600,267.728,0.000,0.000,0.001,0.006,7.785,18.000,0.000,614.000,469.000,5.000,0.000,0.000,0.000,0.100,0.000,0.000,0.900,0.000,2.000,10.703,0.006,0.006,5.000
30.000,224.000,7.467,360.857,267.972,0.000,0.000,0.001,0.006,7.785,18.000,0.000,614.000,469.000,5.000,0.000,0.000,0.000,0.100,0.000,0.000,0.900,0.000,2.000,10.703,0.006,0.006,5.000
30.000,225.000,7.500,361.020,268.129,0.000,0.000,0.001,-0.008,7.785,18.000,0.000,614.000,469.000,5.000,0.000,0.000,0.000,0.100,0.000,0.000,0.900,0.000,2.000,7.121,-0.008,-0.008,5.000
30.000,226.000,7.533,361.150,268.268,0.000,0.000,0.001,-0.008,7.785,18.000,0.000,614.000,469.000,5.000,0.000,0.000,0.000,0.100,0.000,0.000,0.900,0.000,2.000,7.121,-0.008,-0.008,5.000
30.000,227.000,7.567,361.325,268.338,0.000,0.000,0.001,-0.008,7.785,18.000,0.000,614.000,469.000,5.000,0.000,0.000,0.000,0.100,0.000,0.000,0.900,0.000,2.000,7.121,-0.008,-0.008,5.000
30.000,228.000,7.600,361.561,268.448,0.000,0.000,0.001,-0.008,7.785,18.000,0.000,614.000,469.000,5.000,0.000,0.000,0.000,0.100,0.000,0.000,0.900,0.000,2.000,7.121,-0.008,-0.008,5.000
30.000,229.000,7.633,361.780,268.487,0.000,0.000,0.001,-0.008,7.785,18.000,0.000,614.000,469.000,5.000,0.000,0.000,0.000,0.100,0.000,0.000,0.900,0.000,2.000,7.121,-0.008,-0.008,5.000
30.000,230.000,7.667,361.871,268.481,0.000,0.000,0.001,-0.008,7.785,18.000,0.000,614.000,469.000,5.000,0.000,0.000,0.000,0.100,0.000,0.000,0.900,0.000,2.000,7.121,-0.008,-0.008,5.000
30.000,231.000,7.700,361.959,268.424,0.000,0.000,0.001,0.002,7.785,18.000,0.000,614.000,469.000,5.000,0.000,0.000,0.000,0.100,0.000,0.000,0.900,0.000,2.000,13.474,0.002,0.002,5.000
30.000,232.000,7.733,362.051,268.600,0.000,0.000,0.001,0.002,7.785,18.000,0.000,614.000,469.000,5.000,0.000,0.000,0.000,0.100,0.000,0.000,0.900,0.000,2.000,13.474,0.002,0.002,5.000
30.000,233.000,7.767,362.274,268.824,0.000,0.000,0.001,0.002,7.785,18.000,0.000,614.000,469.000,5.000,0.000,0.000,0.000,0.100,0.000,0.000,0.900,0.000,2.000,13.474,0.002,0.002,5.000
30.000,234.000,7.800,362.307,268.950,0.000,0.000,0.001,0.002,7.785,18.000,0.000,614.000,469.000,5.000,0.000,0.000,0.000,0.100,0.000,0.000,0.900,0.000,2.000,13.474,0.002,0.002,5.000
30.000,235.000,7.833,362.335,268.914,0.000,0.000,0.001,0.002,7.785,18.000,0.000,614.000,469.000,5.000,0.000,0.000,0.000,0.100,0.000,0.000,0.900,0.000,2.000,13.474,0.002,0.002,5.000
30.000,236.000,7.867,362.693,268.991,0.000,0.000,0.001,0.002,7.785,18.000,0.000,614.000,469.000,5.000,0.000,0.000,0.000,0.100,0.000,0.000,0.900,0.000,2.000,13.474,0.002,0.002,5.000
30.000,237.000,7.900,362.659,269.082,0.000,0.000,0.001,0.000,7.785,18.000,0.000,614.000,469.000,5.000,0.000,0.000,0.000,0.100,0.000,0.000,0.900,0.000,2.000,6.717,0.000,0.000,5.000
30.000,238.000,7.933,362.755,269.323,0.000,0.000,0.001,0.000,7.785,18.000,0.000,614.000,469.000,5.000,0.000,0.000,0.000,0.100,0.000,0.000,0.900,0.000,2.000,6.717,0.000,0.000,5.000
30.000,239.000,7.967,362.877,269.551,0.000,0.000,0.001,0.000,7.785,18.000,0.000,614.000,469.000,5.000,0.000,0.000,0.000,0.100,0.000,0.000,0.900,0.000,2.000,6.717,0.000,0.000,5.000
30.000,240.000,8.000,363.043,269.700,0.000,0.000,0.001,0.000,7.785,18.000,0.000,614.000,469.000,5.000,0.000,0.000,0.000,0.100,0.000,0.000,0.900,0.000,2.000,6.717,0.000,0.000,5.000
30.000,241.000,8.033,363.160,269.731,0.000,0.000,0.001,0.000,7.785,18.000,0.000,614.000,469.000,5.000,0.000,0.000,0.000,0.100,0.000,0.000,0.900,0.000,2.000,6.717,0.000,0.000,5.000
30.000,242.000,8.067,363.627,269.829,0.000,0.000,0.001,0.000,7.785,18.000,0.000,614.000,469.000,5.000,0.000,0.000,0.000,0.100,0.000,0.000,0.900,0.000,2.000,6.717,0.000,0.000,5.000
30.000,243.000,8.100,364.013,269.571,0.000,0.000,0.001,-0.002,7.785,18.000,0.000,614.000,469.000,5.000,0.000,0.000,0.000,0.100,0.000,0.000,0.900,0.000,2.000,11.151,-0.002,-0.002,5.000
30.000,244.000,8.133,363.998,269.730,0.000,0.000,0.001,-0.002,7.785,18.000,0.000,614.000,469.000,5.000,0.000,0.000,0.000,0.100,0.000,0.000,0.900,0.000,2.000,11.151,-0.002,-0.002,5.000
29.970,245.000,8.175,364.069,269.731,0.000,0.000,0.001,-0.002,7.785,18.000,0.000,614.000,469.000,5.000,0.000,0.000,0.000,0.100,0.000,0.000,0.900,0.000,2.000,11.151,-0.002,-0.002,5.000
29.970,246.000,8.208,364.127,269.873,0.000,0.000,0.001,-0.002,7.785,18.000,0.000,614.000,469.000,5.000,0.000,0.000,0.000,0.100,0.000,0.000,0.900,0.000,2.000,11.151,-0.002,-0.002,5.000
29.970,247.000,8.242,364.194,270.013,0.000,0.000,0.001,-0.002,7.785,18.000,0.000,614.000,469.000,5.000,0.000,0.000,0.000,0.100,0.000,0.000,0.900,0.000,2.000,11.151,-0.002,-0.002,5.000
29.970,248.000,8.275,364.721,270.212,0.000,0.000,0.001,-0.002,7.785,18.000,0.000,614.000,469.000,5.000,0.000,0.000,0.000,0.100,0.000,0.000,0.900,0.000,2.000,11.151,-0.002,-0.002,5.000
29.970,249.000,8.308,365.063,270.209,0.000,0.000,0.001,0.007,7.785,18.000,0.000,614.000,469.000,5.000,0.000,0.000,0.000,0.100,0.000,0.000,0.900,0.000,2.000,10.287,0.007,0.007,5.000
29.970,250.000,8.342,365.208,270.232,0.000,0.000,0.001,0.007,7.785,18.000,0.000,614.000,469.000,5.000,0.000,0.000,0.000,0.100,0.000,0.000,0.900,0.000,2.000,10.287,0.007,0.007,5.000
29.970,251.000,8.375,365.356,270.432,0.000,0.000,0.001,0.007,7.785,18.000,0.000,614.000,469.000,5.000,0.000,0.000,0.000,0.100,0.000,0.000,0.900,0.000,2.000,10.287,0.007,0.007,5.000
29.970,252.000,8.408,365.277,270.500,0.000,0.000,0.001,0.007,7.785,18.000,0.000,614.000,469.000,5.000,0.000,0.000,0.000,0.100,0.000,0.000,0.900,0.000,2.000,10.287,0.007,0.007,5.000
29.970,253.000,8.442,365.548,270.636,0.000,0.000,0.001,0.007,7.785,18.000,0.000,614.000,469.000,5.000,0.000,0.000,0.000,0.100,0.000,0.000,0.900,0.000,2.000,10.287,0.007,0.007,5.000
29.970,254.000,8.475,366.060,270.606,0.000,0.000,0.001,0.007,7.785,18.000,0.000,614.000,469.000,5.000,0.000,0.000,0.000,0.100,0.000,0.000,0.900,0.000,2.000,10.287,0.007,0.007,5.000
29.970,255.000,8.508,366.158,270.614,0.000,0.000,0.001,0.006,7.785,18.000,0.000,614.000,469.000,5.000,0.000,0.000,0.000,0.100,0.000,0.000,0.900,0.000,2.000,14.310,0.006,0.006,5.000
29.970,256.000,8.542,366.341,270.528,0.000,0.000,0.001,0.006,7.785,18.000,0.000,614.000,469.000,5.000,0.000,0.000,0.000,0.100,0.000,0.000,0.900,0.000,2.000,14.310,0.006,0.006,5.000
29.970,257.000,8.575,366.469,270.656,0.000,0.000,0.001,0.006,7.785,18.000,0.000,614.000,469.000,5.000,0.000,0.000,0.000,0.100,0.000,0.000,0.900,0.000,2.000,14.310,0.006,0.006,5.000
29.970,258.000,8.609,366.392,270.719,0.000,0.000,0.001,0.006,7.785,18.000,0.000,614.000,469.000,5.000,0.000,0.000,0.000,0.100,0.000,0.000,0.900,0.000,2.000,14.310,0.006,0.006,5.000
29.970,259.000,8.642,366.692,271.011,0.000,0.000,0.001,0.006,7.785,18.000,0.000,614.000,469.000,5.000,0.000,0.000,0.000,0.100,0.000,0.000,0.900,0.000,2.000,14.310,0.006,0.006,5.000
29.970,260.000,8.675,366.610,271.466,0.000,0.000,0.001,0.006,7.785,18.000,0.000,614.000,469.000,5.000,0.000,0.000,0.000,0.100,0.000,0.000,0.900,0.000,2.000,14.310,0.006,0.006,5.000
29.970,261.000,8.709,366.892,271.568,0.000,0.000,0.001,0.007,7.785,18.000,0.000,614.000,469.000,5.000,0.000,0.000,0.000,0.100,0.000,0.000,0.900,0.000,2.000,11.552,0.007,0.007,5.000
29.970,262.000,8.742,366.944,271.842,0.000,0.000,0.001,0.007,7.785,18.000,0.000,614.000,469.000,5.000,0.000,0.000,0.000,0.100,0.000,0.000,0.900,0.000,2.000,11.552,0.007,0.007,5.000
29.970,263.000,8.775,366.770,271.870,0.000,0.000,0.001,0.007,7.785,18.000,0.000,614.000,469.000,5.000,0.000,0.000,0.000,0.100,0.000,0.000,0.900,0.000,2.000,11.552,0.007,0.007,5.000
29.970,264.000,8.809,366.743,271.920,0.000,0.000,0.001,0.007,7.785,18.000,0.000,614.000,469.000,5.000,0.000,0.000,0.000,0.100,0.000,0.000,0.900,0.000,2.000,11.552,0.007,0.007,5.000
29.970,265.000,8.842,367.024,272.140,0.000,0.000,0.001,0.007,7.785,18.000,0.000,614.000,469.000,5.000,0.000,0.000,0.000,0.100,0.000,0.000,0.900,0.000,2.000,11.552,0.007,0.007,5.000
29.970,266.000,8.876,367.164,272.466,0.000,0.000,0.001,0.007,7.785,18.000,0.000,614.000,469.000,5.000,0.000,0.000,0.000,0.100,0.000,0.000,0.900,0.000,2.000,11.552,0.007,0.007,5.000
29.970,267.000,8.909,367.223,272.403,0.000,0.000,0.001,-0.011,7.785,18.000,0.000,614.000,469.000,5.000,0.000,0.000,0.000,0.100,0.000,0.000,0.900,0.000,2.000,11.299,-0.011,-0.011,5.000
29.970,268.000,8.942,367.325,272.479,0.000,0.000,0.001,-0.011,7.785,18.000,0.000,614.000,469.000,5.000,0.000,0.000,0.000,0.100,0.000,0.000,0.900,0.000,2.000,11.299,-0.011,-0.011,5.000
29.970,269.000,8.976,367.253,272.609,0.000,0.000,0.001,-0.011,7.785,18.000,0.000,614.000,469.000,5.000,0.000,0.000,0.000,0.100,0.000,0.000,0.900,0.000,2.000,11.299,-0.011,-0.011,5.000
29.970,270.000,9.009,367.308,272.537,0.000,0.000,0.001,-0.011,7.785,18.000,0.000,614.000,469.000,5.000,0.000,0.000,0.000,0.100,0.000,0.000,0.900,0.000,2.000,11.299,-0.011,-0.011,5.000
29.970,271.000,9.042,367.401,272.567,0.000,0.000,0.001,-0.011,7.785,18.000,0.000,614.000,469.000,5.000,0.000,0.000,0.000,0.100,0.000,0.000,0.900,0.000,2.000,11.299,-0.011,-0.011,5.000
29.970,272.000,9.076,367.685,272.590,0.000,0.000,0.001,-0.011,7.785,18.000,0.000,614.000,469.000,5.000,0.000,0.000,0.000,0.100,0.000,0.000,0.900,0.000,2.000,11.299,-0.011,-0.011,5.000
29.970,273.000,9.109,368.062,272.634,0.000,0.000,0.001,-0.002,7.785,18.000,0.000,614.000,469.000,5.000,0.000,0.000,0.000,0.100,0.000,0.000,0.900,0.000,2.000,5.468,-0.002,-0.002,5.000
29.970,274.000,9.142,368.140,272.718,0.000,0.000,0.001,-0.002,7.785,18.000,0.000,614.000,469.000,5.000,0.000,0.000,0.000,0.100,0.000,0.000,0.900,0.000,2.000,5.468,-0.002,-0.002,5.000
29.970,275.000,9.176,368.163,273.163,0.000,0.000,0.001,-0.002,7.785,18.000,0.000,614.000,469.000,5.000,0.000,0.000,0.000,0.100,0.000,0.000,0.900,0.000,2.000,5.468,-0.002,-0.002,5.000
30.010,276.000,9.197,368.138,273.100,0.000,0.000,0.001,-0.002,7.785,18.000,0.000,614.000,469.000,5.000,0.000,0.000,0.000,0.100,0.000,0.000,0.900,0.000,2.000,5.468,-0.002,-0.002,5.000
30.010,277.000,9.230,368.093,272.693,0.000,0.000,0.001,-0.002,7.785,18.000,0.000,614.000,469.000,5.000,0.000,0.000,0.000,0.100,0.000,0.000,0.900,0.000,2.000,5.468,-0.002,-0.002,5.000
30.010,278.000,9.264,368.047,272.637,0.000,0.000,0.001,-0.002,7.785,18.000,0.000,614.000,469.000,5.000,0.000,0.000,0.000,0.100,0.000,0.000,0.900,0.000,2.000,5.468,-0.002,-0.002,5.000
30.010,279.000,9.297,368.479,272.449,0.000,0.000,0.001,0.005,7.785,18.000,0.000,614.000,469.000,5.000,0.000,0.000,0.000,0.100,0.000,0.000,0.900,0.000,2.000,6.750,0.005,0.005,5.000
30.010,280.000,9.330,368.621,272.591,0.000,0.000,0.001,0.005,7.785,18.000,0.000,614.000,469.000,5.000,0.000,0.000,0.000,0.100,0.000,0.000,0.900,0.000,2.000,6.750,0.005,0.005,5.000
30.010,281.000,9.364,368.711,272.685,0.000,0.000,0.001,0.005,7.785,18.000,0.000,614.000,469.000,5.000,0.000,0.000,0.000,0.100,0.000,0.000,0.900,0.000,2.000,6.750,0.005,0.005,5.000
30.010,282.000,9.397,368.761,272.817,0.000,0.000,0.001,0.005,7.785,18.000,0.000,614.000,469.000,5.000,0.000,0.000,0.000,0.100,0.000,0.000,0.900,0.000,2.000,6.750,0.005,0.005,5.000
30.010,283.000,9.430,368.806,272.969,0.000,0.000,0.001,0.005,7.785,18.000,0.000,614.000,469.000,5.000,0.000,0.000,0.000,0.100,0.000,0.000,0.900,0.000,2.000,6.750,0.005,0.005,5.000
30.010,284.000,9.464,368.967,273.013,0.000,0.000,0.001,0.005,7.785,18.000,0.000,614.000,469.000,5.000,0.000,0.000,0.000,0.100,0.000,0.000,0.900,0.000,2.000,6.750,0.005,0.005,5.000
30.010,285.000,9.497,369.298,273.253,0.000,0.000,0.001,0.004,7.785,18.000,0.000,614.000,469.000,5.000,0.000,0.000,0.000,0.100,0.000,0.000,0.900,0.000,2.000,7.342,0.004,0.004,5.000
30.010,286.000,9.530,369.260,273.421,0.000,0.000,0.001,0.004,7.785,18.000,0.000,614.000,469.000,5.000,0.000,0.000,0.000,0.100,0.000,0.000,0.900,0.000,2.000,7.342,0.004,0.004,5.000
30.010,287.000,9.564,369.602,273.225,0.000,0.000,0.001,0.004,7.785,18.000,0.000,614.000,469.000,5.000,0.000,0.000,0.000,0.100,0.000,0.000,0.900,0.000,2.000,7.342,0.004,0.004,5.000
30.010,288.000,9.597,369.575,273.186,0.000,0.000,0.001,0.004,7.785,18.000,0.000,614.000,469.000,5.000,0.000,0.000,0.000,0.100,0.000,0.000,0.900,0.000,2.000,7.342,0.004,0.004,5.000
30.010,289.000,9.630,369.526,273.153,0.000,0.000,0.001,0.004,7.785,18.000,0.000,614.000,469.000,5.000,0.000,0.000,0.000,0.100,0.000,0.000,0.900,0.000,2.000,7.342,0.004,0.004,5.000
30.010,290.000,9.664,369.895,273.142,0.000,0.000,0.001,0.004,7.785,18.000,0.000,614.000,469.000,5.000,0.000,0.000,0.000,0.100,0.000,0.000,0.900,0.000,2.000,7.342,0.004,0.004,5.000
30.010,291.000,9.697,370.079,273.282,0.000,0.000,0.001,0.005,7.785,18.000,0.000,614.000,469.000,5.000,0.000,0.000,0.000,0.100,0.000,0.000,0.900,0.000,2.000,7.134,0.005,0.005,5.000
30.010,292.000,9.730,370.468,273.574,0.000,0.000,0.001,0.005,7.785,18.000,0.000,614.000,469.000,5.000,0.000,0.000,0.000,0.100,0.000,0.000,0.900,0.000,2.000,7.134,0.005,0.005,5.000
30.010,293.000,9.764,370.961,273.532,0.000,0.000,0.001,0.005,7.785,18.000,0.000,614.000,469.000,5.000,0.000,0.000,0.000,0.100,0.000,0.000,0.900,0.000,2.000,7.134,0.005,0.005,5.000
30.010,294.000,9.797,370.929,273.900,0.000,0.000,0.001,0.005,7.785,18.000,0.000,614.000,469.000,5.000,0.000,0.000,0.000,0.100,0.000,0.000,0.900,0.000,2.000,7.134,0.005,0.005,5.000
30.010,295.000,9.830,371.035,274.176,0.000,0.000,0.001,0.005,7.785,18.000,0.000,614.000,469.000,5.000,0.000,0.000,0.000,0.100,0.000,0.000,0.900,0.000,2.000,7.134,0.005,0.005,5.000
30.010,296.000,9.863,371.264,274.235,0.000,0.000,0.001,0.005,7.785,18.000,0.000,614.000,469.000,5.000,0.000,0.000,0.000,0.100,0.000,0.000,0.900,0.000,2.000,7.134,0.005,0.005,5.000
30.010,297.000,9.897,371.669,274.405,0.000,0.000,0.001,0.002,7.785,18.000,0.000,614.000,469.000,5.000,0.000,0.000,0.000,0.100,0.000,0.000,0.900,0.000,2.000,17.500,0.002,0.002,5.000
30.010,298.000,9.930,372.058,274.641,0.000,0.000,0.001,0.002,7.785,18.000,0.000,614.000,469.000,5.000,0.000,0.000,0.000,0.100,0.000,0.000,0.900,0.000,2.000,17.500,0.002,0.002,5.000
30.010,299.000,9.963,372.086,274.795,0.000,0.000,0.001,0.002,7.785,18.000,0.000,614.000,469.000,5.000,0.000,0.000,0.000,0.100,0.000,0.000,0.900,0.000,2.000,17.500,0.002,0.002,5.000
30.010,300.000,9.997,372.292,274.858,0.000,0.000,0.001,0.002,7.785,18.000,0.000,614.000,469.000,5.000,0.000,0.000,0.000,0.100,0.000,0.000,0.900,0.000,2.000,17.500,0.002,0.002,5.000
30.010,301.000,10.030,372.595,274.998,0.000,0.000,0.001,0.002,7.785,18.000,0.000,614.000,469.000,5.000,0.000,0.000,0.000,0.100,0.000,0.000,0.900,0.000,2.000,17.500,0.002,0.002,5.000
30.010,302.000,10.063,372.635,275.028,0.000,0.000,0.001,0.002,7.785,18.000,0.000,614.000,469.000,5.000,0.000,0.000,0.000,0.100,0.000,0.000,0.900,0.000,2.000,17.500,0.002,0.002,5.000
30.010,303.000,10.097,372.892,275.480,0.000,0.000,0.001,0.005,7.785,18.000,0.000,614.000,469.000,5.000,0.000,0.000,0.000,0.100,0.000,0.000,0.900,0.000,2.000,16.927,0.005,0.005,5.000
30.010,304.000,10.130,373.039,275.330,0.000,0.000,0.001,0.005,7.785,18.000,0.000,614.000,469.000,5.000,0.000,0.000,0.000,0.100,0.000,0.000,0.900,0.000,2.000,16.927,0.005,0.005,5.000
30.010,305.000,10.163,372.919,275.533,0.000,0.000,0.001,0.005,7.785,18.000,0.000,614.000,469.000,5.000,0.000,0.000,0.000,0.100,0.000,0.000,0.900,0.000,2.000,16.927,0.005,0.005,5.000
30.000,306.000,10.200,372.766,275.700,0.000,0.000,0.001,0.005,7.785,18.000,0.000,614.000,469.000,5.000,0.000,0.000,0.000,0.100,0.000,0.000,0.900,0.000,2.000,16.927,0.005,0.005,5.000
30.000,307.000,10.233,372.851,275.570,0.000,0.000,0.001,0.005,7.785,18.000,0.000,614.000,469.000,5.000,0.000,0.000,0.000,0.100,0.000,0.000,0.900,0.000,2.000,16.927,0.005,0.005,5.000
30.000,308.000,10.267,372.795,275.657,0.000,0.000,0.001,0.005,7.785,18.000,0.000,614.000,469.000,5.000,0.000,0.000,0.000,0.100,0.000,0.000,0.900,0.000,2.000,16.927,0.005,0.005,5.000
30.000,309.000,10.300,372.948,275.779,0.000,0.000,0.001,-0.005,7.785,18.000,0.000,614.000,469.000,5.000,0.000,0.000,0.000,0.100,0.000,0.000,0.900,0.000,2.000,6.020,-0.005,-0.005,5.000
30.000,310.000,10.333,373.152,275.665,0.000,0.000,0.001,-0.005,7.785,18.000,0.000,614.000,469.000,5.000,0.000,0.000,0.000,0.100,0.000,0.000,0.900,0.000,2.000,6.020,-0.005,-0.005,5.000
30.000,311.000,10.367,373.299,275.837,0.000,0.000,0.001,-0.005,7.785,18.000,0.000,614.000,469.000,5.000,0.000,0.000,0.000,0.100,0.000,0.000,0.900,0.000,2.000,6.020,-0.005,-0.005,5.000
30.000,312.000,10.400,373.330,275.887,0.000,0.000,0.001,-0.005,7.785,18.000,0.000,614.000,469.000,5.000,0.000,0.000,0.000,0.100,0.000,0.000,0.900,0.000,2.000,6.020,-0.005,-0.005,5.000
30.000,313.000,10.433,373.525,275.919,0.000,0.000,0.001,-0.005,7.785,18.000,0.000,614.000,469.000,5.000,0.000,0.000,0.000,0.100,0.000,0.000,0.900,0.000,2.000,6.020,-0.005,-0.005,5.000
30.000,314.000,10.467,373.402,276.083,0.000,0.000,0.001,-0.005,7.785,18.000,0.000,614.000,469.000,5.000,0.000,0.000,0.000,0.100,0.000,0.000,0.900,0.000,2.000,6.020,-0.005,-0.005,5.000
30.000,315.000,10.500,373.732,276.665,0.000,0.000,0.001,0.002,7.785,18.000,0.000,614.000,469.000,5.000,0.000,0.000,0.000,0.100,0.000,0.000,0.900,0.000,2.000,7.281,0.002,0.002,5.000
30.000,316.000,10.533,374.084,276.830,0.000,0.000,0.001,0.002,7.785,18.000,0.000,614.000,469.000,5.000,0.000,0.000,0.000,0.100,0.000,0.000,0.900,0.000,2.000,7.281,0.002,0.002,5.000
30.000,317.000,10.567,374.297,276.897,0.000,0.000,0.001,0.002,7.785,18.000,0.000,614.000,469.000,5.000,0.000,0.000,0.000,0.100,0.000,0.000,0.900,0.000,2.000,7.281,0.002,0.002,5.000
30.000,318.000,10.600,374.591,276.970,0.000,0.000,0.001,0.002,7.785,18.000,0.000,614.000,469.000,5.000,0.000,0.000,0.000,0.100,0.000,0.000,0.900,0.000,2.000,7.281,0.002,0.002,5.000
30.000,319.000,10.633,374.752,277.499,0.000,0.000,0.001,0.002,7.785,18.000,0.000,614.000,469.000,5.000,0.000,0.000,0.000,0.100,0.000,0.000,0.900,0.000,2.000,7.281,0.002,0.002,5.000
30.000,320.000,10.667,374.903,277.654,0.000,0.000,0.001,0.002,7.785,18.000,0.000,614.000,469.000,5.000,0.000,0.000,0.000,0.100,0.000,0.000,0.900,0.000,2.000,7.281,0.002,0.002,5.000
30.000,321.000,10.700,374.855,277.602,0.000,0.000,0.001,-0.008,7.785,18.000,0.000,614.000,469.000,5.000,0.000,0.000,0.000,0.100,0.000,0.000,0.900,0.000,2.000,19.207,-0.008,-0.008,5.000
30.000,322.000,10.733,374.922,277.557,0.000,0.000,0.001,-0.008,7.785,18.000,0.000,614.000,469.000,5.000,0.000,0.000,0.000,0.100,0.000,0.000,0.900,0.000,2.000,19.207,-0.008,-0.008,5.000
30.000,323.000,10.767,375.065,277.571,0.000,0.000,0.001,-0.008,7.785,18.000,0.000,614.000,469.000,5.000,0.000,0.000,0.000,0.100,0.000,0.000,0.900,0.000,2.000,19.207,-0.008,-0.008,5.000
30.000,324.000,10.800,375.120,277.641,0.000,0.000,0.001,-0.008,7.785,18.000,0.000,614.000,469.000,5.000,0.000,0.000,0.000,0.100,0.000,0.000,0.900,0.000,2.000,19.207,-0.008,-0.008,5.000
30.000,325.000,10.833,375.147,277.725,0.000,0.000,0.001,-0.008,7.785,18.000,0.000,614.000,469.000,5.000,0.000,0.000,0.000,0.100,0.000,0.000,0.900,0.000,2.000,19.207,-0.008,-0.008,5.000
30.000,326.000,10.867,375.311,277.788,0.000,0.000,0.001,-0.008,7.785,18.000,0.000,614.000,469.000,5.000,0.000,0.000,0.000,0.100,0.000,0.000,0.900,0.000,2.000,19.207,-0.008,-0.008,5.000
30.000,327.000,10.900,375.369,277.853,0.000,0.000,0.001,0.001,7.785,18.000,0.000,614.000,469.000,5.000,0.000,0.000,0.000,0.100,0.000,0.000,0.900,0.000,2.000,4.374,0.001,0.001,5.000
30.000,328.000,10.933,375.430,277.872,0.000,0.000,0.001,0.001,7.785,18.000,0.000,614.000,469.000,5.000,0.000,0.000,0.000,0.100,0.000,0.000,0.900,0.000,2.000,4.374,0.001,0.001,5.000
30.000,329.000,10.967,375.651,277.839,0.000,0.000,0.001,0.001,7.785,18.000,0.000,614.000,469.000,5.000,0.000,0.000,0.000,0.100,0.000,0.000,0.900,0.000,2.000,4.374,0.001,0.001,5.000
30.000,330.000,11.000,375.403,277.682,0.000,0.000,0.001,0.001,7.785,18.000,0.000,614.000,469.000,5.000,0.000,0.000,0.000,0.100,0.000,0.000,0.900,0.000,2.000,4.374,0.001,0.001,5.000
30.000,331.000,11.033,375.540,277.639,0.000,0.000,0.001,0.001,7.785,18.000,0.000,614.000,469.000,5.000,0.000,0.000,0.000,0.100,0.000,0.000,0.900,0.000,2.000,4.374,0.001,0.001,5.000
30.000,332.000,11.067,375.935,277.652,0.000,0.000,0.001,0.001,7.785,18.000,0.000,614.000,469.000,5.000,0.000,0.000,0.000,0.100,0.000,0.000,0.900,0.000,2.000,4.374,0.001,0.001,5.000
30.000,333.000,11.100,375.874,277.651,0.000,0.000,0.001,0.005,7.785,18.000,0.000,614.000,469.000,5.000,0.000,0.000,0.000,0.100,0.000,0.000,0.900,0.000,2.000,3.860,0.005,0.005,5.000
30.000,334.000,11.133,375.950,277.742,0.000,0.000,0.001,0.005,7.785,18.000,0.000,614.000,469.000,5.000,0.000,0.000,0.000,0.100,0.000,0.000,0.900,0.000,2.000,3.860,0.005,0.005,5.000
30.000,335.000,11.167,375.926,277.882,0.000,0.000,0.001,0.005,7.785,18.000,0.000,614.000,469.000,5.000,0.000,0.000,0.000,0.100,0.000,0.000,0.900,0.000,2.000,3.860,0.005,0.005,5.000
30.000,336.000,11.200,375.914,278.040,0.000,0.000,0.001,0.005,7.785,18.000,0.000,614.000,469.000,5.000,0.000,0.000,0.000,0.100,0.000,0.000,0.900,0.000,2.000,3.860,0.005,0.005,5.000
30.000,337.000,11.233,375.934,278.114,0.000,0.000,0.001,0.005,7.785,18.000,0.000,614.000,469.000,5.000,0.000,0.000,0.000,0.100,0.000,0.000,0.900,0.000,2.000,3.860,0.005,0.005,5.000
30.000,338.000,11.267,375.823,278.313,0.000,0.000,0.001,0.005,7.785,18.000,0.000,614.000,469.000,5.000,0.000,0.000,0.000,0.100,0.000,0.000,0.900,0.000,2.000,3.860,0.005,0.005,5.000
30.000,339.000,11.300,375.974,278.148,0.000,0.000,0.001,-0.002,7.785,18.000,0.000,614.000,469.000,5.000,0.000,0.000,0.000,0.100,0.000,0.000,0.900,0.000,2.000,5.922,-0.002,-0.002,5.000
30.000,340.000,11.333,375.994,278.442,0.000,0.000,0.001,-0.002,7.785,18.000,0.000,614.000,469.000,5.000,0.000,0.000,0.000,0.100,0.000,0.000,0.900,0.000,2.000,5.922,-0.002,-0.002,5.000
30.000,341.000,11.367,376.099,278.018,0.000,0.000,0.001,-0.002,7.785,18.000,0.000,614.000,469.000,5.000,0.000,0.000,0.000,0.100,0.000,0.000,0.900,0.000,2.000,5.922,-0.002,-0.002,5.000
30.000,342.000,11.400,376.327,277.840,0.000,0.000,0.001,-0.002,7.785,18.000,0.000,614.000,469.000,5.000,0.000,0.000,0.000,0.100,0.000,0.000,0.900,0.000,2.000,5.922,-0.002,-0.002,5.000
30.000,343.000,11.433,376.642,277.983,0.000,0.000,0.001,-0.002,7.785,18.000,0.000,614.000,469.000,5.000,0.000,0.000,0.000,0.100,0.000,0.000,0.900,0.000,2.000,5.922,-0.002,-0.002,5.000
30.000,344.000,11.467,376.708,277.947,0.000,0.000,0.001,-0.002,7.785,18.000,0.000,614.000,469.000,5.000,0.000,0.000,0.000,0.100,0.000,0.000,0.900,0.000,2.000,5.922,-0.002,-0.002,5.000
30.000,347.000,11.567,377.043,278.586,0.000,0.000,0.001,0.009,7.785,18.000,0.000,614.000,469.000,5.000,0.000,0.000,0.000,0.100,0.000,0.000,0.900,0.000,2.000,6.908,0.009,0.009,5.000
30.000,348.000,11.600,377.105,278.523,0.000,0.000,0.001,0.009,7.785,18.000,0.000,614.000,469.000,5.000,0.000,0.000,0.000,0.100,0.000,0.000,0.900,0.000,2.000,6.908,0.009,0.009,5.000
30.000,349.000,11.633,377.094,278.840,0.000,0.000,0.001,0.009,7.785,18.000,0.000,614.000,469.000,5.000,0.000,0.000,0.000,0.100,0.000,0.000,0.900,0.000,2.000,6.908,0.009,0.009,5.000
30.000,350.000,11.667,377.161,278.963,0.000,0.000,0.001,0.009,7.785,18.000,0.000,614.000,469.000,5.000,0.000,0.000,0.000,0.100,0.000,0.000,0.900,0.000,2.000,6.908,0.009,0.009,5.000
30.000,351.000,11.700,377.296,278.825,0.000,0.000,0.001,-0.006,7.785,18.000,0.000,614.000,469.000,5.000,0.000,0.000,0.000,0.100,0.000,0.000,0.900,0.000,2.000,9.302,-0.006,-0.006,5.000
30.000,352.000,11.733,377.570,278.922,0.000,0.000,0.001,-0.006,7.785,18.000,0.000,614.000,469.000,5.000,0.000,0.000,0.000,0.100,0.000,0.000,0.900,0.000,2.000,9.302,-0.006,-0.006,5.000
30.000,353.000,11.767,377.770,278.989,0.000,0.000,0.001,-0.006,7.785,18.000,0.000,614.000,469.000,5.000,0.000,0.000,0.000,0.100,0.000,0.000,0.900,0.000,2.000,9.302,-0.006,-0.006,5.000
30.000,354.000,11.800,377.969,278.865,0.000,0.000,0.001,-0.006,7.785,18.000,0.000,614.000,469.000,5.000,0.000,0.000,0.000,0.100,0.000,0.000,0.900,0.000,2.000,9.302,-0.006,-0.006,5.000
30.000,355.000,11.833,378.107,278.827,0.000,0.000,0.001,-0.006,7.785,18.000,0.000,614.000,469.000,5.000,0.000,0.000,0.000,0.100,0.000,0.000,0.900,0.000,2.000,9.302,-0.006,-0.006,5.000
30.000,356.000,11.867,378.172,278.865,0.000,0.000,0.001,-0.006,7.785,18.000,0.000,614.000,469.000,5.000,0.000,0.000,0.000,0.100,0.000,0.000,0.900,0.000,2.000,9.302,-0.006,-0.006,5.000
30.000,357.000,11.900,378.258,278.800,0.000,0.000,0.001,0.011,7.785,18.000,0.000,614.000,469.000,5.000,0.000,0.000,0.000,0.100,0.000,0.000,0.900,0.000,2.000,9.728,0.011,0.011,5.000
30.000,358.000,11.933,378.259,279.026,0.000,0.000,0.001,0.011,7.785,18.000,0.000,614.000,469.000,5.000,0.000,0.000,0.000,0.100,0.000,0.000,0.900,0.000,2.000,9.728,0.011,0.011,5.000
30.000,359.000,11.967,378.469,278.949,0.000,0.000,0.001,0.011,7.785,18.000,0.000,614.000,469.000,5.000,0.000,0.000,0.000,0.100,0.000,0.000,0.900,0.000,2.000,9.728,0.011,0.011,5.000
30.000,360.000,12.000,378.542,279.131,0.000,0.000,0.001,0.011,7.785,18.000,0.000,614.000,469.000,5.000,0.000,0.000,0.000,0.100,0.000,0.000,0.900,0.000,2.000,9.728,0.011,0.011,5.000
30.000,361.000,12.033,378.817,279.302,0.000,0.000,0.001,0.011,7.785,18.000,0.000,614.000,469.000,5.000,0.000,0.000,0.000,0.100,0.000,0.000,0.900,0.000,2.000,9.728,0.011,0.011,5.000
30.000,362.000,12.067,378.752,278.896,0.000,0.000,0.001,0.011,7.785,18.000,0.000,614.000,469.000,5.000,0.000,0.000,0.000,0.100,0.000,0.000,0.900,0.000,2.000,9.728,0.011,0.011,5.000
30.000,363.000,12.100,378.939,279.177,0.000,0.000,0.001,0.001,7.785,18.000,0.000,614.000,469.000,5.000,0.000,0.000,0.000,0.100,0.000,0.000,0.900,0.000,2.000,8.202,0.001,0.001,5.000
30.000,364.000,12.133,378.727,279.197,0.000,0.000,0.001,0.001,7.785,18.000,0.000,614.000,469.000,5.000,0.000,0.000,0.000,0.100,0.000,0.000,0.900,0.000,2.000,8.202,0.001,0.001,5.000
30.000,365.000,12.167,378.846,279.174,0.000,0.000,0.001,0.001,7.785,18.000,0.000,614.000,469.000,5.000,0.000,0.000,0.000,0.100,0.000,0.000,0.900,0.000,2.000,8.202,0.001,0.001,5.000
30.000,366.000,12.200,379.081,279.208,0.000,0.000,0.001,0.001,7.785,18.000,0.000,614.000,469.000,5.000,0.000,0.000,0.000,0.100,0.000,0.000,0.900,0.000,2.000,8.202,0.001,0.001,5.000
30.000,367.000,12.233,379.249,279.301,0.000,0.000,0.001,0.001,7.785,18.000,0.000,614.000,469.000,5.000,0.000,0.000,0.000,0.100,0.000,0.000,0.900,0.000,2.000,8.202,0.001,0.001,5.000
30.000,368.000,12.267,379.524,279.430,0.000,0.000,0.001,0.001,7.785,18.000,0.000,614.000,469.000,5.000,0.000,0.000,0.000,0.100,0.000,0.000,0.900,0.000,2.000,8.202,0.001,0.001,5.000
30.000,369.000,12.300,379.918,279.623,0.000,0.000,0.001,0.004,7.785,18.000,0.000,614.000,469.000,5.000,0.000,0.000,0.000,0.100,0.000,0.000,0.900,0.000,2.000,4.143,0.004,0.004,5.000
30.000,370.000,12.333,379.745,280.165,0.000,0.000,0.001,0.004,7.785,18.000,0.000,614.000,469.000,5.000,0.000,0.000,0.000,0.100,0.000,0.000,0.900,0.000,2.000,4.143,0.004,0.004,5.000
30.000,371.000,12.367,379.974,280.140,0.000,0.000,0.001,0.004,7.785,18.000,0.000,614.000,469.000,5.000,0.000,0.000,0.000,0.100,0.000,0.000,0.900,0.000,2.000,4.143,0.004,0.004,5.000
30.000,372.000,12.400,379.974,280.270,0.000,0.000,0.001,0.004,7.785,18.000,0.000,614.000,469.000,5.000,0.000,0.000,0.000,0.100,0.000,0.000,0.900,0.000,2.000,4.143,0.004,0.004,5.000
30.000,373.000,12.433,380.120,280.118,0.000,0.000,0.001,0.004,7.785,18.000,0.000,614.000,469.000,5.000,0.000,0.000,0.000,0.100,0.000,0.000,0.900,0.000,2.000,4.143,0.004,0.004,5.000
30.000,374.000,12.467,380.395,279.974,0.000,0.000,0.001,0.004,7.785,18.000,0.000,614.000,469.000,5.000,0.000,0.000,0.000,0.100,0.000,0.000,0.900,0.000,2.000,4.143,0.004,0.004,5.000
30.000,375.000,12.500,380.498,280.070,0.000,0.000,0.001,-0.001,7.785,18.000,0.000,614.000,469.000,5.000,0.000,0.000,0.000,0.100,0.000,0.000,0.900,0.000,2.000,11.467,-0.001,-0.001,5.000
30.000,376.000,12.533,380.556,280.149,0.000,0.000,0.001,-0.001,7.785,18.000,0.000,614.000,469.000,5.000,0.000,0.000,0.000,0.100,0.000,0.000,0.900,0.000,2.000,11.467,-0.001,-0.001,5.000
30.000,377.000,12.567,380.687,280.178,0.000,0.000,0.001,-0.001,7.785,18.000,0.000,614.000,469.000,5.000,0.000,0.000,0.000,0.100,0.000,0.000,0.900,0.000,2.000,11.467,-0.001,-0.001,5.000
30.000,378.000,12.600,380.690,280.181,0.000,0.000,0.001,-0.001,7.785,18.000,0.000,614.000,469.000,5.000,0.000,0.000,0.000,0.100,0.000,0.000,0.900,0.000,2.000,11.467,-0.001,-0.001,5.000
30.000,379.000,12.633,380.873,280.218,0.000,0.000,0.001,-0.001,7.785,18.000,0.000,614.000,469.000,5.000,0.000,0.000,0.000,0.100,0.000,0.000,0.900,0.000,2.000,11.467,-0.001,-0.001,5.000
30.000,380.000,12.667,381.102,280.237,0.000,0.000,0.001,-0.001,7.785,18.000,0.000,614.000,469.000,5.000,0.000,0.000,0.000,0.100,0.000,0.000,0.900,0.000,2.000,11.467,-0.001,-0.001,5.000
30.000,381.000,12.700,381.146,280.133,0.000,0.000,0.001,0.007,7.785,18.000,0.000,614.000,469.000,5.000,0.000,0.000,0.000,0.100,0.000,0.000,0.900,0.000,2.000,7.293,0.007,0.007,5.000
30.000,382.000,12.733,381.246,279.759,0.000,0.000,0.001,0.007,7.785,18.000,0.000,614.000,469.000,5.000,0.000,0.000,0.000,0.100,0.000,0.000,0.900,0.000,2.000,7.293,0.007,0.007,5.000
30.000,383.000,12.767,381.206,279.564,0.000,0.000,0.001,0.007,7.785,18.000,0.000,614.000,469.000,5.000,0.000,0.000,0.000,0.100,0.000,0.000,0.900,0.000,2.000,7.293,0.007,0.007,5.000
30.000,384.000,12.800,381.274,279.700,0.000,0.000,0.001,0.007,7.785,18.000,0.000,614.000,469.000,5.000,0.000,0.000,0.000,0.100,0.000,0.000,0.900,0.000,2.000,7.293,0.007,0.007,5.000
30.000,385.000,12.833,381.357,280.114,0.000,0.000,0.001,0.007,7.785,18.000,0.000,614.000,469.000,5.000,0.000,0.000,0.000,0.100,0.000,0.000,0.900,0.000,2.000,7.293,0.007,0.007,5.000
30.000,386.000,12.867,381.230,280.124,0.000,0.000,0.001,0.007,7.785,18.000,0.000,614.000,469.000,5.000,0.000,0.000,0.000,0.100,0.000,0.000,0.900,0.000,2.000,7.293,0.007,0.007,5.000
30.000,387.000,12.900,381.044,280.187,0.000,0.000,0.001,0.006,7.785,18.000,0.000,614.000,469.000,5.000,0.000,0.000,0.000,0.100,0.000,0.000,0.900,0.000,2.000,4.750,0.006,0.006,5.000
30.000,388.000,12.933,381.052,280.191,0.000,0.000,0.001,0.006,7.785,18.000,0.000,614.000,469.000,5.000,0.000,0.000,0.000,0.100,0.000,0.000,0.900,0.000,2.000,4.750,0.006,0.006,5.000
30.000,389.000,12.967,381.028,280.039,0.000,0.000,0.001,0.006,7.785,18.000,0.000,614.000,469.000,5.000,0.000,0.000,0.000,0.100,0.000,0.000,0.900,0.000,2.000,4.750,0.006,0.006,5.000
30.000,390.000,13.000,381.039,280.146,0.000,0.000,0.001,0.006,7.785,18.000,0.000,614.000,469.000,5.000,0.000,0.000,0.000,0.100,0.000,0.000,0.900,0.000,2.000,4.750,0.006,0.006,5.000
30.000,391.000,13.033,381.139,280.192,0.000,0.000,0.001,0.006,7.785,18.000,0.000,614.000,469.000,5.000,0.000,0.000,0.000,0.100,0.000,0.000,0.900,0.000,2.000,4.750,0.006,0.006,5.000
30.000,392.000,13.067,381.169,280.187,0.000,0.000,0.001,0.006,7.785,18.000,0.000,614.000,469.000,5.000,0.000,0.000,0.000,0.100,0.000,0.000,0.900,0.000,2.000,4.750,0.006,0.006,5.000
30.000,393.000,13.100,381.107,280.280,0.000,0.000,0.001,-0.003,7.785,18.000,0.000,614.000,469.000,5.000,0.000,0.000,0.000,0.100,0.000,0.000,0.900,0.000,2.000,2.218,-0.003,-0.003,5.000
30.000,394.000,13.133,381.171,280.348,0.000,0.000,0.001,-0.003,7.785,18.000,0.000,614.000,469.000,5.000,0.000,0.000,0.000,0.100,0.000,0.000,0.900,0.000,2.000,2.218,-0.003,-0.003,5.000
30.000,395.000,13.167,381.161,280.233,0.000,0.000,0.001,-0.003,7.785,18.000,0.000,614.000,469.000,5.000,0.000,0.000,0.000,0.100,0.000,0.000,0.900,0.000,2.000,2.218,-0.003,-0.003,5.000
30.000,396.000,13.200,381.368,280.349,0.000,0.000,0.001,-0.003,7.785,18.000,0.000,614.000,469.000,5.000,0.000,0.000,0.000,0.100,0.000,0.000,0.900,0.000,2.000,2.218,-0.003,-0.003,5.000
30.010,397.000,13.229,381.497,280.233,0.000,0.000,0.001,-0.003,7.785,18.000,0.000,614.000,469.000,5.000,0.000,0.000,0.000,0.100,0.000,0.000,0.900,0.000,2.000,2.218,-0.003,-0.003,5.000
30.010,398.000,13.262,381.559,280.212,0.000,0.000,0.001,-0.003,7.785,18.000,0.000,614.000,469.000,5.000,0.000,0.000,0.000,0.100,0.000,0.000,0.900,0.000,2.000,2.218,-0.003,-0.003,5.000
30.010,399.000,13.296,381.425,280.203,0.000,0.000,0.001,0.003,7.785,18.000,0.000,614.000,469.000,5.000,0.000,0.000,0.000,0.100,0.000,0.000,0.900,0.000,2.000,3.453,0.003,0.003,5.000
30.010,400.000,13.329,381.334,280.321,0.000,0.000,0.001,0.003,7.785,18.000,0.000,614.000,469.000,5.000,0.000,0.000,0.000,0.100,0.000,0.000,0.900,0.000,2.000,3.453,0.003,0.003,5.000
30.010,401.000,13.362,381.411,280.312,0.000,0.000,0.001,0.003,7.785,18.000,0.000,614.000,469.000,5.000,0.000,0.000,0.000,0.100,0.000,0.000,0.900,0.000,2.000,3.453,0.003,0.003,5.000
30.010,402.000,13.396,381.692,280.515,0.000,0.000,0.001,0.003,7.785,18.000,0.000,614.000,469.000,5.000,0.000,0.000,0.000,0.100,0.000,0.000,0.900,0.000,2.000,3.453,0.003,0.003,5.000
30.010,403.000,13.429,381.970,280.572,0.000,0.000,0.001,0.003,7.785,18.000,0.000,614.000,469.000,5.000,0.000,0.000,0.000,0.100,0.000,0.000,0.900,0.000,2.000,3.453,0.003,0.003,5.000
30.010,404.000,13.462,381.747,280.675,0.000,0.000,0.001,0.003,7.785,18.000,0.000,614.000,469.000,5.000,0.000,0.000,0.000,0.100,0.000,0.000,0.900,0.000,2.000,3.453,0.003,0.003,5.000
30.010,405.000,13.496,381.793,280.765,0.000,0.000,0.001,0.001,7.785,18.000,0.000,614.000,469.000,5.000,0.000,0.000,0.000,0.100,0.000,0.000,0.900,0.000,2.000,5.582,0.001,0.001,5.000
30.010,406.000,13.529,381.978,280.916,0.000,0.000,0.001,0.001,7.785,18.000,0.000,614.000,469.000,5.000,0.000,0.000,0.000,0.100,0.000,0.000,0.900,0.000,2.000,5.582,0.001,0.001,5.000
30.010,407.000,13.562,381.993,280.930,0.000,0.000,0.001,0.001,7.785,18.000,0.000,614.000,469.000,5.000,0.000,0.000,0.000,0.100,0.000,0.000,0.900,0.000,2.000,5.582,0.001,0.001,5.000
30.010,408.000,13.596,382.170,280.894,0.000,0.000,0.001,0.001,7.785,18.000,0.000,614.000,469.000,5.000,0.000,0.000,0.000,0.100,0.000,0.000,0.900,0.000,2.000,5.582,0.001,0.001,5.000
30.010,409.000,13.629,382.271,280.772,0.000,0.000,0.001,0.001,7.785,18.000,0.000,614.000,469.000,5.000,0.000,0.000,0.000,0.100,0.000,0.000,0.900,0.000,2.000,5.582,0.001,0.001,5.000
30.010,410.000,13.662,381.921,280.800,0.000,0.000,0.001,0.001,7.785,18.000,0.000,614.000,469.000,5.000,0.000,0.000,0.000,0.100,0.000,0.000,0.900,0.000,2.000,5.582,0.001,0.001,5.000
30.010,411.000,13.696,382.000,280.921,0.000,0.000,0.001,0.001,7.785,18.000,0.000,614.000,469.000,5.000,0.000,0.000,0.000,0.100,0.000,0.000,0.900,0.000,2.000,3.474,0.001,0.001,5.000
30.010,412.000,13.729,382.112,280.751,0.000,0.000,0.001,0.001,7.785,18.000,0.000,614.000,469.000,5.000,0.000,0.000,0.000,0.100,0.000,0.000,0.900,0.000,2.000,3.474,0.001,0.001,5.000
30.010,413.000,13.762,382.078,280.909,0.000,0.000,0.001,0.001,7.785,18.000,0.000,614.000,469.000,5.000,0.000,0.000,0.000,0.100,0.000,0.000,0.900,0.000,2.000,3.474,0.001,0.001,5.000
30.010,414.000,13.796,381.938,280.893,0.000,0.000,0.001,0.001,7.785,18.000,0.000,614.000,469.000,5.000,0.000,0.000,0.000,0.100,0.000,0.000,0.900,0.000,2.000,3.474,0.001,0.001,5.000
30.010,415.000,13.829,382.103,281.098,0.000,0.000,0.001,0.001,7.785,18.000,0.000,614.000,469.000,5.000,0.000,0.000,0.000,0.100,0.000,0.000,0.900,0.000,2.000,3.474,0.001,0.001,5.000
30.010,416.000,13.862,382.197,281.403,0.000,0.000,0.001,0.001,7.785,18.000,0.000,614.000,469.000,5.000,0.000,0.000,0.000,0.100,0.000,0.000,0.900,0.000,2.000,3.474,0.001,0.001,5.000
30.010,417.000,13.896,382.146,281.759,0.000,0.000,0.001,-0.006,7.785,18.000,0.000,614.000,469.000,5.000,0.000,0.000,0.000,0.100,0.000,0.000,0.900,0.000,2.000,3.524,-0.006,-0.006,5.000
30.010,418.000,13.929,382.161,282.055,0.000,0.000,0.001,-0.006,7.785,18.000,0.000,614.000,469.000,5.000,0.000,0.000,0.000,0.100,0.000,0.000,0.900,0.000,2.000,3.524,-0.006,-0.006,5.000
30.010,419.000,13.962,382.221,282.199,0.000,0.000,0.001,-0.006,7.785,18.000,0.000,614.000,469.000,5.000,0.000,0.000,0.000,0.100,0.000,0.000,0.900,0.000,2.000,3.524,-0.006,-0.006,5.000
30.010,420.000,13.995,382.390,282.267,0.000,0.000,0.001,-0.006,7.785,18.000,0.000,614.000,469.000,5.000,0.000,0.000,0.000,0.100,0.000,0.000,0.900,0.000,2.000,3.524,-0.006,-0.006,5.000
30.010,421.000,14.029,382.657,282.299,0.000,0.000,0.001,-0.006,7.785,18.000,0.000,614.000,469.000,5.000,0.000,0.000,0.000,0.100,0.000,0.000,0.900,0.000,2.000,3.524,-0.006,-0.006,5.000
30.010,422.000,14.062,382.642,282.237,0.000,0.000,0.001,-0.006,7.785,18.000,0.000,614.000,469.000,5.000,0.000,0.000,0.000,0.100,0.000,0.000,0.900,0.000,2.000,3.524,-0.006,-0.006,5.000
30.010,423.000,14.095,382.690,282.039,0.000,0.000,0.001,-0.010,7.785,18.000,0.000,614.000,469.000,5.000,0.000,0.000,0.000,0.100,0.000,0.000,0.900,0.000,2.000,12.701,-0.010,-0.010,5.000
30.010,424.000,14.129,382.747,282.166,0.000,0.000,0.001,-0.010,7.785,18.000,0.000,614.000,469.000,5.000,0.000,0.000,0.000,0.100,0.000,0.000,0.900,0.000,2.000,12.701,-0.010,-0.010,5.000
30.010,425.000,14.162,382.898,282.190,0.000,0.000,0.001,-0.010,7.785,18.000,0.000,614.000,469.000,5.000,0.000,0.000,0.000,0.100,0.000,0.000,0.900,0.000,2.000,12.701,-0.010,-0.010,5.000
30.010,426.000,14.195,382.996,282.409,0.000,0.000,0.001,-0.010,7.785,18.000,0.000,614.000,469.000,5.000,0.000,0.000,0.000,0.100,0.000,0.000,0.900,0.000,2.000,12.701,-0.010,-0.010,5.000
30.000,427.000,14.233,383.139,282.796,0.000,0.000,0.001,-0.010,7.785,18.000,0.000,614.000,469.000,5.000,0.000,0.000,0.000,0.100,0.000,0.000,0.900,0.000,2.000,12.701,-0.010,-0.010,5.000
30.000,428.000,14.267,383.050,283.164,0.000,0.000,0.001,-0.010,7.785,18.000,0.000,614.000,469.000,5.000,0.000,0.000,0.000,0.100,0.000,0.000,0.900,0.000,2.000,12.701,-0.010,-0.010,5.000
30.000,429.000,14.300,383.228,283.074,0.000,0.000,0.001,-0.001,7.785,18.000,0.000,614.000,469.000,5.000,0.000,0.000,0.000,0.100,0.000,0.000,0.900,0.000,2.000,6.642,-0.001,-0.001,5.000
30.000,430.000,14.333,383.535,283.054,0.000,0.000,0.001,-0.001,7.785,18.000,0.000,614.000,469.000,5.000,0.000,0.000,0.000,0.100,0.000,0.000,0.900,0.000,2.000,6.642,-0.001,-0.001,5.000
30.000,431.000,14.367,383.671,283.355,0.000,0.000,0.001,-0.001,7.785,18.000,0.000,614.000,469.000,5.000,0.000,0.000,0.000,0.100,0.000,0.000,0.900,0.000,2.000,6.642,-0.001,-0.001,5.000
30.000,432.000,14.400,383.734,283.093,0.000,0.000,0.001,-0.001,7.785,18.000,0.000,614.000,469.000,5.000,0.000,0.000,0.000,0.100,0.000,0.000,0.900,0.000,2.000,6.642,-0.001,-0.001,5.000
30.000,433.000,14.433,383.827,283.108,0.000,0.000,0.001,-0.001,7.785,18.000,0.000,614.000,469.000,5.000,0.000,0.000,0.000,0.100,0.000,0.000,0.900,0.000,2.000,6.642,-0.001,-0.001,5.000
30.000,434.000,14.467,383.903,283.558,0.000,0.000,0.001,-0.001,7.785,18.000,0.000,614.000,469.000,5.000,0.000,0.000,0.000,0.100,0.000,0.000,0.900,0.000,2.000,6.642,-0.001,-0.001,5.000
30.000,435.000,14.500,384.244,283.952,0.000,0.000,0.001,0.003,7.785,18.000,0.000,614.000,469.000,5.000,0.000,0.000,0.000,0.100,0.000,0.000,0.900,0.000,2.000,7.255,0.003,0.003,5.000
30.000,436.000,14.533,384.629,284.234,0.000,0.000,0.001,0.003,7.785,18.000,0.000,614.000,469.000,5.000,0.000,0.000,0.000,0.100,0.000,0.000,0.900,0.000,2.000,7.255,0.003,0.003,5.000
30.000,437.000,14.567,384.758,284.370,0.000,0.000,0.001,0.003,7.785,18.000,0.000,614.000,469.000,5.000,0.000,0.000,0.000,0.100,0.000,0.000,0.900,0.000,2.000,7.255,0.003,0.003,5.000
30.000,438.000,14.600,384.708,284.491,0.000,0.000,0.001,0.003,7.785,18.000,0.000,614.000,469.000,5.000,0.000,0.000,0.000,0.100,0.000,0.000,0.900,0.000,2.000,7.255,0.003,0.003,5.000
30.000,439.000,14.633,384.793,284.664,0.000,0.000,0.001,0.003,7.785,18.000,0.000,614.000,469.000,5.000,0.000,0.000,0.000,0.100,0.000,0.000,0.900,0.000,2.000,7.255,0.003,0.003,5.000
30.000,440.000,14.667,384.862,284.713,0.000,0.000,0.001,0.003,7.785,18.000,0.000,614.000,469.000,5.000,0.000,0.000,0.000,0.100,0.000,0.000,0.900,0.000,2.000,7.255,0.003,0.003,5.000
30.000,441.000,14.700,384.876,285.052,0.000,0.000,0.001,-0.010,7.785,18.000,0.000,614.000,469.000,5.000,0.000,0.000,0.000,0.100,0.000,0.000,0.900,0.000,2.000,17.585,-0.010,-0.010,5.000
30.000,442.000,14.733,385.063,284.865,0.000,0.000,0.001,-0.010,7.785,18.000,0.000,614.000,469.000,5.000,0.000,0.000,0.000,0.100,0.000,0.000,0.900,0.000,2.000,17.585,-0.010,-0.010,5.000
30.000,443.000,14.767,385.330,285.369,0.000,0.000,0.001,-0.010,7.785,18.000,0.000,614.000,469.000,5.000,0.000,0.000,0.000,0.100,0.000,0.000,0.900,0.000,2.000,17.585,-0.010,-0.010,5.000
30.000,444.000,14.800,385.518,285.181,0.000,0.000,0.001,-0.010,7.785,18.000,0.000,614.000,469.000,5.000,0.000,0.000,0.000,0.100,0.000,0.000,0.900,0.000,2.000,17.585,-0.010,-0.010,5.000
30.000,445.000,14.833,385.463,285.296,0.000,0.000,0.001,-0.010,7.785,18.000,0.000,614.000,469.000,5.000,0.000,0.000,0.000,0.100,0.000,0.000,0.900,0.000,2.000,17.585,-0.010,-0.010,5.000
30.000,446.000,14.867,385.492,285.406,0.000,0.000,0.001,-0.010,7.785,18.000,0.000,614.000,469.000,5.000,0.000,0.000,0.000,0.100,0.000,0.000,0.900,0.000,2.000,17.585,-0.010,-0.010,5.000
30.000,447.000,14.900,385.591,285.455,0.000,0.000,0.001,-0.001,7.785,18.000,0.000,614.000,469.000,5.000,0.000,0.000,0.000,0.100,0.000,0.000,0.900,0.000,2.000,8.832,-0.001,-0.001,5.000
30.000,448.000,14.933,385.716,285.700,0.000,0.000,0.001,-0.001,7.785,18.000,0.000,614.000,469.000,5.000,0.000,0.000,0.000,0.100,0.000,0.000,0.900,0.000,2.000,8.832,-0.001,-0.001,5.000
30.000,449.000,14.967,385.758,285.781,0.000,0.000,0.001,-0.001,7.785,18.000,0.000,614.000,469.000,5.000,0.000,0.000,0.000,0.100,0.000,0.000,0.900,0.000,2.000,8.832,-0.001,-0.001,5.000
30.000,450.000,15.000,385.983,285.844,0.000,0.000,0.001,-0.001,7.785,18.000,0.000,614.000,469.000,5.000,0.000,0.000,0.000,0.100,0.000,0.000,0.900,0.000,2.000,8.832,-0.001,-0.001,5.000
30.000,451.000,15.033,385.866,285.799,0.000,0.000,0.001,-0.001,7.785,18.000,0.000,614.000,469.000,5.000,0.000,0.000,0.000,0.100,0.000,0.000,0.900,0.000,2.000,8.832,-0.001,-0.001,5.000
30.000,452.000,15.067,386.035,285.804,0.000,0.000,0.001,-0.001,7.785,18.000,0.000,614.000,469.000,5.000,0.000,0.000,0.000,0.100,0.000,0.000,0.900,0.000,2.000,8.832,-0.001,-0.001,5.000
30.000,453.000,15.100,386.325,285.902,0.000,0.000,0.001,-0.002,7.785,18.000,0.000,614.000,469.000,5.000,0.000,0.000,0.000,0.100,0.000,0.000,0.900,0.000,2.000,6.196,-0.002,-0.002,5.000
30.000,454.000,15.133,386.763,285.963,0.000,0.000,0.001,-0.002,7.785,18.000,0.000,614.000,469.000,5.000,0.000,0.000,0.000,0.100,0.000,0.000,0.900,0.000,2.000,6.196,-0.002,-0.002,5.000
30.000,455.000,15.167,387.145,286.018,0.000,0.000,0.001,-0.002,7.785,18.000,0.000,614.000,469.000,5.000,0.000,0.000,0.000,0.100,0.000,0.000,0.900,0.000,2.000,6.196,-0.002,-0.002,5.000
30.000,456.000,15.200,387.381,285.968,0.000,0.000,0.001,-0.002,7.785,18.000,0.000,614.000,469.000,5.000,0.000,0.000,0.000,0.100,0.000,0.000,0.900,0.000,2.000,6.196,-0.002,-0.002,5.000
30.000,457.000,15.233,387.440,285.956,0.000,0.000,0.001,-0.002,7.785,18.000,0.000,614.000,469.000,5.000,0.000,0.000,0.000,0.100,0.000,0.000,0.900,0.000,2.000,6.196,-0.002,-0.002,5.000
30.000,458.000,15.267,387.589,285.996,0.000,0.000,0.001,-0.002,7.785,18.000,0.000,614.000,469.000,5.000,0.000,0.000,0.000,0.100,0.000,0.000,0.900,0.000,2.000,6.196,-0.002,-0.002,5.000
30.000,459.000,15.300,387.619,286.071,0.000,0.000,0.001,0.015,7.785,18.000,0.000,614.000,469.000,5.000,0.000,0.000,0.000,0.100,0.000,0.000,0.900,0.000,2.000,15.186,0.015,0.015,5.000
30.000,460.000,15.333,387.929,286.067,0.000,0.000,0.001,0.015,7.785,18.000,0.000,614.000,469.000,5.000,0.000,0.000,0.000,0.100,0.000,0.000,0.900,0.000,2.000,15.186,0.015,0.015,5.000
30.000,461.000,15.367,387.929,286.466,0.000,0.000,0.001,0.015,7.785,18.000,0.000,614.000,469.000,5.000,0.000,0.000,0.000,0.100,0.000,0.000,0.900,0.000,2.000,15.186,0.015,0.015,5.000
30.000,462.000,15.400,387.801,286.848,0.000,0.000,0.001,0.015,7.785,18.000,0.000,614.000,469.000,5.000,0.000,0.000,0.000,0.100,0.000,0.000,0.900,0.000,2.000,15.186,0.015,0.015,5.000
30.000,463.000,15.433,387.662,287.086,0.000,0.000,0.001,0.015,7.785,18.000,0.000,614.000,469.000,5.000,0.000,0.000,0.000,0.100,0.000,0.000,0.900,0.000,2.000,15.186,0.015,0.015,5.000
30.000,464.000,15.467,387.802,287.170,0.000,0.000,0.001,0.015,7.785,18.000,0.000,614.000,469.000,5.000,0.000,0.000,0.000,0.100,0.000,0.000,0.900,0.000,2.000,15.186,0.015,0.015,5.000
30.000,465.000,15.500,387.853,287.354,0.000,0.000,0.001,-0.013,7.785,18.000,0.000,614.000,469.000,5.000,0.000,0.000,0.000,0.100,0.000,0.000,0.900,0.000,2.000,11.052,-0.013,-0.013,5.000
30.000,466.000,15.533,388.203,287.610,0.000,0.000,0.001,-0.013,7.785,18.000,0.000,614.000,469.000,5.000,0.000,0.000,0.000,0.100,0.000,0.000,0.900,0.000,2.000,11.052,-0.013,-0.013,5.000
30.000,467.000,15.567,388.212,287.790,0.000,0.000,0.001,-0.013,7.785,18.000,0.000,614.000,469.000,5.000,0.000,0.000,0.000,0.100,0.000,0.000,0.900,0.000,2.000,11.052,-0.013,-0.013,5.000
30.000,468.000,15.600,388.742,288.080,0.000,0.000,0.001,-0.013,7.785,18.000,0.000,614.000,469.000,5.000,0.000,0.000,0.000,0.100,0.000,0.000,0.900,0.000,2.000,11.052,-0.013,-0.013,5.000
30.000,469.000,15.633,389.035,288.236,0.000,0.000,0.001,-0.013,7.785,18.000,0.000,614.000,469.000,5.000,0.000,0.000,0.000,0.100,0.000,0.000,0.900,0.000,2.000,11.052,-0.013,-0.013,5.000
30.000,470.000,15.667,389.126,288.117,0.000,0.000,0.001,-0.013,7.785,18.000,0.000,614.000,469.000,5.000,0.000,0.000,0.000,0.100,0.000,0.000,0.900,0.000,2.000,11.052,-0.013,-0.013,5.000
30.000,471.000,15.700,389.219,288.126,0.000,0.000,0.001,-0.001,7.785,18.000,0.000,614.000,469.000,5.000,0.000,0.000,0.000,0.100,0.000,0.000,0.900,0.000,2.000,17.189,-0.001,-0.001,5.000
30.000,472.000,15.733,389.587,287.888,0.000,0.000,0.001,-0.001,7.785,18.000,0.000,614.000,469.000,5.000,0.000,0.000,0.000,0.100,0.000,0.000,0.900,0.000,2.000,17.189,-0.001,-0.001,5.000
30.000,473.000,15.767,389.589,288.090,0.000,0.000,0.001,-0.001,7.785,18.000,0.000,614.000,469.000,5.000,0.000,0.000,0.000,0.100,0.000,0.000,0.900,0.000,2.000,17.189,-0.001,-0.001,5.000
30.000,474.000,15.800,389.748,288.172,0.000,0.000,0.001,-0.001,7.785,18.000,0.000,614.000,469.000,5.000,0.000,0.000,0.000,0.100,0.000,0.000,0.900,0.000,2.000,17.189,-0.001,-0.001,5.000
30.000,475.000,15.833,389.690,288.325,0.000,0.000,0.001,-0.001,7.785,18.000,0.000,614.000,469.000,5.000,0.000,0.000,0.000,0.100,0.000,0.000,0.900,0.000,2.000,17.189,-0.001,-0.001,5.000
30.000,476.000,15.867,389.798,288.339,0.000,0.000,0.001,-0.001,7.785,18.000,0.000,614.000,469.000,5.000,0.000,0.000,0.000,0.100,0.000,0.000,0.900,0.000,2.000,17.189,-0.001,-0.001,5.000
30.000,477.000,15.900,389.935,288.347,0.000,0.000,0.001,0.006,7.785,18.000,0.000,614.000,469.000,5.000,0.000,0.000,0.000,0.100,0.000,0.000,0.900,0.000,2.000,6.349,0.006,0.006,5.000
30.000,478.000,15.933,390.208,288.197,0.000,0.000,0.001,0.006,7.785,18.000,0.000,614.000,469.000,5.000,0.000,0.000,0.000,0.100,0.000,0.000,0.900,0.000,2.000,6.349,0.006,0.006,5.000
30.000,479.000,15.967,390.488,288.262,0.000,0.000,0.001,0.006,7.785,18.000,0.000,614.000,469.000,5.000,0.000,0.000,0.000,0.100,0.000,0.000,0.900,0.000,2.000,6.349,0.006,0.006,5.000
30.000,480.000,16.000,390.720,288.402,0.000,0.000,0.001,0.006,7.785,18.000,0.000,614.000,469.000,5.000,0.000,0.000,0.000,0.100,0.000,0.000,0.900,0.000,2.000,6.349,0.006,0.006,5.000
30.000,481.000,16.033,390.759,288.720,0.000,0.000,0.001,0.006,7.785,18.000,0.000,614.000,469.000,5.000,0.000,0.000,0.000,0.100,0.000,0.000,0.900,0.000,2.000,6.349,0.006,0.006,5.000
30.000,482.000,16.067,390.652,288.757,0.000,0.000,0.001,0.006,7.785,18.000,0.000,614.000,469.000,5.000,0.000,0.000,0.000,0.100,0.000,0.000,0.900,0.000,2.000,6.349,0.006,0.006,5.000
30.000,483.000,16.100,390.693,288.823,0.000,0.000,0.001,0.006,7.785,18.000,0.000,614.000,469.000,5.000,0.000,0.000,0.000,0.100,0.000,0.000,0.900,0.000,2.000,10.935,0.006,0.006,5.000
30.000,484.000,16.133,390.731,288.862,0.000,0.000,0.001,0.006,7.785,18.000,0.000,614.000,469.000,5.000,0.000,0.000,0.000,0.100,0.000,0.000,0.900,0.000,2.000,10.935,0.006,0.006,5.000
30.000,485.000,16.167,391.022,288.927,0.000,0.000,0.001,0.006,7.785,18.000,0.000,614.000,469.000,5.000,0.000,0.000,0.000,0.100,0.000,0.000,0.900,0.000,2.000,10.935,0.006,0.006,5.000
30.000,486.000,16.200,391.160,289.110,0.000,0.000,0.001,0.006,7.785,18.000,0.000,614.000,469.000,5.000,0.000,0.000,0.000,0.100,0.000,0.000,0.900,0.000,2.000,10.935,0.006,0.006,5.000
30.000,487.000,16.233,391.248,289.277,0.000,0.000,0.001,0.006,7.785,18.000,0.000,614.000,469.000,5.000,0.000,0.000,0.000,0.100,0.000,0.000,0.900,0.000,2.000,10.935,0.006,0.006,5.000
30.000,488.000,16.267,391.734,289.383,0.000,0.000,0.001,0.006,7.785,18.000,0.000,614.000,469.000,5.000,0.000,0.000,0.000,0.100,0.000,0.000,0.900,0.000,2.000,10.935,0.006,0.006,5.000
30.000,489.000,16.300,391.717,289.487,0.000,0.000,0.001,-0.002,7.785,18.000,0.000,614.000,469.000,5.000,0.000,0.000,0.000,0.100,0.000,0.000,0.900,0.000,2.000,7.119,-0.002,-0.002,5.000
30.000,490.000,16.333,391.948,289.577,0.000,0.000,0.001,-0.002,7.785,18.000,0.000,614.000,469.000,5.000,0.000,0.000,0.000,0.100,0.000,0.000,0.900,0.000,2.000,7.119,-0.002,-0.002,5.000
30.000,491.000,16.367,392.143,289.700,0.000,0.000,0.001,-0.002,7.785,18.000,0.000,614.000,469.000,5.000,0.000,0.000,0.000,0.100,0.000,0.000,0.900,0.000,2.000,7.119,-0.002,-0.002,5.000
30.000,492.000,16.400,392.293,289.713,0.000,0.000,0.001,-0.002,7.785,18.000,0.000,614.000,469.000,5.000,0.000,0.000,0.000,0.100,0.000,0.000,0.900,0.000,2.000,7.119,-0.002,-0.002,5.000
30.000,493.000,16.433,392.605,289.943,0.000,0.000,0.001,-0.002,7.785,18.000,0.000,614.000,469.000,5.000,0.000,0.000,0.000,0.100,0.000,0.000,0.900,0.000,2.000,7.119,-0.002,-0.002,5.000
30.000,494.000,16.467,392.721,289.860,0.000,0.000,0.001,-0.002,7.785,18.000,0.000,614.000,469.000,5.000,0.000,0.000,0.000,0.100,0.000,0.000,0.900,0.000,2.000,7.119,-0.002,-0.002,5.000
30.000,495.000,16.500,392.756,290.043,0.000,0.000,0.001,0.006,7.785,18.000,0.000,614.000,469.000,5.000,0.000,0.000,0.000,0.100,0.000,0.000,0.900,0.000,2.000,14.509,0.006,0.006,5.000
30.000,496.000,16.533,392.740,289.800,0.000,0.000,0.001,0.006,7.785,18.000,0.000,614.000,469.000,5.000,0.000,0.000,0.000,0.100,0.000,0.000,0.900,0.000,2.000,14.509,0.006,0.006,5.000
30.000,497.000,16.567,392.976,290.198,0.000,0.000,0.001,0.006,7.785,18.000,0.000,614.000,469.000,5.000,0.000,0.000,0.000,0.100,0.000,0.000,0.900,0.000,2.000,14.509,0.006,0.006,5.000
30.000,498.000,16.600,393.074,290.084,0.000,0.000,0.001,0.006,7.785,18.000,0.000,614.000,469.000,5.000,0.000,0.000,0.000,0.100,0.000,0.000,0.900,0.000,2.000,14.509,0.006,0.006,5.000
30.000,499.000,16.633,393.166,290.186,0.000,0.000,0.001,0.006,7.785,18.000,0.000,614.000,469.000,5.000,0.000,0.000,0.000,0.100,0.000,0.000,0.900,0.000,2.000,14.509,0.006,0.006,5.000
30.000,500.000,16.667,393.199,290.241,0.000,0.000,0.001,0.006,7.785,18.000,0.000,614.000,469.000,5.000,0.000,0.000,0.000,0.100,0.000,0.000,0.900,0.000,2.000,14.509,0.006,0.006,5.000
30.000,501.000,16.700,392.952,290.359,0.000,0.000,0.001,0.003,7.785,18.000,0.000,614.000,469.000,5.000,0.000,0.000,0.000,0.100,0.000,0.000,0.900,0.000,2.000,5.868,0.003,0.003,5.000
30.000,502.000,16.733,392.612,290.358,0.000,0.000,0.001,0.003,7.785,18.000,0.000,614.000,469.000,5.000,0.000,0.000,0.000,0.100,0.000,0.000,0.900,0.000,2.000,5.868,0.003,0.003,5.000
30.000,503.000,16.767,392.877,290.787,0.000,0.000,0.001,0.003,7.785,18.000,0.000,614.000,469.000,5.000,0.000,0.000,0.000,0.100,0.000,0.000,0.900,0.000,2.000,5.868,0.003,0.003,5.000
30.000,504.000,16.800,393.324,290.730,0.000,0.000,0.001,0.003,7.785,18.000,0.000,614.000,469.000,5.000,0.000,0.000,0.000,0.100,0.000,0.000,0.900,0.000,2.000,5.868,0.003,0.003,5.000
30.000,505.000,16.833,393.656,290.830,0.000,0.000,0.001,0.003,7.785,18.000,0.000,614.000,469.000,5.000,0.000,0.000,0.000,0.100,0.000,0.000,0.900,0.000,2.000,5.868,0.003,0.003,5.000
30.000,506.000,16.867,393.667,290.644,0.000,0.000,0.001,0.003,7.785,18.000,0.000,614.000,469.000,5.000,0.000,0.000,0.000,0.100,0.000,0.000,0.900,0.000,2.000,5.868,0.003,0.003,5.000
30.000,507.000,16.900,393.738,290.691,0.000,0.000,0.001,-0.003,7.785,18.000,0.000,614.000,469.000,5.000,0.000,0.000,0.000,0.100,0.000,0.000,0.900,0.000,2.000,7.772,-0.003,-0.003,5.000
30.000,508.000,16.933,393.742,290.846,0.000,0.000,0.001,-0.003,7.785,18.000,0.000,614.000,469.000,5.000,0.000,0.000,0.000,0.100,0.000,0.000,0.900,0.000,2.000,7.772,-0.003,-0.003,5.000
30.000,509.000,16.967,393.792,290.852,0.000,0.000,0.001,-0.003,7.785,18.000,0.000,614.000,469.000,5.000,0.000,0.000,0.000,0.100,0.000,0.000,0.900,0.000,2.000,7.772,-0.003,-0.003,5.000
30.000,510.000,17.000,393.736,291.141,0.000,0.000,0.001,-0.003,7.785,18.000,0.000,614.000,469.000,5.000,0.000,0.000,0.000,0.100,0.000,0.000,0.900,0.000,2.000,7.772,-0.003,-0.003,5.000
30.000,511.000,17.033,394.006,291.348,0.000,0.000,0.001,-0.003,7.785,18.000,0.000,614.000,469.000,5.000,0.000,0.000,0.000,0.100,0.000,0.000,0.900,0.000,2.000,7.772,-0.003,-0.003,5.000
30.000,512.000,17.067,394.225,291.542,0.000,0.000,0.001,-0.003,7.785,18.000,0.000,614.000,469.000,5.000,0.000,0.000,0.000,0.100,0.000,0.000,0.900,0.000,2.000,7.772,-0.003,-0.003,5.000
30.000,513.000,17.100,394.219,291.706,0.000,0.000,0.001,-0.003,7.785,18.000,0.000,614.000,469.000,5.000,0.000,0.000,0.000,0.100,0.000,0.000,0.900,0.000,2.000,6.007,-0.003,-0.003,5.000
30.000,514.000,17.133,394.559,291.996,0.000,0.000,0.001,-0.003,7.785,18.000,0.000,614.000,469.000,5.000,0.000,0.000,0.000,0.100,0.000,0.000,0.900,0.000,2.000,6.007,-0.003,-0.003,5.000
30.000,515.000,17.167,394.731,292.282,0.000,0.000,0.001,-0.003,7.785,18.000,0.000,614.000,469.000,5.000,0.000,0.000,0.000,0.100,0.000,0.000,0.900,0.000,2.000,6.007,-0.003,-0.003,5.000
30.000,516.000,17.200,395.057,292.407,0.000,0.000,0.001,-0.003,7.785,18.000,0.000,614.000,469.000,5.000,0.000,0.000,0.000,0.100,0.000,0.000,0.900,0.000,2.000,6.007,-0.003,-0.003,5.000
30.000,517.000,17.233,395.046,292.370,0.000,0.000,0.001,-0.003,7.785,18.000,0.000,614.000,469.000,5.000,0.000,0.000,0.000,0.100,0.000,0.000,0.900,0.000,2.000,6.007,-0.003,-0.003,5.000
30.010,518.000,17.261,395.028,292.409,0.000,0.000,0.001,-0.003,7.785,18.000,0.000,614.000,469.000,5.000,0.000,0.000,0.000,0.100,0.000,0.000,0.900,0.000,2.000,6.007,-0.003,-0.003,5.000
30.010,519.000,17.294,395.254,292.562,0.000,0.000,0.001,-0.003,7.785,18.000,0.000,614.000,469.000,5.000,0.000,0.000,0.000,0.100,0.000,0.000,0.900,0.000,2.000,13.993,-0.003,-0.003,5.000
30.010,520.000,17.328,395.230,292.722,0.000,0.000,0.001,-0.003,7.785,18.000,0.000,614.000,469.000,5.000,0.000,0.000,0.000,0.100,0.000,0.000,0.900,0.000,2.000,13.993,-0.003,-0.003,5.000
30.010,521.000,17.361,395.150,292.727,0.000,0.000,0.001,-0.003,7.785,18.000,0.000,614.000,469.000,5.000,0.000,0.000,0.000,0.100,0.000,0.000,0.900,0.000,2.000,13.993,-0.003,-0.003,5.000
30.010,522.000,17.394,395.048,292.818,0.000,0.000,0.001,-0.003,7.785,18.000,0.000,614.000,469.000,5.000,0.000,0.000,0.000,0.100,0.000,0.000,0.900,0.000,2.000,13.993,-0.003,-0.003,5.000
30.010,523.000,17.428,395.138,292.871,0.000,0.000,0.001,-0.003,7.785,18.000,0.000,614.000,469.000,5.000,0.000,0.000,0.000,0.100,0.000,0.000,0.900,0.000,2.000,13.993,-0.003,-0.003,5.000
30.010,524.000,17.461,395.341,293.209,0.000,0.000,0.001,-0.003,7.785,18.000,0.000,614.000,469.000,5.000,0.000,0.000,0.000,0.100,0.000,0.000,0.900,0.000,2.000,13.993,-0.003,-0.003,5.000
30.010,525.000,17.494,395.664,293.405,0.000,0.000,0.001,-0.006,7.785,18.000,0.000,614.000,469.000,5.000,0.000,0.000,0.000,0.100,0.000,0.000,0.900,0.000,2.000,4.884,-0.006,-0.006,5.000
30.010,526.000,17.528,395.842,293.621,0.000,0.000,0.001,-0.006,7.785,18.000,0.000,614.000,469.000,5.000,0.000,0.000,0.000,0.100,0.000,0.000,0.900,0.000,2.000,4.884,-0.006,-0.006,5.000
30.010,527.000,17.561,395.974,293.654,0.000,0.000,0.001,-0.006,7.785,18.000,0.000,614.000,469.000,5.000,0.000,0.000,0.000,0.100,0.000,0.000,0.900,0.000,2.000,4.884,-0.006,-0.006,5.000
30.010,528.000,17.594,395.974,293.705,0.000,0.000,0.001,-0.006,7.785,18.000,0.000,614.000,469.000,5.000,0.000,0.000,0.000,0.100,0.000,0.000,0.900,0.000,2.000,4.884,-0.006,-0.006,5.000
30.010,529.000,17.628,396.107,293.823,0.000,0.000,0.001,-0.006,7.785,18.000,0.000,614.000,469.000,5.000,0.000,0.000,0.000,0.100,0.000,0.000,0.900,0.000,2.000,4.884,-0.006,-0.006,5.000
30.010,530.000,17.661,396.442,293.830,0.000,0.000,0.001,-0.006,7.785,18.000,0.000,614.000,469.000,5.000,0.000,0.000,0.000,0.100,0.000,0.000,0.900,0.000,2.000,4.884,-0.006,-0.006,5.000
30.010,531.000,17.694,396.345,293.947,0.000,0.000,0.001,-0.002,7.785,18.000,0.000,614.000,469.000,5.000,0.000,0.000,0.000,0.100,0.000,0.000,0.900,0.000,2.000,13.043,-0.002,-0.002,5.000
30.010,532.000,17.728,396.254,294.166,0.000,0.000,0.001,-0.002,7.785,18.000,0.000,614.000,469.000,5.000,0.000,0.000,0.000,0.100,0.000,0.000,0.900,0.000,2.000,13.043,-0.002,-0.002,5.000
30.010,533.000,17.761,396.425,294.173,0.000,0.000,0.001,-0.002,7.785,18.000,0.000,614.000,469.000,5.000,0.000,0.000,0.000,0.100,0.000,0.000,0.900,0.000,2.000,13.043,-0.002,-0.002,5.000
30.010,534.000,17.794,396.809,294.273,0.000,0.000,0.001,-0.002,7.785,18.000,0.000,614.000,469.000,5.000,0.000,0.000,0.000,0.100,0.000,0.000,0.900,0.000,2.000,13.043,-0.002,-0.002,5.000
30.010,535.000,17.828,397.068,294.318,0.000,0.000,0.001,-0.002,7.785,18.000,0.000,614.000,469.000,5.000,0.000,0.000,0.000,0.100,0.000,0.000,0.900,0.000,2.000,13.043,-0.002,-0.002,5.000
30.010,536.000,17.861,397.148,294.244,0.000,0.000,0.001,-0.002,7.785,18.000,0.000,614.000,469.000,5.000,0.000,0.000,0.000,0.100,0.000,0.000,0.900,0.000,2.000,13.043,-0.002,-0.002,5.000
30.010,537.000,17.894,397.420,294.385,0.000,0.000,0.001,0.004,7.785,18.000,0.000,614.000,469.000,5.000,0.000,0.000,0.000,0.100,0.000,0.000,0.900,0.000,2.000,10.373,0.004,0.004,5.000
30.010,538.000,17.928,397.641,294.539,0.000,0.000,0.001,0.004,7.785,18.000,0.000,614.000,469.000,5.000,0.000,0.000,0.000,0.100,0.000,0.000,0.900,0.000,2.000,10.373,0.004,0.004,5.000
30.010,539.000,17.961,397.737,294.406,0.000,0.000,0.001,0.004,7.785,18.000,0.000,614.000,469.000,5.000,0.000,0.000,0.000,0.100,0.000,0.000,0.900,0.000,2.000,10.373,0.004,0.004,5.000
30.010,540.000,17.994,397.551,294.469,0.000,0.000,0.001,0.004,7.785,18.000,0.000,614.000,469.000,5.000,0.000,0.000,0.000,0.100,0.000,0.000,0.900,0.000,2.000,10.373,0.004,0.004,5.000
30.010,541.000,18.028,397.440,294.573,0.000,0.000,0.001,0.004,7.785,18.000,0.000,614.000,469.000,5.000,0.000,0.000,0.000,0.100,0.000,0.000,0.900,0.000,2.000,10.373,0.004,0.004,5.000
30.010,542.000,18.061,397.681,294.798,0.000,0.000,0.001,0.004,7.785,18.000,0.000,614.000,469.000,5.000,0.000,0.000,0.000,0.100,0.000,0.000,0.900,0.000,2.000,10.373,0.004,0.004,5.000
30.010,543.000,18.094,397.829,294.949,0.000,0.000,0.001,0.001,7.785,18.000,0.000,614.000,469.000,5.000,0.000,0.000,0.000,0.100,0.000,0.000,0.900,0.000,2.000,4.332,0.001,0.001,5.000
30.010,544.000,18.127,397.858,295.256,0.000,0.000,0.001,0.001,7.785,18.000,0.000,614.000,469.000,5.000,0.000,0.000,0.000,0.100,0.000,0.000,0.900,0.000,2.000,4.332,0.001,0.001,5.000
30.010,545.000,18.161,397.867,295.407,0.000,0.000,0.001,0.001,7.785,18.000,0.000,614.000,469.000,5.000,0.000,0.000,0.000,0.100,0.000,0.000,0.900,0.000,2.000,4.332,0.001,0.001,5.000
30.010,546.000,18.194,397.755,295.464,0.000,0.000,0.001,0.001,7.785,18.000,0.000,614.000,469.000,5.000,0.000,0.000,0.000,0.100,0.000,0.000,0.900,0.000,2.000,4.332,0.001,0.001,5.000
30.010,547.000,18.227,397.814,295.651,0.000,0.000,0.001,0.001,7.785,18.000,0.000,614.000,469.000,5.000,0.000,0.000,0.000,0.100,0.000,0.000,0.900,0.000,2.000,4.332,0.001,0.001,5.000
30.000,548.000,18.267,398.093,295.869,0.000,0.000,0.001,0.001,7.785,18.000,0.000,614.000,469.000,5.000,0.000,0.000,0.000,0.100,0.000,0.000,0.900,0.000,2.000,4.332,0.001,0.001,5.000
30.000,549.000,18.300,398.192,295.939,0.000,0.000,0.001,-0.011,7.785,18.000,0.000,614.000,469.000,5.000,0.000,0.000,0.000,0.100,0.000,0.000,0.900,0.000,2.000,10.954,-0.011,-0.011,5.000
30.000,550.000,18.333,398.502,296.177,0.000,0.000,0.001,-0.011,7.785,18.000,0.000,614.000,469.000,5.000,0.000,0.000,0.000,0.100,0.000,0.000,0.900,0.000,2.000,10.954,-0.011,-0.011,5.000
30.000,551.000,18.367,398.352,296.354,0.000,0.000,0.001,-0.011,7.785,18.000,0.000,614.000,469.000,5.000,0.000,0.000,0.000,0.100,0.000,0.000,0.900,0.000,2.000,10.954,-0.011,-0.011,5.000
30.000,552.000,18.400,398.643,296.511,0.000,0.000,0.001,-0.011,7.785,18.000,0.000,614.000,469.000,5.000,0.000,0.000,0.000,0.100,0.000,0.000,0.900,0.000,2.000,10.954,-0.011,-0.011,5.000
30.000,553.000,18.433,398.605,296.629,0.000,0.000,0.001,-0.011,7.785,18.000,0.000,614.000,469.000,5.000,0.000,0.000,0.000,0.100,0.000,0.000,0.900,0.000,2.000,10.954,-0.011,-0.011,5.000
30.000,554.000,18.467,398.743,296.664,0.000,0.000,0.001,-0.011,7.785,18.000,0.000,614.000,469.000,5.000,0.000,0.000,0.000,0.100,0.000,0.000,0.900,0.000,2.000,10.954,-0.011,-0.011,5.000
30.000,555.000,18.500,398.797,296.998,0.000,0.000,0.001,-0.005,7.785,18.000,0.000,614.000,469.000,5.000,0.000,0.000,0.000,0.100,0.000,0.000,0.900,0.000,2.000,12.073,-0.005,-0.005,5.000
30.000,556.000,18.533,398.962,296.925,0.000,0.000,0.001,-0.005,7.785,18.000,0.000,614.000,469.000,5.000,0.000,0.000,0.000,0.100,0.000,0.000,0.900,0.000,2.000,12.073,-0.005,-0.005,5.000
30.000,557.000,18.567,399.205,297.214,0.000,0.000,0.001,-0.005,7.785,18.000,0.000,614.000,469.000,5.000,0.000,0.000,0.000,0.100,0.000,0.000,0.900,0.000,2.000,12.073,-0.005,-0.005,5.000
30.000,558.000,18.600,399.128,297.214,0.000,0.000,0.001,-0.005,7.785,18.000,0.000,614.000,469.000,5.000,0.000,0.000,0.000,0.100,0.000,0.000,0.900,0.000,2.000,12.073,-0.005,-0.005,5.000
30.000,559.000,18.633,399.240,297.442,0.000,0.000,0.001,-0.005,7.785,18.000,0.000,614.000,469.000,5.000,0.000,0.000,0.000,0.100,0.000,0.000,0.900,0.000,2.000,12.073,-0.005,-0.005,5.000
30.000,560.000,18.667,399.249,297.327,0.000,0.000,0.001,-0.005,7.785,18.000,0.000,614.000,469.000,5.000,0.000,0.000,0.000,0.100,0.000,0.000,0.900,0.000,2.000,12.073,-0.005,-0.005,5.000
30.000,561.000,18.700,399.478,297.378,0.000,0.000,0.001,-0.004,7.785,18.000,0.000,614.000,469.000,5.000,0.000,0.000,0.000,0.100,0.000,0.000,0.900,0.000,2.000,9.901,-0.004,-0.004,5.000
30.000,562.000,18.733,399.319,297.569,0.000,0.000,0.001,-0.004,7.785,18.000,0.000,614.000,469.000,5.000,0.000,0.000,0.000,0.100,0.000,0.000,0.900,0.000,2.000,9.901,-0.004,-0.004,5.000
30.000,563.000,18.767,399.392,297.630,0.000,0.000,0.001,-0.004,7.785,18.000,0.000,614.000,469.000,5.000,0.000,0.000,0.000,0.100,0.000,0.000,0.900,0.000,2.000,9.901,-0.004,-0.004,5.000
30.000,564.000,18.800,399.400,297.866,0.000,0.000,0.001,-0.004,7.785,18.000,0.000,614.000,469.000,5.000,0.000,0.000,0.000,0.100,0.000,0.000,0.900,0.000,2.000,9.901,-0.004,-0.004,5.000
30.000,565.000,18.833,399.549,297.901,0.000,0.000,0.001,-0.004,7.785,18.000,0.000,614.000,469.000,5.000,0.000,0.000,0.000,0.100,0.000,0.000,0.900,0.000,2.000,9.901,-0.004,-0.004,5.000
30.000,566.000,18.867,399.558,297.888,0.000,0.000,0.001,-0.004,7.785,18.000,0.000,614.000,469.000,5.000,0.000,0.000,0.000,0.100,0.000,0.000,0.900,0.000,2.000,9.901,-0.004,-0.004,5.000
30.000,567.000,18.900,399.559,298.177,0.000,0.000,0.001,-0.003,7.785,18.000,0.000,614.000,469.000,5.000,0.000,0.000,0.000,0.100,0.000,0.000,0.900,0.000,2.000,5.319,-0.003,-0.003,5.000
30.000,568.000,18.933,399.421,298.182,0.000,0.000,0.001,-0.003,7.785,18.000,0.000,614.000,469.000,5.000,0.000,0.000,0.000,0.100,0.000,0.000,0.900,0.000,2.000,5.319,-0.003,-0.003,5.000
30.000,569.000,18.967,399.666,298.369,0.000,0.000,0.001,-0.003,7.785,18.000,0.000,614.000,469.000,5.000,0.000,0.000,0.000,0.100,0.000,0.000,0.900,0.000,2.000,5.319,-0.003,-0.003,5.000
30.000,570.000,19.000,399.967,298.348,0.000,0.000,0.001,-0.003,7.785,18.000,0.000,614.000,469.000,5.000,0.000,0.000,0.000,0.100,0.000,0.000,0.900,0.000,2.000,5.319,-0.003,-0.003,5.000
30.000,571.000,19.033,400.068,298.398,0.000,0.000,0.001,-0.003,7.785,18.000,0.000,614.000,469.000,5.000,0.000,0.000,0.000,0.100,0.000,0.000,0.900,0.000,2.000,5.319,-0.003,-0.003,5.000
30.000,572.000,19.067,400.193,298.504,0.000,0.000,0.001,-0.003,7.785,18.000,0.000,614.000,469.000,5.000,0.000,0.000,0.000,0.100,0.000,0.000,0.900,0.000,2.000,5.319,-0.003,-0.003,5.000
30.000,573.000,19.100,400.240,298.605,0.000,0.000,0.001,-0.001,7.785,18.000,0.000,614.000,469.000,5.000,0.000,0.000,0.000,0.100,0.000,0.000,0.900,0.000,2.000,6.894,-0.001,-0.001,5.000
30.000,574.000,19.133,400.631,298.572,0.000,0.000,0.001,-0.001,7.785,18.000,0.000,614.000,469.000,5.000,0.000,0.000,0.000,0.100,0.000,0.000,0.900,0.000,2.000,6.894,-0.001,-0.001,5.000
30.000,575.000,19.167,400.593,298.643,0.000,0.000,0.001,-0.001,7.785,18.000,0.000,614.000,469.000,5.000,0.000,0.000,0.000,0.100,0.000,0.000,0.900,0.000,2.000,6.894,-0.001,-0.001,5.000
30.000,576.000,19.200,401.138,299.007,0.000,0.000,0.001,-0.001,7.785,18.000,0.000,614.000,469.000,5.000,0.000,0.000,0.000,0.100,0.000,0.000,0.900,0.000,2.000,6.894,-0.001,-0.001,5.000
30.000,577.000,19.233,401.123,299.229,0.000,0.000,0.001,-0.001,7.785,18.000,0.000,614.000,469.000,5.000,0.000,0.000,0.000,0.100,0.000,0.000,0.900,0.000,2.000,6.894,-0.001,-0.001,5.000
30.000,578.000,19.267,401.160,299.459,0.000,0.000,0.001,-0.001,7.785,18.000,0.000,614.000,469.000,5.000,0.000,0.000,0.000,0.100,0.000,0.000,0.900,0.000,2.000,6.894,-0.001,-0.001,5.000
30.000,579.000,19.300,401.302,299.305,0.000,0.000,0.001,0.000,7.785,18.000,0.000,614.000,469.000,5.000,0.000,0.000,0.000,0.100,0.000,0.000,0.900,0.000,2.000,12.891,0.000,0.000,5.000
30.000,580.000,19.333,401.385,299.381,0.000,0.000,0.001,0.000,7.785,18.000,0.000,614.000,469.000,5.000,0.000,0.000,0.000,0.100,0.000,0.000,0.900,0.000,2.000,12.891,0.000,0.000,5.000
30.000,581.000,19.367,401.749,299.458,0.000,0.000,0.001,0.000,7.785,18.000,0.000,614.000,469.000,5.000,0.000,0.000,0.000,0.100,0.000,0.000,0.900,0.000,2.000,12.891,0.000,0.000,5.000
30.000,582.000,19.400,401.764,299.546,0.000,0.000,0.001,0.000,7.785,18.000,0.000,614.000,469.000,5.000,0.000,0.000,0.000,0.100,0.000,0.000,0.900,0.000,2.000,12.891,0.000,0.000,5.000
30.000,583.000,19.433,401.621,299.656,0.000,0.000,0.001,0.000,7.785,18.000,0.000,614.000,469.000,5.000,0.000,0.000,0.000,0.100,0.000,0.000,0.900,0.000,2.000,12.891,0.000,0.000,5.000
30.000,584.000,19.467,401.621,299.910,0.000,0.000,0.001,0.000,7.785,18.000,0.000,614.000,469.000,5.000,0.000,0.000,0.000,0.100,0.000,0.000,0.900,0.000,2.000,12.891,0.000,0.000,5.000
30.000,585.000,19.500,401.945,300.129,0.000,0.000,0.001,-0.000,7.785,18.000,0.000,614.000,469.000,5.000,0.000,0.000,0.000,0.100,0.000,0.000,0.900,0.000,2.000,6.295,-0.000,-0.000,5.000
30.000,586.000,19.533,402.000,300.083,0.000,0.000,0.001,-0.000,7.785,18.000,0.000,614.000,469.000,5.000,0.000,0.000,0.000,0.100,0.000,0.000,0.900,0.000,2.000,6.295,-0.000,-0.000,5.000
30.000,587.000,19.567,401.923,300.229,0.000,0.000,0.001,-0.000,7.785,18.000,0.000,614.000,469.000,5.000,0.000,0.000,0.000,0.100,0.000,0.000,0.900,0.000,2.000,6.295,-0.000,-0.000,5.000
30.000,588.000,19.600,401.905,300.234,0.000,0.000,0.001,-0.000,7.785,18.000,0.000,614.000,469.000,5.000,0.000,0.000,0.000,0.100,0.000,0.000,0.900,0.000,2.000,6.295,-0.000,-0.000,5.000
30.000,589.000,19.633,401.895,300.318,0.000,0.000,0.001,-0.000,7.785,18.000,0.000,614.000,469.000,5.000,0.000,0.000,0.000,0.100,0.000,0.000,0.900,0.000,2.000,6.295,-0.000,-0.000,5.000
30.000,590.000,19.667,402.083,300.271,0.000,0.000,0.001,-0.000,7.785,18.000,0.000,614.000,469.000,5.000,0.000,0.000,0.000,0.100,0.000,0.000,0.900,0.000,2.000,6.295,-0.000,-0.000,5.000
30.000,591.000,19.700,402.000,300.433,0.000,0.000,0.001,-0.006,7.785,18.000,0.000,614.000,469.000,5.000,0.000,0.000,0.000,0.100,0.000,0.000,0.900,0.000,2.000,6.881,-0.006,-0.006,5.000
30.000,592.000,19.733,402.167,300.593,0.000,0.000,0.001,-0.006,7.785,18.000,0.000,614.000,469.000,5.000,0.000,0.000,0.000,0.100,0.000,0.000,0.900,0.000,2.000,6.881,-0.006,-0.006,5.000
30.000,593.000,19.767,402.431,300.593,0.000,0.000,0.001,-0.006,7.785,18.000,0.000,614.000,469.000,5.000,0.000,0.000,0.000,0.100,0.000,0.000,0.900,0.000,2.000,6.881,-0.006,-0.006,5.000
30.000,594.000,19.800,402.535,300.759,0.000,0.000,0.001,-0.006,7.785,18.000,0.000,614.000,469.000,5.000,0.000,0.000,0.000,0.100,0.000,0.000,0.900,0.000,2.000,6.881,-0.006,-0.006,5.000
30.000,595.000,19.833,402.362,301.151,0.000,0.000,0.001,-0.006,7.785,18.000,0.000,614.000,469.000,5.000,0.000,0.000,0.000,0.100,0.000,0.000,0.900,0.000,2.000,6.881,-0.006,-0.006,5.000
30.000,596.000,19.867,402.419,301.408,0.000,0.000,0.001,-0.006,7.785,18.000,0.000,614.000,469.000,5.000,0.000,0.000,0.000,0.100,0.000,0.000,0.900,0.000,2.000,6.881,-0.006,-0.006,5.000
30.000,597.000,19.900,402.544,301.441,0.000,0.000,0.001,-0.007,7.785,18.000,0.000,614.000,469.000,5.000,0.000,0.000,0.000,0.100,0.000,0.000,0.900,0.000,2.000,9.171,-0.007,-0.007,5.000
30.000,598.000,19.933,402.366,301.496,0.000,0.000,0.001,-0.007,7.785,18.000,0.000,614.000,469.000,5.000,0.000,0.000,0.000,0.100,0.000,0.000,0.900,0.000,2.000,9.171,-0.007,-0.007,5.000
30.000,599.000,19.967,402.414,301.449,0.000,0.000,0.001,-0.007,7.785,18.000,0.000,614.000,469.000,5.000,0.000,0.000,0.000,0.100,0.000,0.000,0.900,0.000,2.000,9.171,-0.007,-0.007,5.000
30.000,600.000,20.000,402.950,301.471,0.000,0.000,0.001,-0.007,7.785,18.000,0.000,614.000,469.000,5.000,0.000,0.000,0.000,0.100,0.000,0.000,0.900,0.000,2.000,9.171,-0.007,-0.007,5.000
30.000,601.000,20.033,402.952,301.648,0.000,0.000,0.001,-0.007,7.785,18.000,0.000,614.000,469.000,5.000,0.000,0.000,0.000,0.100,0.000,0.000,0.900,0.000,2.000,9.171,-0.007,-0.007,5.000
30.000,602.000,20.067,403.109,301.560,0.000,0.000,0.001,-0.007,7.785,18.000,0.000,614.000,469.000,5.000,0.000,0.000,0.000,0.100,0.000,0.000,0.900,0.000,2.000,9.171,-0.007,-0.007,5.000
30.000,603.000,20.100,403.204,301.888,0.000,0.000,0.001,-0.000,7.785,18.000,0.000,614.000,469.000,5.000,0.000,0.000,0.000,0.100,0.000,0.000,0.900,0.000,2.000,7.397,-0.000,-0.000,5.000
30.000,604.000,20.133,403.549,301.768,0.000,0.000,0.001,-0.000,7.785,18.000,0.000,614.000,469.000,5.000,0.000,0.000,0.000,0.100,0.000,0.000,0.900,0.000,2.000,7.397,-0.000,-0.000,5.000
30.000,605.000,20.167,403.769,302.024,0.000,0.000,0.001,-0.000,7.785,18.000,0.000,614.000,469.000,5.000,0.000,0.000,0.000,0.100,0.000,0.000,0.900,0.000,2.000,7.397,-0.000,-0.000,5.000
30.000,606.000,20.200,404.026,302.046,0.000,0.000,0.001,-0.000,7.785,18.000,0.000,614.000,469.000,5.000,0.000,0.000,0.000,0.100,0.000,0.000,0.900,0.000,2.000,7.397,-0.000,-0.000,5.000
30.000,607.000,20.233,404.031,302.051,0.000,0.000,0.001,-0.000,7.785,18.000,0.000,614.000,469.000,5.000,0.000,0.000,0.000,0.100,0.000,0.000,0.900,0.000,2.000,7.397,-0.000,-0.000,5.000
30.000,608.000,20.267,403.783,301.881,0.000,0.000,0.001,-0.000,7.785,18.000,0.000,614.000,469.000,5.000,0.000,0.000,0.000,0.100,0.000,0.000,0.900,0.000,2.000,7.397,-0.000,-0.000,5.000
30.010,609.000,20.293,403.832,302.174,0.000,0.000,0.001,0.007,7.785,18.000,0.000,614.000,469.000,5.000,0.000,0.000,0.000,0.100,0.000,0.000,0.900,0.000,2.000,11.059,0.007,0.007,5.000
30.010,610.000,20.327,403.701,302.295,0.000,0.000,0.001,0.007,7.785,18.000,0.000,614.000,469.000,5.000,0.000,0.000,0.000,0.100,0.000,0.000,0.900,0.000,2.000,11.059,0.007,0.007,5.000
30.010,611.000,20.360,403.676,302.593,0.000,0.000,0.001,0.007,7.785,18.000,0.000,614.000,469.000,5.000,0.000,0.000,0.000,0.100,0.000,0.000,0.900,0.000,2.000,11.059,0.007,0.007,5.000
30.010,612.000,20.393,403.649,302.539,0.000,0.000,0.001,0.007,7.785,18.000,0.000,614.000,469.000,5.000,0.000,0.000,0.000,0.100,0.000,0.000,0.900,0.000,2.000,11.059,0.007,0.007,5.000
30.010,613.000,20.427,403.787,302.636,0.000,0.000,0.001,0.007,7.785,18.000,0.000,614.000,469.000,5.000,0.000,0.000,0.000,0.100,0.000,0.000,0.900,0.000,2.000,11.059,0.007,0.007,5.000
30.010,614.000,20.460,403.978,302.956,0.000,0.000,0.001,0.007,7.785,18.000,0.000,614.000,469.000,5.000,0.000,0.000,0.000,0.100,0.000,0.000,0.900,0.000,2.000,11.059,0.007,0.007,5.000
30.010,615.000,20.493,404.044,302.806,0.000,0.000,0.001,-0.011,7.785,18.000,0.000,614.000,469.000,5.000,0.000,0.000,0.000,0.100,0.000,0.000,0.900,0.000,2.000,6.083,-0.011,-0.011,5.000
30.010,616.000,20.527,404.007,302.824,0.000,0.000,0.001,-0.011,7.785,18.000,0.000,614.000,469.000,5.000,0.000,0.000,0.000,0.100,0.000,0.000,0.900,0.000,2.000,6.083,-0.011,-0.011,5.000
30.010,617.000,20.560,404.050,302.985,0.000,0.000,0.001,-0.011,7.785,18.000,0.000,614.000,469.000,5.000,0.000,0.000,0.000,0.100,0.000,0.000,0.900,0.000,2.000,6.083,-0.011,-0.011,5.000
30.010,618.000,20.593,404.197,303.195,0.000,0.000,0.001,-0.011,7.785,18.000,0.000,614.000,469.000,5.000,0.000,0.000,0.000,0.100,0.000,0.000,0.900,0.000,2.000,6.083,-0.011,-0.011,5.000
30.010,619.000,20.627,404.399,303.257,0.000,0.000,0.001,-0.011,7.785,18.000,0.000,614.000,469.000,5.000,0.000,0.000,0.000,0.100,0.000,0.000,0.900,0.000,2.000,6.083,-0.011,-0.011,5.000
30.010,620.000,20.660,404.273,303.284,0.000,0.000,0.001,-0.011,7.785,18.000,0.000,614.000,469.000,5.000,0.000,0.000,0.000,0.100,0.000,0.000,0.900,0.000,2.000,6.083,-0.011,-0.011,5.000
30.010,621.000,20.693,404.081,303.272,0.000,0.000,0.001,-0.002,7.785,18.000,0.000,614.000,469.000,5.000,0.000,0.000,0.000,0.100,0.000,0.000,0.900,0.000,2.000,8.369,-0.002,-0.002,5.000
30.010,622.000,20.727,404.093,303.387,0.000,0.000,0.001,-0.002,7.785,18.000,0.000,614.000,469.000,5.000,0.000,0.000,0.000,0.100,0.000,0.000,0.900,0.000,2.000,8.369,-0.002,-0.002,5.000
30.010,623.000,20.760,404.252,303.359,0.000,0.000,0.001,-0.002,7.785,18.000,0.000,614.000,469.000,5.000,0.000,0.000,0.000,0.100,0.000,0.000,0.900,0.000,2.000,8.369,-0.002,-0.002,5.000
30.010,624.000,20.793,404.493,303.277,0.000,0.000,0.001,-0.002,7.785,18.000,0.000,614.000,469.000,5.000,0.000,0.000,0.000,0.100,0.000,0.000,0.900,0.000,2.000,8.369,-0.002,-0.002,5.000
30.010,625.000,20.827,404.636,303.468,0.000,0.000,0.001,-0.002,7.785,18.000,0.000,614.000,469.000,5.000,0.000,0.000,0.000,0.100,0.000,0.000,0.900,0.000,2.000,8.369,-0.002,-0.002,5.000
30.010,626.000,20.860,404.749,303.836,0.000,0.000,0.001,-0.002,7.785,18.000,0.000,614.000,469.000,5.000,0.000,0.000,0.000,0.100,0.000,0.000,0.900,0.000,2.000,8.369,-0.002,-0.002,5.000
30.010,627.000,20.893,404.885,304.135,0.000,0.000,0.001,-0.000,7.785,18.000,0.000,614.000,469.000,5.000,0.000,0.000,0.000,0.100,0.000,0.000,0.900,0.000,2.000,3.046,-0.000,-0.000,5.000
30.010,628.000,20.927,405.111,304.190,0.000,0.000,0.001,-0.000,7.785,18.000,0.000,614.000,469.000,5.000,0.000,0.000,0.000,0.100,0.000,0.000,0.900,0.000,2.000,3.046,-0.000,-0.000,5.000
30.010,629.000,20.960,405.037,304.396,0.000,0.000,0.001,-0.000,7.785,18.000,0.000,614.000,469.000,5.000,0.000,0.000,0.000,0.100,0.000,0.000,0.900,0.000,2.000,3.046,-0.000,-0.000,5.000
30.010,630.000,20.993,405.136,304.496,0.000,0.000,0.001,-0.000,7.785,18.000,0.000,614.000,469.000,5.000,0.000,0.000,0.000,0.100,0.000,0.000,0.900,0.000,2.000,3.046,-0.000,-0.000,5.000
30.010,631.000,21.027,405.133,304.556,0.000,0.000,0.001,-0.000,7.785,18.000,0.000,614.000,469.000,5.000,0.000,0.000,0.000,0.100,0.000,0.000,0.900,0.000,2.000,3.046,-0.000,-0.000,5.000
30.010,632.000,21.060,405.086,304.592,0.000,0.000,0.001,-0.000,7.785,18.000,0.000,614.000,469.000,5.000,0.000,0.000,0.000,0.100,0.000,0.000,0.900,0.000,2.000,3.046,-0.000,-0.000,5.000
30.010,633.000,21.093,405.137,305.089,0.000,0.000,0.001,-0.010,7.785,18.000,0.000,614.000,469.000,5.000,0.000,0.000,0.000,0.100,0.000,0.000,0.900,0.000,2.000,11.484,-0.010,-0.010,5.000
30.010,634.000,21.127,405.171,305.018,0.000,0.000,0.001,-0.010,7.785,18.000,0.000,614.000,469.000,5.000,0.000,0.000,0.000,0.100,0.000,0.000,0.900,0.000,2.000,11.484,-0.010,-0.010,5.000
30.010,635.000,21.160,405.202,305.213,0.000,0.000,0.001,-0.010,7.785,18.000,0.000,614.000,469.000,5.000,0.000,0.000,0.000,0.100,0.000,0.000,0.900,0.000,2.000,11.484,-0.010,-0.010,5.000
30.010,636.000,21.193,405.629,305.128,0.000,0.000,0.001,-0.010,7.785,18.000,0.000,614.000,469.000,5.000,0.000,0.000,0.000,0.100,0.000,0.000,0.900,0.000,2.000,11.484,-0.010,-0.010,5.000
30.010,637.000,21.226,405.683,305.299,0.000,0.000,0.001,-0.010,7.785,18.000,0.000,614.000,469.000,5.000,0.000,0.000,0.000,0.100,0.000,0.000,0.900,0.000,2.000,11.484,-0.010,-0.010,5.000
30.010,638.000,21.260,405.641,305.174,0.000,0.000,0.001,-0.010,7.785,18.000,0.000,614.000,469.000,5.000,0.000,0.000,0.000,0.100,0.000,0.000,0.900,0.000,2.000,11.484,-0.010,-0.010,5.000
30.000,639.000,21.300,405.570,305.417,0.000,0.000,0.001,-0.005,7.785,18.000,0.000,614.000,469.000,5.000,0.000,0.000,0.000,0.100,0.000,0.000,0.900,0.000,2.000,8.877,-0.005,-0.005,5.000
30.000,640.000,21.333,405.682,305.507,0.000,0.000,0.001,-0.005,7.785,18.000,0.000,614.000,469.000,5.000,0.000,0.000,0.000,0.100,0.000,0.000,0.900,0.000,2.000,8.877,-0.005,-0.005,5.000
30.000,641.000,21.367,405.468,305.538,0.000,0.000,0.001,-0.005,7.785,18.000,0.000,614.000,469.000,5.000,0.000,0.000,0.000,0.100,0.000,0.000,0.900,0.000,2.000,8.877,-0.005,-0.005,5.000
30.000,642.000,21.400,405.578,305.735,0.000,0.000,0.001,-0.005,7.785,18.000,0.000,614.000,469.000,5.000,0.000,0.000,0.000,0.100,0.000,0.000,0.900,0.000,2.000,8.877,-0.005,-0.005,5.000
30.000,643.000,21.433,405.715,306.013,0.000,0.000,0.001,-0.005,7.785,18.000,0.000,614.000,469.000,5.000,0.000,0.000,0.000,0.100,0.000,0.000,0.900,0.000,2.000,8.877,-0.005,-0.005,5.000
30.000,644.000,21.467,405.828,306.279,0.000,0.000,0.001,-0.005,7.785,18.000,0.000,614.000,469.000,5.000,0.000,0.000,0.000,0.100,0.000,0.000,0.900,0.000,2.000,8.877,-0.005,-0.005,5.000
30.000,645.000,21.500,406.051,306.549,0.000,0.000,0.001,-0.010,7.785,18.000,0.000,614.000,469.000,5.000,0.000,0.000,0.000,0.100,0.000,0.000,0.900,0.000,2.000,6.861,-0.010,-0.010,5.000
30.000,646.000,21.533,406.155,306.557,0.000,0.000,0.001,-0.010,7.785,18.000,0.000,614.000,469.000,5.000,0.000,0.000,0.000,0.100,0.000,0.000,0.900,0.000,2.000,6.861,-0.010,-0.010,5.000
30.000,647.000,21.567,406.070,306.733,0.000,0.000,0.001,-0.010,7.785,18.000,0.000,614.000,469.000,5.000,0.000,0.000,0.000,0.100,0.000,0.000,0.900,0.000,2.000,6.861,-0.010,-0.010,5.000
30.000,648.000,21.600,406.137,307.033,0.000,0.000,0.001,-0.010,7.785,18.000,0.000,614.000,469.000,5.000,0.000,0.000,0.000,0.100,0.000,0.000,0.900,0.000,2.000,6.861,-0.010,-0.010,5.000
30.000,649.000,21.633,406.283,307.189,0.000,0.000,0.001,-0.010,7.785,18.000,0.000,614.000,469.000,5.000,0.000,0.000,0.000,0.100,0.000,0.000,0.900,0.000,2.000,6.861,-0.010,-0.010,5.000
30.000,650.000,21.667,406.311,307.186,0.000,0.000,0.001,-0.010,7.785,18.000,0.000,614.000,469.000,5.000,0.000,0.000,0.000,0.100,0.000,0.000,0.900,0.000,2.000,6.861,-0.010,-0.010,5.000
30.000,651.000,21.700,406.208,307.385,0.000,0.000,0.001,-0.011,7.785,18.000,0.000,614.000,469.000,5.000,0.000,0.000,0.000,0.100,0.000,0.000,0.900,0.000,2.000,12.533,-0.011,-0.011,5.000
30.000,652.000,21.733,406.369,307.404,0.000,0.000,0.001,-0.011,7.785,18.000,0.000,614.000,469.000,5.000,0.000,0.000,0.000,0.100,0.000,0.000,0.900,0.000,2.000,12.533,-0.011,-0.011,5.000
30.000,653.000,21.767,406.266,307.416,0.000,0.000,0.001,-0.011,7.785,18.000,0.000,614.000,469.000,5.000,0.000,0.000,0.000,0.100,0.000,0.000,0.900,0.000,2.000,12.533,-0.011,-0.011,5.000
30.000,654.000,21.800,406.367,307.587,0.000,0.000,0.001,-0.011,7.785,18.000,0.000,614.000,469.000,5.000,0.000,0.000,0.000,0.100,0.000,0.000,0.900,0.000,2.000,12.533,-0.011,-0.011,5.000
30.000,655.000,21.833,406.400,307.837,0.000,0.000,0.001,-0.011,7.785,18.000,0.000,614.000,469.000,5.000,0.000,0.000,0.000,0.100,0.000,0.000,0.900,0.000,2.000,12.533,-0.011,-0.011,5.000
30.000,656.000,21.867,406.638,308.157,0.000,0.000,0.001,-0.011,7.785,18.000,0.000,614.000,469.000,5.000,0.000,0.000,0.000,0.100,0.000,0.000,0.900,0.000,2.000,12.533,-0.011,-0.011,5.000
30.000,657.000,21.900,406.899,308.342,0.000,0.000,0.001,-0.008,7.785,18.000,0.000,614.000,469.000,5.000,0.000,0.000,0.000,0.100,0.000,0.000,0.900,0.000,2.000,6.325,-0.008,-0.008,5.000
30.000,658.000,21.933,406.961,308.408,0.000,0.000,0.001,-0.008,7.785,18.000,0.000,614.000,469.000,5.000,0.000,0.000,0.000,0.100,0.000,0.000,0.900,0.000,2.000,6.325,-0.008,-0.008,5.000
30.000,659.000,21.967,407.068,308.484,0.000,0.000,0.001,-0.008,7.785,18.000,0.000,614.000,469.000,5.000,0.000,0.000,0.000,0.100,0.000,0.000,0.900,0.000,2.000,6.325,-0.008,-0.008,5.000
30.000,660.000,22.000,407.022,308.651,0.000,0.000,0.001,-0.008,7.785,18.000,0.000,614.000,469.000,5.000,0.000,0.000,0.000,0.100,0.000,0.000,0.900,0.000,2.000,6.325,-0.008,-0.008,5.000
30.000,661.000,22.033,407.310,308.868,0.000,0.000,0.001,-0.008,7.785,18.000,0.000,614.000,469.000,5.000,0.000,0.000,0.000,0.100,0.000,0.000,0.900,0.000,2.000,6.325,-0.008,-0.008,5.000
30.000,662.000,22.067,407.474,309.178,0.000,0.000,0.001,-0.008,7.785,18.000,0.000,614.000,469.000,5.000,0.000,0.000,0.000,0.100,0.000,0.000,0.900,0.000,2.000,6.325,-0.008,-0.008,5.000
30.000,663.000,22.100,407.501,309.324,0.000,0.000,0.001,-0.005,7.785,18.000,0.000,614.000,469.000,5.000,0.000,0.000,0.000,0.100,0.000,0.000,0.900,0.000,2.000,13.201,-0.005,-0.005,5.000
30.000,664.000,22.133,407.675,309.411,0.000,0.000,0.001,-0.005,7.785,18.000,0.000,614.000,469.000,5.000,0.000,0.000,0.000,0.100,0.000,0.000,0.900,0.000,2.000,13.201,-0.005,-0.005,5.000
30.000,665.000,22.167,407.784,309.410,0.000,0.000,0.001,-0.005,7.785,18.000,0.000,614.000,469.000,5.000,0.000,0.000,0.000,0.100,0.000,0.000,0.900,0.000,2.000,13.201,-0.005,-0.005,5.000
30.000,666.000,22.200,407.854,309.393,0.000,0.000,0.001,-0.005,7.785,18.000,0.000,614.000,469.000,5.000,0.000,0.000,0.000,0.100,0.000,0.000,0.900,0.000,2.000,13.201,-0.005,-0.005,5.000
30.000,667.000,22.233,407.860,309.471,0.000,0.000,0.001,-0.005,7.785,18.000,0.000,614.000,469.000,5.000,0.000,0.000,0.000,0.100,0.000,0.000,0.900,0.000,2.000,13.201,-0.005,-0.005,5.000
30.000,668.000,22.267,407.844,309.712,0.000,0.000,0.001,-0.005,7.785,18.000,0.000,614.000,469.000,5.000,0.000,0.000,0.000,0.100,0.000,0.000,0.900,0.000,2.000,13.201,-0.005,-0.005,5.000
30.000,669.000,22.300,407.832,309.695,0.000,0.000,0.001,-0.003,7.785,18.000,0.000,614.000,469.000,5.000,0.000,0.000,0.000,0.100,0.000,0.000,0.900,0.000,2.000,7.837,-0.003,-0.003,5.000
30.000,670.000,22.333,408.128,309.546,0.000,0.000,0.001,-0.003,7.785,18.000,0.000,614.000,469.000,5.000,0.000,0.000,0.000,0.100,0.000,0.000,0.900,0.000,2.000,7.837,-0.003,-0.003,5.000
30.000,671.000,22.367,408.170,309.759,0.000,0.000,0.001,-0.003,7.785,18.000,0.000,614.000,469.000,5.000,0.000,0.000,0.000,0.100,0.000,0.000,0.900,0.000,2.000,7.837,-0.003,-0.003,5.000
30.000,672.000,22.400,408.135,309.590,0.000,0.000,0.001,-0.003,7.785,18.000,0.000,614.000,469.000,5.000,0.000,0.000,0.000,0.100,0.000,0.000,0.900,0.000,2.000,7.837,-0.003,-0.003,5.000
30.000,673.000,22.433,408.554,309.691,0.000,0.000,0.001,-0.003,7.785,18.000,0.000,614.000,469.000,5.000,0.000,0.000,0.000,0.100,0.000,0.000,0.900,0.000,2.000,7.837,-0.003,-0.003,5.000
30.000,674.000,22.467,408.956,310.046,0.000,0.000,0.001,-0.003,7.785,18.000,0.000,614.000,469.000,5.000,0.000,0.000,0.000,0.100,0.000,0.000,0.900,0.000,2.000,7.837,-0.003,-0.003,5.000
30.000,675.000,22.500,409.207,310.152,0.000,0.000,0.001,0.005,7.785,18.000,0.000,614.000,469.000,5.000,0.000,0.000,0.000,0.100,0.000,0.000,0.900,0.000,2.000,6.995,0.005,0.005,5.000
30.000,676.000,22.533,409.434,310.120,0.000,0.000,0.001,0.005,7.785,18.000,0.000,614.000,469.000,5.000,0.000,0.000,0.000,0.100,0.000,0.000,0.900,0.000,2.000,6.995,0.005,0.005,5.000
30.000,677.000,22.567,409.683,310.314,0.000,0.000,0.001,0.005,7.785,18.000,0.000,614.000,469.000,5.000,0.000,0.000,0.000,0.100,0.000,0.000,0.900,0.000,2.000,6.995,0.005,0.005,5.000
30.000,678.000,22.600,409.807,310.319,0.000,0.000,0.001,0.005,7.785,18.000,0.000,614.000,469.000,5.000,0.000,0.000,0.000,0.100,0.000,0.000,0.900,0.000,2.000,6.995,0.005,0.005,5.000
30.000,679.000,22.633,409.488,310.354,0.000,0.000,0.001,0.005,7.785,18.000,0.000,614.000,469.000,5.000,0.000,0.000,0.000,0.100,0.000,0.000,0.900,0.000,2.000,6.995,0.005,0.005,5.000
30.000,680.000,22.667,409.682,310.406,0.000,0.000,0.001,0.005,7.785,18.000,0.000,614.000,469.000,5.000,0.000,0.000,0.000,0.100,0.000,0.000,0.900,0.000,2.000,6.995,0.005,0.005,5.000
30.000,681.000,22.700,409.913,310.668,0.000,0.000,0.001,0.001,7.785,18.000,0.000,614.000,469.000,5.000,0.000,0.000,0.000,0.100,0.000,0.000,0.900,0.000,2.000,10.990,0.001,0.001,5.000
30.000,682.000,22.733,410.024,310.578,0.000,0.000,0.001,0.001,7.785,18.000,0.000,614.000,469.000,5.000,0.000,0.000,0.000,0.100,0.000,0.000,0.900,0.000,2.000,10.990,0.001,0.001,5.000
30.000,683.000,22.767,410.060,310.996,0.000,0.000,0.001,0.001,7.785,18.000,0.000,614.000,469.000,5.000,0.000,0.000,0.000,0.100,0.000,0.000,0.900,0.000,2.000,10.990,0.001,0.001,5.000
30.000,684.000,22.800,410.090,311.108,0.000,0.000,0.001,0.001,7.785,18.000,0.000,614.000,469.000,5.000,0.000,0.000,0.000,0.100,0.000,0.000,0.900,0.000,2.000,10.990,0.001,0.001,5.000
30.000,685.000,22.833,410.260,311.104,0.000,0.000,0.001,0.001,7.785,18.000,0.000,614.000,469.000,5.000,0.000,0.000,0.000,0.100,0.000,0.000,0.900,0.000,2.000,10.990,0.001,0.001,5.000
30.000,686.000,22.867,410.420,311.114,0.000,0.000,0.001,0.001,7.785,18.000,0.000,614.000,469.000,5.000,0.000,0.000,0.000,0.100,0.000,0.000,0.900,0.000,2.000,10.990,0.001,0.001,5.000
30.000,687.000,22.900,410.740,311.312,0.000,0.000,0.001,-0.002,7.785,18.000,0.000,614.000,469.000,5.000,0.000,0.000,0.000,0.100,0.000,0.000,0.900,0.000,2.000,10.337,-0.002,-0.002,5.000
30.000,688.000,22.933,411.015,311.325,0.000,0.000,0.001,-0.002,7.785,18.000,0.000,614.000,469.000,5.000,0.000,0.000,0.000,0.100,0.000,0.000,0.900,0.000,2.000,10.337,-0.002,-0.002,5.000
30.000,689.000,22.967,411.171,311.211,0.000,0.000,0.001,-0.002,7.785,18.000,0.000,614.000,469.000,5.000,0.000,0.000,0.000,0.100,0.000,0.000,0.900,0.000,2.000,10.337,-0.002,-0.002,5.000
30.000,690.000,23.000,411.063,311.333,0.000,0.000,0.001,-0.002,7.785,18.000,0.000,614.000,469.000,5.000,0.000,0.000,0.000,0.100,0.000,0.000,0.900,0.000,2.000,10.337,-0.002,-0.002,5.000
30.000,691.000,23.033,411.268,311.379,0.000,0.000,0.001,-0.002,7.785,18.000,0.000,614.000,469.000,5.000,0.000,0.000,0.000,0.100,0.000,0.000,0.900,0.000,2.000,10.337,-0.002,-0.002,5.000
30.000,692.000,23.067,411.489,312.007,0.000,0.000,0.001,-0.002,7.785,18.000,0.000,614.000,469.000,5.000,0.000,0.000,0.000,0.100,0.000,0.000,0.900,0.000,2.000,10.337,-0.002,-0.002,5.000
30.000,693.000,23.100,411.547,312.109,0.000,0.000,0.001,0.008,7.785,18.000,0.000,614.000,469.000,5.000,0.000,0.000,0.000,0.100,0.000,0.000,0.900,0.000,2.000,10.030,0.008,0.008,5.000
30.000,694.000,23.133,411.633,312.087,0.000,0.000,0.001,0.008,7.785,18.000,0.000,614.000,469.000,5.000,0.000,0.000,0.000,0.100,0.000,0.000,0.900,0.000,2.000,10.030,0.008,0.008,5.000
30.000,695.000,23.167,411.728,312.259,0.000,0.000,0.001,0.008,7.785,18.000,0.000,614.000,469.000,5.000,0.000,0.000,0.000,0.100,0.000,0.000,0.900,0.000,2.000,10.030,0.008,0.008,5.000
30.000,696.000,23.200,411.573,312.181,0.000,0.000,0.001,0.008,7.785,18.000,0.000,614.000,469.000,5.000,0.000,0.000,0.000,0.100,0.000,0.000,0.900,0.000,2.000,10.030,0.008,0.008,5.000
30.000,697.000,23.233,411.864,312.284,0.000,0.000,0.001,0.008,7.785,18.000,0.000,614.000,469.000,5.000,0.000,0.000,0.000,0.100,0.000,0.000,0.900,0.000,2.000,10.030,0.008,0.008,5.000
30.000,698.000,23.267,412.121,312.308,0.000,0.000,0.001,0.008,7.785,18.000,0.000,614.000,469.000,5.000,0.000,0.000,0.000,0.100,0.000,0.000,0.900,0.000,2.000,10.030,0.008,0.008,5.000
30.000,699.000,23.300,412.292,312.396,0.000,0.000,0.001,-0.007,7.785,18.000,0.000,614.000,469.000,5.000,0.000,0.000,0.000,0.100,0.000,0.000,0.900,0.000,2.000,10.394,-0.007,-0.007,5.000
30.000,700.000,23.333,412.602,312.475,0.000,0.000,0.001,-0.007,7.785,18.000,0.000,614.000,469.000,5.000,0.000,0.000,0.000,0.100,0.000,0.000,0.900,0.000,2.000,10.394,-0.007,-0.007,5.000
30.000,701.000,23.367,412.669,312.767,0.000,0.000,0.001,-0.007,7.785,18.000,0.000,614.000,469.000,5.000,0.000,0.000,0.000,0.100,0.000,0.000,0.900,0.000,2.000,10.394,-0.007,-0.007,5.000
30.000,702.000,23.400,413.085,312.548,0.000,0.000,0.001,-0.007,7.785,18.000,0.000,614.000,469.000,5.000,0.000,0.000,0.000,0.100,0.000,0.000,0.900,0.000,2.000,10.394,-0.007,-0.007,5.000
30.000,703.000,23.433,413.187,312.688,0.000,0.000,0.001,-0.007,7.785,18.000,0.000,614.000,469.000,5.000,0.000,0.000,0.000,0.100,0.000,0.000,0.900,0.000,2.000,10.394,-0.007,-0.007,5.000
30.000,704.000,23.467,413.277,313.018,0.000,0.000,0.001,-0.007,7.785,18.000,0.000,614.000,469.000,5.000,0.000,0.000,0.000,0.100,0.000,0.000,0.900,0.000,2.000,10.394,-0.007,-0.007,5.000
30.000,705.000,23.500,413.582,313.254,0.000,0.000,0.001,0.010,7.785,18.000,0.000,614.000,469.000,5.000,0.000,0.000,0.000,0.100,0.000,0.000,0.900,0.000,2.000,13.279,0.010,0.010,5.000
30.000,706.000,23.533,413.742,313.188,0.000,0.000,0.001,0.010,7.785,18.000,0.000,614.000,469.000,5.000,0.000,0.000,0.000,0.100,0.000,0.000,0.900,0.000,2.000,13.279,0.010,0.010,5.000
30.000,707.000,23.567,413.655,313.375,0.000,0.000,0.001,0.010,7.785,18.000,0.000,614.000,469.000,5.000,0.000,0.000,0.000,0.100,0.000,0.000,0.900,0.000,2.000,13.279,0.010,0.010,5.000
30.000,708.000,23.600,413.612,313.453,0.000,0.000,0.001,0.010,7.785,18.000,0.000,614.000,469.000,5.000,0.000,0.000,0.000,0.100,0.000,0.000,0.900,0.000,2.000,13.279,0.010,0.010,5.000
30.000,709.000,23.633,413.540,313.405,0.000,0.000,0.001,0.010,7.785,18.000,0.000,614.000,469.000,5.000,0.000,0.000,0.000,0.100,0.000,0.000,0.900,0.000,2.000,13.279,0.010,0.010,5.000
30.000,710.000,23.667,413.775,313.952,0.000,0.000,0.001,0.010,7.785,18.000,0.000,614.000,469.000,5.000,0.000,0.000,0.000,0.100,0.000,0.000,0.900,0.000,2.000,13.279,0.010,0.010,5.000
30.000,711.000,23.700,414.015,313.668,0.000,0.000,0.001,-0.007,7.785,18.000,0.000,614.000,469.000,5.000,0.000,0.000,0.000,0.100,0.000,0.000,0.900,0.000,2.000,7.680,-0.007,-0.007,5.000
30.000,712.000,23.733,413.991,313.844,0.000,0.000,0.001,-0.007,7.785,18.000,0.000,614.000,469.000,5.000,0.000,0.000,0.000,0.100,0.000,0.000,0.900,0.000,2.000,7.680,-0.007,-0.007,5.000
30.000,713.000,23.767,413.907,314.057,0.000,0.000,0.001,-0.007,7.785,18.000,0.000,614.000,469.000,5.000,0.000,0.000,0.000,0.100,0.000,0.000,0.900,0.000,2.000,7.680,-0.007,-0.007,5.000
30.000,714.000,23.800,414.079,313.763,0.000,0.000,0.001,-0.007,7.785,18.000,0.000,614.000,469.000,5.000,0.000,0.000,0.000,0.100,0.000,0.000,0.900,0.000,2.000,7.680,-0.007,-0.007,5.000
30.000,715.000,23.833,414.186,313.961,0.000,0.000,0.001,-0.007,7.785,18.000,0.000,614.000,469.000,5.000,0.000,0.000,0.000,0.100,0.000,0.000,0.900,0.000,2.000,7.680,-0.007,-0.007,5.000
30.000,716.000,23.867,414.124,314.071,0.000,0.000,0.001,-0.007,7.785,18.000,0.000,614.000,469.000,5.000,0.000,0.000,0.000,0.100,0.000,0.000,0.900,0.000,2.000,7.680,-0.007,-0.007,5.000
30.000,717.000,23.900,414.218,314.098,0.000,0.000,0.001,-0.001,7.785,18.000,0.000,614.000,469.000,5.000,0.000,0.000,0.000,0.100,0.000,0.000,0.900,0.000,2.000,8.174,-0.001,-0.001,5.000
30.000,718.000,23.933,414.348,314.254,0.000,0.000,0.001,-0.001,7.785,18.000,0.000,614.000,469.000,5.000,0.000,0.000,0.000,0.100,0.000,0.000,0.900,0.000,2.000,8.174,-0.001,-0.001,5.000
30.000,719.000,23.967,414.200,314.613,0.000,0.000,0.001,-0.001,7.785,18.000,0.000,614.000,469.000,5.000,0.000,0.000,0.000,0.100,0.000,0.000,0.900,0.000,2.000,8.174,-0.001,-0.001,5.000
30.000,720.000,24.000,414.259,314.767,0.000,0.000,0.001,-0.001,7.785,18.000,0.000,614.000,469.000,5.000,0.000,0.000,0.000,0.100,0.000,0.000,0.900,0.000,2.000,8.174,-0.001,-0.001,5.000
30.000,721.000,24.033,414.377,315.075,0.000,0.000,0.001,-0.001,7.785,18.000,0.000,614.000,469.000,5.000,0.000,0.000,0.000,0.100,0.000,0.000,0.900,0.000,2.000,8.174,-0.001,-0.001,5.000
30.000,722.000,24.067,414.617,315.294,0.000,0.000,0.001,-0.001,7.785,18.000,0.000,614.000,469.000,5.000,0.000,0.000,0.000,0.100,0.000,0.000,0.900,0.000,2.000,8.174,-0.001,-0.001,5.000
30.000,723.000,24.100,415.059,315.364,0.000,0.000,0.001,-0.015,7.785,18.000,0.000,614.000,469.000,5.000,0.000,0.000,0.000,0.100,0.000,0.000,0.900,0.000,2.000,10.850,-0.015,-0.015,5.000
30.000,724.000,24.133,415.179,315.654,0.000,0.000,0.001,-0.015,7.785,18.000,0.000,614.000,469.000,5.000,0.000,0.000,0.000,0.100,0.000,0.000,0.900,0.000,2.000,10.850,-0.015,-0.015,5.000
30.000,725.000,24.167,415.569,315.813,0.000,0.000,0.001,-0.015,7.785,18.000,0.000,614.000,469.000,5.000,0.000,0.000,0.000,0.100,0.000,0.000,0.900,0.000,2.000,10.850,-0.015,-0.015,5.000
30.000,726.000,24.200,415.654,315.860,0.000,0.000,0.001,-0.015,7.785,18.000,0.000,614.000,469.000,5.000,0.000,0.000,0.000,0.100,0.000,0.000,0.900,0.000,2.000,10.850,-0.015,-0.015,5.000
30.000,727.000,24.233,415.541,316.114,0.000,0.000,0.001,-0.015,7.785,18.000,0.000,614.000,469.000,5.000,0.000,0.000,0.000,0.100,0.000,0.000,0.900,0.000,2.000,10.850,-0.015,-0.015,5.000
30.000,728.000,24.267,415.716,316.170,0.000,0.000,0.001,-0.015,7.785,18.000,0.000,614.000,469.000,5.000,0.000,0.000,0.000,0.100,0.000,0.000,0.900,0.000,2.000,10.850,-0.015,-0.015,5.000
30.000,729.000,24.300,415.906,316.114,0.000,0.000,0.001,-0.002,7.785,18.000,0.000,614.000,469.000,5.000,0.000,0.000,0.000,0.100,0.000,0.000,0.900,0.000,2.000,14.981,-0.002,-0.002,5.000
30.010,730.000,24.325,415.974,316.397,0.000,0.000,0.001,-0.002,7.785,18.000,0.000,614.000,469.000,5.000,0.000,0.000,0.000,0.100,0.000,0.000,0.900,0.000,2.000,14.981,-0.002,-0.002,5.000
30.010,731.000,24.359,416.083,316.620,0.000,0.000,0.001,-0.002,7.785,18.000,0.000,614.000,469.000,5.000,0.000,0.000,0.000,0.100,0.000,0.000,0.900,0.000,2.000,14.981,-0.002,-0.002,5.000
30.010,732.000,24.392,416.116,316.484,0.000,0.000,0.001,-0.002,7.785,18.000,0.000,614.000,469.000,5.000,0.000,0.000,0.000,0.100,0.000,0.000,0.900,0.000,2.000,14.981,-0.002,-0.002,5.000
30.010,733.000,24.425,416.176,316.760,0.000,0.000,0.001,-0.002,7.785,18.000,0.000,614.000,469.000,5.000,0.000,0.000,0.000,0.100,0.000,0.000,0.900,0.000,2.000,14.981,-0.002,-0.002,5.000
30.010,734.000,24.459,416.196,317.013,0.000,0.000,0.001,-0.002,7.785,18.000,0.000,614.000,469.000,5.000,0.000,0.000,0.000,0.100,0.000,0.000,0.900,0.000,2.000,14.981,-0.002,-0.002,5.000
30.010,735.000,24.492,416.581,317.116,0.000,0.000,0.001,-0.002,7.785,18.000,0.000,614.000,469.000,5.000,0.000,0.000,0.000,0.100,0.000,0.000,0.900,0.000,2.000,8.700,-0.002,-0.002,5.000
30.010,736.000,24.525,416.390,317.259,0.000,0.000,0.001,-0.002,7.785,18.000,0.000,614.000,469.000,5.000,0.000,0.000,0.000,0.100,0.000,0.000,0.900,0.000,2.000,8.700,-0.002,-0.002,5.000
30.010,737.000,24.559,416.448,317.305,0.000,0.000,0.001,-0.002,7.785,18.000,0.000,614.000,469.000,5.000,0.000,0.000,0.000,0.100,0.000,0.000,0.900,0.000,2.000,8.700,-0.002,-0.002,5.000
30.010,738.000,24.592,416.500,317.474,0.000,0.000,0.001,-0.002,7.785,18.000,0.000,614.000,469.000,5.000,0.000,0.000,0.000,0.100,0.000,0.000,0.900,0.000,2.000,8.700,-0.002,-0.002,5.000
30.010,739.000,24.625,416.435,317.547,0.000,0.000,0.001,-0.002,7.785,18.000,0.000,614.000,469.000,5.000,0.000,0.000,0.000,0.100,0.000,0.000,0.900,0.000,2.000,8.700,-0.002,-0.002,5.000
30.010,740.000,24.659,416.699,317.839,0.000,0.000,0.001,-0.002,7.785,18.000,0.000,614.000,469.000,5.000,0.000,0.000,0.000,0.100,0.000,0.000,0.900,0.000,2.000,8.700,-0.002,-0.002,5.000
30.010,741.000,24.692,416.811,318.180,0.000,0.000,0.001,-0.009,7.785,18.000,0.000,614.000,469.000,5.000,0.000,0.000,0.000,0.100,0.000,0.000,0.900,0.000,2.000,7.952,-0.009,-0.009,5.000
30.010,742.000,24.725,417.071,318.250,0.000,0.000,0.001,-0.009,7.785,18.000,0.000,614.000,469.000,5.000,0.000,0.000,0.000,0.100,0.000,0.000,0.900,0.000,2.000,7.952,-0.009,-0.009,5.000
30.010,743.000,24.759,417.156,318.342,0.000,0.000,0.001,-0.009,7.785,18.000,0.000,614.000,469.000,5.000,0.000,0.000,0.000,0.100,0.000,0.000,0.900,0.000,2.000,7.952,-0.009,-0.009,5.000
30.010,744.000,24.792,417.133,318.328,0.000,0.000,0.001,-0.009,7.785,18.000,0.000,614.000,469.000,5.000,0.000,0.000,0.000,0.100,0.000,0.000,0.900,0.000,2.000,7.952,-0.009,-0.009,5.000
30.010,745.000,24.825,417.046,318.610,0.000,0.000,0.001,-0.009,7.785,18.000,0.000,614.000,469.000,5.000,0.000,0.000,0.000,0.100,0.000,0.000,0.900,0.000,2.000,7.952,-0.009,-0.009,5.000
30.010,746.000,24.859,417.040,318.598,0.000,0.000,0.001,-0.009,7.785,18.000,0.000,614.000,469.000,5.000,0.000,0.000,0.000,0.100,0.000,0.000,0.900,0.000,2.000,7.952,-0.009,-0.009,5.000
30.010,747.000,24.892,417.135,318.640,0.000,0.000,0.001,-0.010,7.785,18.000,0.000,614.000,469.000,5.000,0.000,0.000,0.000,0.100,0.000,0.000,0.900,0.000,2.000,11.767,-0.010,-0.010,5.000
30.010,748.000,24.925,417.369,318.501,0.000,0.000,0.001,-0.010,7.785,18.000,0.000,614.000,469.000,5.000,0.000,0.000,0.000,0.100,0.000,0.000,0.900,0.000,2.000,11.767,-0.010,-0.010,5.000
30.010,749.000,24.959,417.325,318.435,0.000,0.000,0.001,-0.010,7.785,18.000,0.000,614.000,469.000,5.000,0.000,0.000,0.000,0.100,0.000,0.000,0.900,0.000,2.000,11.767,-0.010,-0.010,5.000
30.010,750.000,24.992,417.358,318.515,0.000,0.000,0.001,-0.010,7.785,18.000,0.000,614.000,469.000,5.000,0.000,0.000,0.000,0.100,0.000,0.000,0.900,0.000,2.000,11.767,-0.010,-0.010,5.000
30.010,751.000,25.025,417.448,318.836,0.000,0.000,0.001,-0.010,7.785,18.000,0.000,614.000,469.000,5.000,0.000,0.000,0.000,0.100,0.000,0.000,0.900,0.000,2.000,11.767,-0.010,-0.010,5.000
30.010,752.000,25.059,417.467,318.876,0.000,0.000,0.001,-0.010,7.785,18.000,0.000,614.000,469.000,5.000,0.000,0.000,0.000,0.100,0.000,0.000,0.900,0.000,2.000,11.767,-0.010,-0.010,5.000
30.010,753.000,25.092,417.597,319.084,0.000,0.000,0.001,0.001,7.785,18.000,0.000,614.000,469.000,5.000,0.000,0.000,0.000,0.100,0.000,0.000,0.900,0.000,2.000,4.433,0.001,0.001,5.000
30.010,754.000,25.125,418.106,319.166,0.000,0.000,0.001,0.001,7.785,18.000,0.000,614.000,469.000,5.000,0.000,0.000,0.000,0.100,0.000,0.000,0.900,0.000,2.000,4.433,0.001,0.001,5.000
30.010,755.000,25.159,418.073,319.066,0.000,0.000,0.001,0.001,7.785,18.000,0.000,614.000,469.000,5.000,0.000,0.000,0.000,0.100,0.000,0.000,0.900,0.000,2.000,4.433,0.001,0.001,5.000
30.010,756.000,25.192,418.326,319.154,0.000,0.000,0.001,0.001,7.785,18.000,0.000,614.000,469.000,5.000,0.000,0.000,0.000,0.100,0.000,0.000,0.900,0.000,2.000,4.433,0.001,0.001,5.000
30.010,757.000,25.225,418.267,319.179,0.000,0.000,0.001,0.001,7.785,18.000,0.000,614.000,469.000,5.000,0.000,0.000,0.000,0.100,0.000,0.000,0.900,0.000,2.000,4.433,0.001,0.001,5.000
30.010,758.000,25.259,418.772,319.280,0.000,0.000,0.001,0.001,7.785,18.000,0.000,614.000,469.000,5.000,0.000,0.000,0.000,0.100,0.000,0.000,0.900,0.000,2.000,4.433,0.001,0.001,5.000
30.010,759.000,25.292,419.080,319.532,0.000,0.000,0.001,0.005,7.785,18.000,0.000,614.000,469.000,5.000,0.000,0.000,0.000,0.100,0.000,0.000,0.900,0.000,2.000,8.521,0.005,0.005,5.000
29.970,760.000,25.359,419.108,320.077,0.000,0.000,0.001,0.005,7.785,18.000,0.000,614.000,469.000,5.000,0.000,0.000,0.000,0.100,0.000,0.000,0.900,0.000,2.000,8.521,0.005,0.005,5.000
29.970,761.000,25.392,419.249,320.109,0.000,0.000,0.001,0.005,7.785,18.000,0.000,614.000,469.000,5.000,0.000,0.000,0.000,0.100,0.000,0.000,0.900,0.000,2.000,8.521,0.005,0.005,5.000
29.970,762.000,25.425,419.417,320.138,0.000,0.000,0.001,0.005,7.785,18.000,0.000,614.000,469.000,5.000,0.000,0.000,0.000,0.100,0.000,0.000,0.900,0.000,2.000,8.521,0.005,0.005,5.000
29.970,763.000,25.459,419.685,320.409,0.000,0.000,0.001,0.005,7.785,18.000,0.000,614.000,469.000,5.000,0.000,0.000,0.000,0.100,0.000,0.000,0.900,0.000,2.000,8.521,0.005,0.005,5.000
29.970,764.000,25.492,419.561,320.689,0.000,0.000,0.001,0.005,7.785,18.000,0.000,614.000,469.000,5.000,0.000,0.000,0.000,0.100,0.000,0.000,0.900,0.000,2.000,8.521,0.005,0.005,5.000
29.970,765.000,25.526,419.749,320.743,0.000,0.000,0.001,-0.002,7.785,18.000,0.000,614.000,469.000,5.000,0.000,0.000,0.000,0.100,0.000,0.000,0.900,0.000,2.000,18.021,-0.002,-0.002,5.000
29.970,766.000,25.559,419.701,320.911,0.000,0.000,0.001,-0.002,7.785,18.000,0.000,614.000,469.000,5.000,0.000,0.000,0.000,0.100,0.000,0.000,0.900,0.000,2.000,18.021,-0.002,-0.002,5.000
29.970,767.000,25.592,419.798,321.037,0.000,0.000,0.001,-0.002,7.785,18.000,0.000,614.000,469.000,5.000,0.000,0.000,0.000,0.100,0.000,0.000,0.900,0.000,2.000,18.021,-0.002,-0.002,5.000
29.970,768.000,25.626,419.973,321.208,0.000,0.000,0.001,-0.002,7.785,18.000,0.000,614.000,469.000,5.000,0.000,0.000,0.000,0.100,0.000,0.000,0.900,0.000,2.000,18.021,-0.002,-0.002,5.000
29.970,769.000,25.659,419.881,321.208,0.000,0.000,0.001,-0.002,7.785,18.000,0.000,614.000,469.000,5.000,0.000,0.000,0.000,0.100,0.000,0.000,0.900,0.000,2.000,18.021,-0.002,-0.002,5.000
29.970,770.000,25.692,419.982,321.354,0.000,0.000,0.001,-0.002,7.785,18.000,0.000,614.000,469.000,5.000,0.000,0.000,0.000,0.100,0.000,0.000,0.900,0.000,2.000,18.021,-0.002,-0.002,5.000
29.970,771.000,25.726,419.902,321.810,0.000,0.000,0.001,-0.011,7.785,18.000,0.000,614.000,469.000,5.000,0.000,0.000,0.000,0.100,0.000,0.000,0.900,0.000,2.000,7.895,-0.011,-0.011,5.000
29.970,772.000,25.759,420.264,322.004,0.000,0.000,0.001,-0.011,7.785,18.000,0.000,614.000,469.000,5.000,0.000,0.000,0.000,0.100,0.000,0.000,0.900,0.000,2.000,7.895,-0.011,-0.011,5.000
29.970,773.000,25.792,420.399,322.313,0.000,0.000,0.001,-0.011,7.785,18.000,0.000,614.000,469.000,5.000,0.000,0.000,0.000,0.100,0.000,0.000,0.900,0.000,2.000,7.895,-0.011,-0.011,5.000
29.970,774.000,25.826,420.687,322.691,0.000,0.000,0.001,-0.011,7.785,18.000,0.000,614.000,469.000,5.000,0.000,0.000,0.000,0.100,0.000,0.000,0.900,0.000,2.000,7.895,-0.011,-0.011,5.000
29.970,775.000,25.859,420.764,322.945,0.000,0.000,0.001,-0.011,7.785,18.000,0.000,614.000,469.000,5.000,0.000,0.000,0.000,0.100,0.000,0.000,0.900,0.000,2.000,7.895,-0.011,-0.011,5.000
29.970,776.000,25.893,420.769,322.965,0.000,0.000,0.001,-0.011,7.785,18.000,0.000,614.000,469.000,5.000,0.000,0.000,0.000,0.100,0.000,0.000,0.900,0.000,2.000,7.895,-0.011,-0.011,5.000
29.970,777.000,25.926,420.743,323.116,0.000,0.000,0.001,-0.017,7.785,18.000,0.000,614.000,469.000,5.000,0.000,0.000,0.000,0.100,0.000,0.000,0.900,0.000,2.000,18.709,-0.017,-0.017,5.000
29.970,778.000,25.959,420.657,323.212,0.000,0.000,0.001,-0.017,7.785,18.000,0.000,614.000,469.000,5.000,0.000,0.000,0.000,0.100,0.000,0.000,0.900,0.000,2.000,18.709,-0.017,-0.017,5.000
29.970,779.000,25.993,420.810,323.391,0.000,0.000,0.001,-0.017,7.785,18.000,0.000,614.000,469.000,5.000,0.000,0.000,0.000,0.100,0.000,0.000,0.900,0.000,2.000,18.709,-0.017,-0.017,5.000
29.970,780.000,26.026,420.833,323.651,0.000,0.000,0.001,-0.017,7.785,18.000,0.000,614.000,469.000,5.000,0.000,0.000,0.000,0.100,0.000,0.000,0.900,0.000,2.000,18.709,-0.017,-0.017,5.000
29.970,781.000,26.059,421.118,324.049,0.000,0.000,0.001,-0.017,7.785,18.000,0.000,614.000,469.000,5.000,0.000,0.000,0.000,0.100,0.000,0.000,0.900,0.000,2.000,18.709,-0.017,-0.017,5.000
29.970,782.000,26.093,421.132,324.128,0.000,0.000,0.001,-0.017,7.785,18.000,0.000,614.000,469.000,5.000,0.000,0.000,0.000,0.100,0.000,0.000,0.900,0.000,2.000,18.709,-0.017,-0.017,5.000
29.970,783.000,26.126,421.108,324.197,0.000,0.000,0.001,-0.014,7.785,18.000,0.000,614.000,469.000,5.000,0.000,0.000,0.000,0.100,0.000,0.000,0.900,0.000,2.000,11.126,-0.014,-0.014,5.000
29.970,784.000,26.159,421.221,324.159,0.000,0.000,0.001,-0.014,7.785,18.000,0.000,614.000,469.000,5.000,0.000,0.000,0.000,0.100,0.000,0.000,0.900,0.000,2.000,11.126,-0.014,-0.014,5.000
29.970,785.000,26.193,421.191,324.585,0.000,0.000,0.001,-0.014,7.785,18.000,0.000,614.000,469.000,5.000,0.000,0.000,0.000,0.100,0.000,0.000,0.900,0.000,2.000,11.126,-0.014,-0.014,5.000
29.970,786.000,26.226,421.254,324.731,0.000,0.000,0.001,-0.014,7.785,18.000,0.000,614.000,469.000,5.000,0.000,0.000,0.000,0.100,0.000,0.000,0.900,0.000,2.000,11.126,-0.014,-0.014,5.000
29.970,787.000,26.260,421.544,324.887,0.000,0.000,0.001,-0.014,7.785,18.000,0.000,614.000,469.000,5.000,0.000,0.000,0.000,0.100,0.000,0.000,0.900,0.000,2.000,11.126,-0.014,-0.014,5.000
29.970,788.000,26.293,421.755,325.059,0.000,0.000,0.001,-0.014,7.785,18.000,0.000,614.000,469.000,5.000,0.000,0.000,0.000,0.100,0.000,0.000,0.900,0.000,2.000,11.126,-0.014,-0.014,5.000
29.970,789.000,26.326,421.703,325.100,0.000,0.000,0.001,-0.009,7.785,18.000,0.000,614.000,469.000,5.000,0.000,0.000,0.000,0.100,0.000,0.000,0.900,0.000,2.000,9.031,-0.009,-0.009,5.000
30.000,790.000,26.333,421.873,325.232,0.000,0.000,0.001,-0.009,7.785,18.000,0.000,614.000,469.000,5.000,0.000,0.000,0.000,0.100,0.000,0.000,0.900,0.000,2.000,9.031,-0.009,-0.009,5.000
30.000,791.000,26.367,421.873,325.557,0.000,0.000,0.001,-0.009,7.785,18.000,0.000,614.000,469.000,5.000,0.000,0.000,0.000,0.100,0.000,0.000,0.900,0.000,2.000,9.031,-0.009,-0.009,5.000
30.000,792.000,26.400,422.156,325.402,0.000,0.000,0.001,-0.009,7.785,18.000,0.000,614.000,469.000,5.000,0.000,0.000,0.000,0.100,0.000,0.000,0.900,0.000,2.000,9.031,-0.009,-0.009,5.000
30.000,793.000,26.433,422.304,325.256,0.000,0.000,0.001,-0.009,7.785,18.000,0.000,614.000,469.000,5.000,0.000,0.000,0.000,0.100,0.000,0.000,0.900,0.000,2.000,9.031,-0.009,-0.009,5.000
30.000,794.000,26.467,422.624,325.477,0.000,0.000,0.001,-0.009,7.785,18.000,0.000,614.000,469.000,5.000,0.000,0.000,0.000,0.100,0.000,0.000,0.900,0.000,2.000,9.031,-0.009,-0.009,5.000
30.000,795.000,26.500,422.539,325.672,0.000,0.000,0.001,0.003,7.785,18.000,0.000,614.000,469.000,5.000,0.000,0.000,0.000,0.100,0.000,0.000,0.900,0.000,2.000,8.105,0.003,0.003,5.000
30.000,796.000,26.533,422.987,325.925,0.000,0.000,0.001,0.003,7.785,18.000,0.000,614.000,469.000,5.000,0.000,0.000,0.000,0.100,0.000,0.000,0.900,0.000,2.000,8.105,0.003,0.003,5.000
30.000,797.000,26.567,422.945,325.821,0.000,0.000,0.001,0.003,7.785,18.000,0.000,614.000,469.000,5.000,0.000,0.000,0.000,0.100,0.000,0.000,0.900,0.000,2.000,8.105,0.003,0.003,5.000
30.000,798.000,26.600,423.222,325.930,0.000,0.000,0.001,0.003,7.785,18.000,0.000,614.000,469.000,5.000,0.000,0.000,0.000,0.100,0.000,0.000,0.900,0.000,2.000,8.105,0.003,0.003,5.000
30.000,799.000,26.633,423.236,326.137,0.000,0.000,0.001,0.003,7.785,18.000,0.000,614.000,469.000,5.000,0.000,0.000,0.000,0.100,0.000,0.000,0.900,0.000,2.000,8.105,0.003,0.003,5.000
30.000,800.000,26.667,423.173,326.239,0.000,0.000,0.001,0.003,7.785,18.000,0.000,614.000,469.000,5.000,0.000,0.000,0.000,0.100,0.000,0.000,0.900,0.000,2.000,8.105,0.003,0.003,5.000
30.000,801.000,26.700,423.425,326.357,0.000,0.000,0.001,-0.003,7.785,18.000,0.000,614.000,469.000,5.000,0.000,0.000,0.000,0.100,0.000,0.000,0.900,0.000,2.000,12.316,-0.003,-0.003,5.000
30.000,802.000,26.733,423.518,326.338,0.000,0.000,0.001,-0.003,7.785,18.000,0.000,614.000,469.000,5.000,0.000,0.000,0.000,0.100,0.000,0.000,0.900,0.000,2.000,12.316,-0.003,-0.003,5.000
30.000,803.000,26.767,423.551,326.571,0.000,0.000,0.001,-0.003,7.785,18.000,0.000,614.000,469.000,5.000,0.000,0.000,0.000,0.100,0.000,0.000,0.900,0.000,2.000,12.316,-0.003,-0.003,5.000
30.000,804.000,26.800,423.477,326.749,0.000,0.000,0.001,-0.003,7.785,18.000,0.000,614.000,469.000,5.000,0.000,0.000,0.000,0.100,0.000,0.000,0.900,0.000,2.000,12.316,-0.003,-0.003,5.000
30.000,805.000,26.833,423.604,327.007,0.000,0.000,0.001,-0.003,7.785,18.000,0.000,614.000,469.000,5.000,0.000,0.000,0.000,0.100,0.000,0.000,0.900,0.000,2.000,12.316,-0.003,-0.003,5.000
30.000,806.000,26.867,423.584,327.150,0.000,0.000,0.001,-0.003,7.785,18.000,0.000,614.000,469.000,5.000,0.000,0.000,0.000,0.100,0.000,0.000,0.900,0.000,2.000,12.316,-0.003,-0.003,5.000
30.000,807.000,26.900,423.787,327.206,0.000,0.000,0.001,-0.010,7.785,18.000,0.000,614.000,469.000,5.000,0.000,0.000,0.000,0.100,0.000,0.000,0.900,0.000,2.000,9.065,-0.010,-0.010,5.000
30.000,808.000,26.933,423.729,327.464,0.000,0.000,0.001,-0.010,7.785,18.000,0.000,614.000,469.000,5.000,0.000,0.000,0.000,0.100,0.000,0.000,0.900,0.000,2.000,9.065,-0.010,-0.010,5.000
30.000,809.000,26.967,423.834,327.575,0.000,0.000,0.001,-0.010,7.785,18.000,0.000,614.000,469.000,5.000,0.000,0.000,0.000,0.100,0.000,0.000,0.900,0.000,2.000,9.065,-0.010,-0.010,5.000
30.000,810.000,27.000,423.838,327.766,0.000,0.000,0.001,-0.010,7.785,18.000,0.000,614.000,469.000,5.000,0.000,0.000,0.000,0.100,0.000,0.000,0.900,0.000,2.000,9.065,-0.010,-0.010,5.000
30.000,811.000,27.033,423.740,328.130,0.000,0.000,0.001,-0.010,7.785,18.000,0.000,614.000,469.000,5.000,0.000,0.000,0.000,0.100,0.000,0.000,0.900,0.000,2.000,9.065,-0.010,-0.010,5.000
30.000,812.000,27.067,423.597,328.212,0.000,0.000,0.001,-0.010,7.785,18.000,0.000,614.000,469.000,5.000,0.000,0.000,0.000,0.100,0.000,0.000,0.900,0.000,2.000,9.065,-0.010,-0.010,5.000
30.000,813.000,27.100,423.980,328.055,0.000,0.000,0.001,-0.017,7.785,18.000,0.000,614.000,469.000,5.000,0.000,0.000,0.000,0.100,0.000,0.000,0.900,0.000,2.000,10.863,-0.017,-0.017,5.000
30.000,814.000,27.133,424.164,328.108,0.000,0.000,0.001,-0.017,7.785,18.000,0.000,614.000,469.000,5.000,0.000,0.000,0.000,0.100,0.000,0.000,0.900,0.000,2.000,10.863,-0.017,-0.017,5.000
30.000,815.000,27.167,424.318,328.142,0.000,0.000,0.001,-0.017,7.785,18.000,0.000,614.000,469.000,5.000,0.000,0.000,0.000,0.100,0.000,0.000,0.900,0.000,2.000,10.863,-0.017,-0.017,5.000
30.000,816.000,27.200,424.401,328.214,0.000,0.000,0.001,-0.017,7.785,18.000,0.000,614.000,469.000,5.000,0.000,0.000,0.000,0.100,0.000,0.000,0.900,0.000,2.000,10.863,-0.017,-0.017,5.000
30.000,817.000,27.233,424.343,328.328,0.000,0.000,0.001,-0.017,7.785,18.000,0.000,614.000,469.000,5.000,0.000,0.000,0.000,0.100,0.000,0.000,0.900,0.000,2.000,10.863,-0.017,-0.017,5.000
30.000,818.000,27.267,424.270,328.367,0.000,0.000,0.001,-0.017,7.785,18.000,0.000,614.000,469.000,5.000,0.000,0.000,0.000,0.100,0.000,0.000,0.900,0.000,2.000,10.863,-0.017,-0.017,5.000
30.000,819.000,27.300,424.421,328.779,0.000,0.000,0.001,0.004,7.785,18.000,0.000,614.000,469.000,5.000,0.000,0.000,0.000,0.100,0.000,0.000,0.900,0.000,2.000,6.087,0.004,0.004,5.000
30.000,820.000,27.333,424.331,329.046,0.000,0.000,0.001,0.004,7.785,18.000,0.000,614.000,469.000,5.000,0.000,0.000,0.000,0.100,0.000,0.000,0.900,0.000,2.000,6.087,0.004,0.004,5.000
30.010,821.000,27.358,424.518,328.950,0.000,0.000,0.001,0.004,7.785,18.000,0.000,614.000,469.000,5.000,0.000,0.000,0.000,0.100,0.000,0.000,0.900,0.000,2.000,6.087,0.004,0.004,5.000
30.010,822.000,27.391,424.580,329.048,0.000,0.000,0.001,0.004,7.785,18.000,0.000,614.000,469.000,5.000,0.000,0.000,0.000,0.100,0.000,0.000,0.900,0.000,2.000,6.087,0.004,0.004,5.000
30.010,823.000,27.424,424.670,329.102,0.000,0.000,0.001,0.004,7.785,18.000,0.000,614.000,469.000,5.000,0.000,0.000,0.000,0.100,0.000,0.000,0.900,0.000,2.000,6.087,0.004,0.004,5.000
30.010,824.000,27.458,424.695,329.259,0.000,0.000,0.001,0.004,7.785,18.000,0.000,614.000,469.000,5.000,0.000,0.000,0.000,0.100,0.000,0.000,0.900,0.000,2.000,6.087,0.004,0.004,5.000
30.010,825.000,27.491,424.989,329.598,0.000,0.000,0.001,-0.009,7.785,18.000,0.000,614.000,469.000,5.000,0.000,0.000,0.000,0.100,0.000,0.000,0.900,0.000,2.000,8.072,-0.009,-0.009,5.000
30.010,826.000,27.524,425.055,329.943,0.000,0.000,0.001,-0.009,7.785,18.000,0.000,614.000,469.000,5.000,0.000,0.000,0.000,0.100,0.000,0.000,0.900,0.000,2.000,8.072,-0.009,-0.009,5.000
30.010,827.000,27.558,425.120,329.740,0.000,0.000,0.001,-0.009,7.785,18.000,0.000,614.000,469.000,5.000,0.000,0.000,0.000,0.100,0.000,0.000,0.900,0.000,2.000,8.072,-0.009,-0.009,5.000
30.010,828.000,27.591,425.174,330.088,0.000,0.000,0.001,-0.009,7.785,18.000,0.000,614.000,469.000,5.000,0.000,0.000,0.000,0.100,0.000,0.000,0.900,0.000,2.000,8.072,-0.009,-0.009,5.000
30.010,829.000,27.624,425.504,330.250,0.000,0.000,0.001,-0.009,7.785,18.000,0.000,614.000,469.000,5.000,0.000,0.000,0.000,0.100,0.000,0.000,0.900,0.000,2.000,8.072,-0.009,-0.009,5.000
30.010,830.000,27.658,425.527,330.170,0.000,0.000,0.001,-0.009,7.785,18.000,0.000,614.000,469.000,5.000,0.000,0.000,0.000,0.100,0.000,0.000,0.900,0.000,2.000,8.072,-0.009,-0.009,5.000
30.010,831.000,27.691,425.699,330.126,0.000,0.000,0.001,-0.009,7.785,18.000,0.000,614.000,469.000,5.000,0.000,0.000,0.000,0.100,0.000,0.000,0.900,0.000,2.000,13.623,-0.009,-0.009,5.000
30.010,832.000,27.724,425.971,330.379,0.000,0.000,0.001,-0.009,7.785,18.000,0.000,614.000,469.000,5.000,0.000,0.000,0.000,0.100,0.000,0.000,0.900,0.000,2.000,13.623,-0.009,-0.009,5.000
30.010,833.000,27.758,425.947,330.709,0.000,0.000,0.001,-0.009,7.785,18.000,0.000,614.000,469.000,5.000,0.000,0.000,0.000,0.100,0.000,0.000,0.900,0.000,2.000,13.623,-0.009,-0.009,5.000
30.010,834.000,27.791,426.075,331.077,0.000,0.000,0.001,-0.009,7.785,18.000,0.000,614.000,469.000,5.000,0.000,0.000,0.000,0.100,0.000,0.000,0.900,0.000,2.000,13.623,-0.009,-0.009,5.000
30.010,835.000,27.824,426.152,331.099,0.000,0.000,0.001,-0.009,7.785,18.000,0.000,614.000,469.000,5.000,0.000,0.000,0.000,0.100,0.000,0.000,0.900,0.000,2.000,13.623,-0.009,-0.009,5.000
30.010,836.000,27.858,426.226,331.268,0.000,0.000,0.001,-0.009,7.785,18.000,0.000,614.000,469.000,5.000,0.000,0.000,0.000,0.100,0.000,0.000,0.900,0.000,2.000,13.623,-0.009,-0.009,5.000
30.010,837.000,27.891,426.399,331.351,0.000,0.000,0.001,-0.006,7.785,18.000,0.000,614.000,469.000,5.000,0.000,0.000,0.000,0.100,0.000,0.000,0.900,0.000,2.000,10.248,-0.006,-0.006,5.000
30.010,838.000,27.924,426.385,331.265,0.000,0.000,0.001,-0.006,7.785,18.000,0.000,614.000,469.000,5.000,0.000,0.000,0.000,0.100,0.000,0.000,0.900,0.000,2.000,10.248,-0.006,-0.006,5.000
30.010,839.000,27.958,426.547,331.489,0.000,0.000,0.001,-0.006,7.785,18.000,0.000,614.000,469.000,5.000,0.000,0.000,0.000,0.100,0.000,0.000,0.900,0.000,2.000,10.248,-0.006,-0.006,5.000
30.010,840.000,27.991,426.577,331.419,0.000,0.000,0.001,-0.006,7.785,18.000,0.000,614.000,469.000,5.000,0.000,0.000,0.000,0.100,0.000,0.000,0.900,0.000,2.000,10.248,-0.006,-0.006,5.000
30.010,841.000,28.024,426.885,331.885,0.000,0.000,0.001,-0.006,7.785,18.000,0.000,614.000,469.000,5.000,0.000,0.000,0.000,0.100,0.000,0.000,0.900,0.000,2.000,10.248,-0.006,-0.006,5.000
30.010,842.000,28.058,427.036,331.987,0.000,0.000,0.001,-0.006,7.785,18.000,0.000,614.000,469.000,5.000,0.000,0.000,0.000,0.100,0.000,0.000,0.900,0.000,2.000,10.248,-0.006,-0.006,5.000
30.010,843.000,28.091,427.020,331.956,0.000,0.000,0.001,-0.004,7.785,18.000,0.000,614.000,469.000,5.000,0.000,0.000,0.000,0.100,0.000,0.000,0.900,0.000,2.000,10.327,-0.004,-0.004,5.000
30.010,844.000,28.124,426.996,332.013,0.000,0.000,0.001,-0.004,7.785,18.000,0.000,614.000,469.000,5.000,0.000,0.000,0.000,0.100,0.000,0.000,0.900,0.000,2.000,10.327,-0.004,-0.004,5.000
30.010,845.000,28.158,427.175,332.191,0.000,0.000,0.001,-0.004,7.785,18.000,0.000,614.000,469.000,5.000,0.000,0.000,0.000,0.100,0.000,0.000,0.900,0.000,2.000,10.327,-0.004,-0.004,5.000
30.010,846.000,28.191,427.267,332.324,0.000,0.000,0.001,-0.004,7.785,18.000,0.000,614.000,469.000,5.000,0.000,0.000,0.000,0.100,0.000,0.000,0.900,0.000,2.000,10.327,-0.004,-0.004,5.000
30.010,847.000,28.224,427.407,332.284,0.000,0.000,0.001,-0.004,7.785,18.000,0.000,614.000,469.000,5.000,0.000,0.000,0.000,0.100,0.000,0.000,0.900,0.000,2.000,10.327,-0.004,-0.004,5.000
30.010,848.000,28.258,427.478,332.487,0.000,0.000,0.001,-0.004,7.785,18.000,0.000,614.000,469.000,5.000,0.000,0.000,0.000,0.100,0.000,0.000,0.900,0.000,2.000,10.327,-0.004,-0.004,5.000
30.010,849.000,28.291,427.372,332.750,0.000,0.000,0.001,-0.000,7.785,18.000,0.000,614.000,469.000,5.000,0.000,0.000,0.000,0.100,0.000,0.000,0.900,0.000,2.000,6.304,-0.000,-0.000,5.000
30.010,850.000,28.324,427.062,332.751,0.000,0.000,0.001,-0.000,7.785,18.000,0.000,614.000,469.000,5.000,0.000,0.000,0.000,0.100,0.000,0.000,0.900,0.000,2.000,6.304,-0.000,-0.000,5.000
30.000,851.000,28.367,427.164,333.031,0.000,0.000,0.001,-0.000,7.785,18.000,0.000,614.000,469.000,5.000,0.000,0.000,0.000,0.100,0.000,0.000,0.900,0.000,2.000,6.304,-0.000,-0.000,5.000
30.000,852.000,28.400,427.589,333.035,0.000,0.000,0.001,-0.000,7.785,18.000,0.000,614.000,469.000,5.000,0.000,0.000,0.000,0.100,0.000,0.000,0.900,0.000,2.000,6.304,-0.000,-0.000,5.000
30.000,853.000,28.433,427.934,333.141,0.000,0.000,0.001,-0.000,7.785,18.000,0.000,614.000,469.000,5.000,0.000,0.000,0.000,0.100,0.000,0.000,0.900,0.000,2.000,6.304,-0.000,-0.000,5.000
30.000,854.000,28.467,428.175,333.226,0.000,0.000,0.001,-0.000,7.785,18.000,0.000,614.000,469.000,5.000,0.000,0.000,0.000,0.100,0.000,0.000,0.900,0.000,2.000,6.304,-0.000,-0.000,5.000
30.000,855.000,28.500,428.197,333.219,0.000,0.000,0.001,-0.008,7.785,18.000,0.000,614.000,469.000,5.000,0.000,0.000,0.000,0.100,0.000,0.000,0.900,0.000,2.000,9.654,-0.008,-0.008,5.000
30.000,856.000,28.533,428.049,333.312,0.000,0.000,0.001,-0.008,7.785,18.000,0.000,614.000,469.000,5.000,0.000,0.000,0.000,0.100,0.000,0.000,0.900,0.000,2.000,9.654,-0.008,-0.008,5.000
30.000,857.000,28.567,428.227,333.512,0.000,0.000,0.001,-0.008,7.785,18.000,0.000,614.000,469.000,5.000,0.000,0.000,0.000,0.100,0.000,0.000,0.900,0.000,2.000,9.654,-0.008,-0.008,5.000
30.000,858.000,28.600,428.280,333.817,0.000,0.000,0.001,-0.008,7.785,18.000,0.000,614.000,469.000,5.000,0.000,0.000,0.000,0.100,0.000,0.000,0.900,0.000,2.000,9.654,-0.008,-0.008,5.000
30.000,859.000,28.633,428.564,333.991,0.000,0.000,0.001,-0.008,7.785,18.000,0.000,614.000,469.000,5.000,0.000,0.000,0.000,0.100,0.000,0.000,0.900,0.000,2.000,9.654,-0.008,-0.008,5.000
30.000,860.000,28.667,428.686,334.322,0.000,0.000,0.001,-0.008,7.785,18.000,0.000,614.000,469.000,5.000,0.000,0.000,0.000,0.100,0.000,0.000,0.900,0.000,2.000,9.654,-0.008,-0.008,5.000
30.000,861.000,28.700,428.476,334.349,0.000,0.000,0.001,-0.007,7.785,18.000,0.000,614.000,469.000,5.000,0.000,0.000,0.000,0.100,0.000,0.000,0.900,0.000,2.000,10.160,-0.007,-0.007,5.000
30.000,862.000,28.733,428.456,334.572,0.000,0.000,0.001,-0.007,7.785,18.000,0.000,614.000,469.000,5.000,0.000,0.000,0.000,0.100,0.000,0.000,0.900,0.000,2.000,10.160,-0.007,-0.007,5.000
30.000,863.000,28.767,428.557,334.450,0.000,0.000,0.001,-0.007,7.785,18.000,0.000,614.000,469.000,5.000,0.000,0.000,0.000,0.100,0.000,0.000,0.900,0.000,2.000,10.160,-0.007,-0.007,5.000
30.000,864.000,28.800,428.821,334.358,0.000,0.000,0.001,-0.007,7.785,18.000,0.000,614.000,469.000,5.000,0.000,0.000,0.000,0.100,0.000,0.000,0.900,0.000,2.000,10.160,-0.007,-0.007,5.000
30.000,865.000,28.833,428.891,334.392,0.000,0.000,0.001,-0.007,7.785,18.000,0.000,614.000,469.000,5.000,0.000,0.000,0.000,0.100,0.000,0.000,0.900,0.000,2.000,10.160,-0.007,-0.007,5.000
30.000,866.000,28.867,428.716,334.346,0.000,0.000,0.001,-0.007,7.785,18.000,0.000,614.000,469.000,5.000,0.000,0.000,0.000,0.100,0.000,0.000,0.900,0.000,2.000,10.160,-0.007,-0.007,5.000
30.000,867.000,28.900,428.533,334.384,0.000,0.000,0.001,-0.003,7.785,18.000,0.000,614.000,469.000,5.000,0.000,0.000,0.000,0.100,0.000,0.000,0.900,0.000,2.000,4.971,-0.003,-0.003,5.000
30.000,868.000,28.933,428.502,334.362,0.000,0.000,0.001,-0.003,7.785,18.000,0.000,614.000,469.000,5.000,0.000,0.000,0.000,0.100,0.000,0.000,0.900,0.000,2.000,4.971,-0.003,-0.003,5.000
30.000,869.000,28.967,428.464,334.299,0.000,0.000,0.001,-0.003,7.785,18.000,0.000,614.000,469.000,5.000,0.000,0.000,0.000,0.100,0.000,0.000,0.900,0.000,2.000,4.971,-0.003,-0.003,5.000
30.000,870.000,29.000,428.441,334.262,0.000,0.000,0.001,-0.003,7.785,18.000,0.000,614.000,469.000,5.000,0.000,0.000,0.000,0.100,0.000,0.000,0.900,0.000,2.000,4.971,-0.003,-0.003,5.000
30.000,871.000,29.033,428.692,334.266,0.000,0.000,0.001,-0.003,7.785,18.000,0.000,614.000,469.000,5.000,0.000,0.000,0.000,0.100,0.000,0.000,0.900,0.000,2.000,4.971,-0.003,-0.003,5.000
30.000,872.000,29.067,428.904,334.289,0.000,0.000,0.001,-0.003,7.785,18.000,0.000,614.000,469.000,5.000,0.000,0.000,0.000,0.100,0.000,0.000,0.900,0.000,2.000,4.971,-0.003,-0.003,5.000
30.000,873.000,29.100,428.724,334.504,0.000,0.000,0.001,-0.000,7.785,18.000,0.000,614.000,469.000,5.000,0.000,0.000,0.000,0.100,0.000,0.000,0.900,0.000,2.000,2.263,-0.000,-0.000,5.000
30.000,874.000,29.133,428.810,334.448,0.000,0.000,0.001,-0.000,7.785,18.000,0.000,614.000,469.000,5.000,0.000,0.000,0.000,0.100,0.000,0.000,0.900,0.000,2.000,2.263,-0.000,-0.000,5.000
30.000,875.000,29.167,429.066,334.480,0.000,0.000,0.001,-0.000,7.785,18.000,0.000,614.000,469.000,5.000,0.000,0.000,0.000,0.100,0.000,0.000,0.900,0.000,2.000,2.263,-0.000,-0.000,5.000
30.000,876.000,29.200,429.356,334.878,0.000,0.000,0.001,-0.000,7.785,18.000,0.000,614.000,469.000,5.000,0.000,0.000,0.000,0.100,0.000,0.000,0.900,0.000,2.000,2.263,-0.000,-0.000,5.000
30.000,877.000,29.233,429.590,335.089,0.000,0.000,0.001,-0.000,7.785,18.000,0.000,614.000,469.000,5.000,0.000,0.000,0.000,0.100,0.000,0.000,0.900,0.000,2.000,2.263,-0.000,-0.000,5.000
30.000,878.000,29.267,429.802,335.172,0.000,0.000,0.001,-0.000,7.785,18.000,0.000,614.000,469.000,5.000,0.000,0.000,0.000,0.100,0.000,0.000,0.900,0.000,2.000,2.263,-0.000,-0.000,5.000
30.000,879.000,29.300,430.047,335.313,0.000,0.000,0.001,-0.003,7.785,18.000,0.000,614.000,469.000,5.000,0.000,0.000,0.000,0.100,0.000,0.000,0.900,0.000,2.000,11.695,-0.003,-0.003,5.000
30.000,880.000,29.333,429.967,335.758,0.000,0.000,0.001,-0.003,7.785,18.000,0.000,614.000,469.000,5.000,0.000,0.000,0.000,0.100,0.000,0.000,0.900,0.000,2.000,11.695,-0.003,-0.003,5.000
30.000,881.000,29.367,430.024,336.137,0.000,0.000,0.001,-0.003,7.785,18.000,0.000,614.000,469.000,5.000,0.000,0.000,0.000,0.100,0.000,0.000,0.900,0.000,2.000,11.695,-0.003,-0.003,5.000
30.000,882.000,29.400,430.146,336.230,0.000,0.000,0.001,-0.003,7.785,18.000,0.000,614.000,469.000,5.000,0.000,0.000,0.000,0.100,0.000,0.000,0.900,0.000,2.000,11.695,-0.003,-0.003,5.000
30.000,883.000,29.433,430.341,336.374,0.000,0.000,0.001,-0.003,7.785,18.000,0.000,614.000,469.000,5.000,0.000,0.000,0.000,0.100,0.000,0.000,0.900,0.000,2.000,11.695,-0.003,-0.003,5.000
30.000,884.000,29.467,430.347,336.894,0.000,0.000,0.001,-0.003,7.785,18.000,0.000,614.000,469.000,5.000,0.000,0.000,0.000,0.100,0.000,0.000,0.900,0.000,2.000,11.695,-0.003,-0.003,5.000
30.000,885.000,29.500,430.421,337.092,0.000,0.000,0.001,-0.013,7.785,18.000,0.000,614.000,469.000,5.000,0.000,0.000,0.000,0.100,0.000,0.000,0.900,0.000,2.000,14.289,-0.013,-0.013,5.000
30.000,886.000,29.533,430.449,337.248,0.000,0.000,0.001,-0.013,7.785,18.000,0.000,614.000,469.000,5.000,0.000,0.000,0.000,0.100,0.000,0.000,0.900,0.000,2.000,14.289,-0.013,-0.013,5.000
30.000,887.000,29.567,430.173,337.399,0.000,0.000,0.001,-0.013,7.785,18.000,0.000,614.000,469.000,5.000,0.000,0.000,0.000,0.100,0.000,0.000,0.900,0.000,2.000,14.289,-0.013,-0.013,5.000
30.000,888.000,29.600,430.193,337.507,0.000,0.000,0.001,-0.013,7.785,18.000,0.000,614.000,469.000,5.000,0.000,0.000,0.000,0.100,0.000,0.000,0.900,0.000,2.000,14.289,-0.013,-0.013,5.000
30.000,889.000,29.633,430.357,337.862,0.000,0.000,0.001,-0.013,7.785,18.000,0.000,614.000,469.000,5.000,0.000,0.000,0.000,0.100,0.000,0.000,0.900,0.000,2.000,14.289,-0.013,-0.013,5.000
30.000,890.000,29.667,430.587,338.007,0.000,0.000,0.001,-0.013,7.785,18.000,0.000,614.000,469.000,5.000,0.000,0.000,0.000,0.100,0.000,0.000,0.900,0.000,2.000,14.289,-0.013,-0.013,5.000
30.000,891.000,29.700,430.604,338.387,0.000,0.000,0.001,-0.027,7.785,18.000,0.000,614.000,469.000,5.000,0.000,0.000,0.000,0.100,0.000,0.000,0.900,0.000,2.000,14.280,-0.027,-0.027,5.000
30.000,892.000,29.733,430.556,338.256,0.000,0.000,0.001,-0.027,7.785,18.000,0.000,614.000,469.000,5.000,0.000,0.000,0.000,0.100,0.000,0.000,0.900,0.000,2.000,14.280,-0.027,-0.027,5.000
30.000,893.000,29.767,430.671,338.187,0.000,0.000,0.001,-0.027,7.785,18.000,0.000,614.000,469.000,5.000,0.000,0.000,0.000,0.100,0.000,0.000,0.900,0.000,2.000,14.280,-0.027,-0.027,5.000
30.000,894.000,29.800,430.698,338.245,0.000,90.000,0.001,-0.027,7.785,18.000,0.000,614.000,469.000,5.000,0.000,0.000,0.000,0.100,0.000,0.000,0.900,0.000,2.000,14.280,-0.027,-0.027,5.000
30.000,895.000,29.833,430.918,338.616,0.000,90.000,0.001,-0.027,7.785,18.000,0.000,614.000,469.000,5.000,0.000,0.000,0.000,0.100,0.000,0.000,0.900,0.000,2.000,14.280,-0.027,-0.027,5.000
30.000,896.000,29.867,431.004,338.834,0.000,90.000,0.001,-0.027,7.785,18.000,0.000,614.000,469.000,5.000,0.000,0.000,0.000,0.100,0.000,0.000,0.900,0.000,2.000,14.280,-0.027,-0.027,5.000
30.000,897.000,29.900,431.114,338.792,0.000,90.000,0.001,-0.006,7.785,18.000,0.000,614.000,469.000,5.000,0.000,0.000,0.000,0.100,0.000,0.000,0.900,0.000,2.000,9.024,-0.006,-0.006,5.000
30.000,898.000,29.933,431.024,338.908,0.000,90.000,0.001,-0.006,7.785,18.000,0.000,614.000,469.000,5.000,0.000,0.000,0.000,0.100,0.000,0.000,0.900,0.000,2.000,9.024,-0.006,-0.006,5.000
30.000,899.000,29.967,431.211,338.904,0.000,90.000,0.001,-0.006,7.785,18.000,0.000,614.000,469.000,5.000,0.000,0.000,0.000,0.100,0.000,0.000,0.900,0.000,2.000,9.024,-0.006,-0.006,5.000
30.000,900.000,30.000,431.349,339.159,0.000,90.000,0.001,-0.006,7.785,18.000,0.000,614.000,469.000,5.000,0.000,0.000,0.000,0.100,0.000,0.000,0.900,0.000,2.000,9.024,-0.006,-0.006,5.000
30.000,901.000,30.033,431.472,339.163,0.000,90.000,0.001,-0.006,7.785,18.000,0.000,614.000,469.000,5.000,0.000,0.000,0.000,0.100,0.000,0.000,0.900,0.000,2.000,9.024,-0.006,-0.006,5.000
30.000,902.000,30.067,431.671,339.285,0.000,90.000,0.001,-0.006,7.785,18.000,0.000,614.000,469.000,5.000,0.000,0.000,0.000,0.100,0.000,0.000,0.900,0.000,2.000,9.024,-0.006,-0.006,5.000
30.000,903.000,30.100,431.806,339.240,0.000,90.000,0.001,-0.003,7.785,18.000,0.000,614.000,469.000,5.000,0.000,0.000,0.000,0.100,0.000,0.000,0.900,0.000,2.000,7.470,-0.003,-0.003,5.000
30.000,904.000,30.133,432.222,339.583,0.000,90.000,0.001,-0.003,7.785,18.000,0.000,614.000,469.000,5.000,0.000,0.000,0.000,0.100,0.000,0.000,0.900,0.000,2.000,7.470,-0.003,-0.003,5.000
30.000,905.000,30.167,432.226,340.096,0.000,90.000,0.001,-0.003,7.785,18.000,0.000,614.000,469.000,5.000,0.000,0.000,0.000,0.100,0.000,0.000,0.900,0.000,2.000,7.470,-0.003,-0.003,5.000
30.000,906.000,30.200,432.113,340.141,0.000,90.000,0.001,-0.003,7.785,18.000,0.000,614.000,469.000,5.000,0.000,0.000,0.000,0.100,0.000,0.000,0.900,0.000,2.000,7.470,-0.003,-0.003,5.000
30.000,907.000,30.233,432.130,340.347,0.000,90.000,0.001,-0.003,7.785,18.000,0.000,614.000,469.000,5.000,0.000,0.000,0.000,0.100,0.000,0.000,0.900,0.000,2.000,7.470,-0.003,-0.003,5.000
30.000,908.000,30.267,432.114,340.263,0.000,90.000,0.001,-0.003,7.785,18.000,0.000,614.000,469.000,5.000,0.000,0.000,0.000,0.100,0.000,0.000,0.900,0.000,2.000,7.470,-0.003,-0.003,5.000
30.000,909.000,30.300,432.247,340.149,0.000,90.000,0.001,-0.013,7.785,18.000,0.000,614.000,469.000,5.000,0.000,0.000,0.000,0.100,0.000,0.000,0.900,0.000,2.000,13.002,-0.013,-0.013,5.000
30.000,910.000,30.333,432.444,340.259,0.000,90.000,0.001,-0.013,7.785,18.000,0.000,614.000,469.000,5.000,0.000,0.000,0.000,0.100,0.000,0.000,0.900,0.000,2.000,13.002,-0.013,-0.013,5.000
30.000,911.000,30.367,432.633,340.246,0.000,90.000,0.001,-0.013,7.785,18.000,0.000,614.000,469.000,5.000,0.000,0.000,0.000,0.100,0.000,0.000,0.900,0.000,2.000,13.002,-0.013,-0.013,5.000
30.000,912.000,30.400,432.880,340.501,0.000,90.000,0.001,-0.013,7.785,18.000,0.000,614.000,469.000,5.000,0.000,0.000,0.000,0.100,0.000,0.000,0.900,0.000,2.000,13.002,-0.013,-0.013,5.000
30.000,913.000,30.433,432.754,340.448,0.000,90.000,0.001,-0.013,7.785,18.000,0.000,614.000,469.000,5.000,0.000,0.000,0.000,0.100,0.000,0.000,0.900,0.000,2.000,13.002,-0.013,-0.013,5.000
30.000,914.000,30.467,432.740,340.477,0.000,90.000,0.001,-0.013,7.785,18.000,0.000,614.000,469.000,5.000,0.000,0.000,0.000,0.100,0.000,0.000,0.900,0.000,2.000,13.002,-0.013,-0.013,5.000
30.000,915.000,30.500,433.018,341.068,0.000,90.000,0.001,0.006,7.785,18.000,0.000,614.000,469.000,5.000,0.000,0.000,0.000,0.100,0.000,0.000,0.900,0.000,2.000,6.066,0.006,0.006,5.000
30.000,916.000,30.533,432.872,341.071,0.000,90.000,0.001,0.006,7.785,18.000,0.000,614.000,469.000,5.000,0.000,0.000,0.000,0.100,0.000,0.000,0.900,0.000,2.000,6.066,0.006,0.006,5.000
30.000,917.000,30.567,432.678,341.231,0.000,90.000,0.001,0.006,7.785,18.000,0.000,614.000,469.000,5.000,0.000,0.000,0.000,0.100,0.000,0.000,0.900,0.000,2.000,6.066,0.006,0.006,5.000
30.000,918.000,30.600,432.701,341.310,0.000,90.000,0.001,0.006,7.785,18.000,0.000,614.000,469.000,5.000,0.000,0.000,0.000,0.100,0.000,0.000,0.900,0.000,2.000,6.066,0.006,0.006,5.000
30.000,919.000,30.633,432.587,341.226,0.000,90.000,0.001,0.006,7.785,18.000,0.000,614.000,469.000,5.000,0.000,0.000,0.000,0.100,0.000,0.000,0.900,0.000,2.000,6.066,0.006,0.006,5.000
30.000,920.000,30.667,432.778,341.312,0.000,90.000,0.001,0.006,7.785,18.000,0.000,614.000,469.000,5.000,0.000,0.000,0.000,0.100,0.000,0.000,0.900,0.000,2.000,6.066,0.006,0.006,5.000
30.000,921.000,30.700,432.831,341.582,0.000,90.000,0.001,-0.016,7.785,18.000,0.000,614.000,469.000,5.000,0.000,0.000,0.000,0.100,0.000,0.000,0.900,0.000,2.000,7.636,-0.016,-0.016,5.000
30.000,922.000,30.733,432.831,341.765,0.000,90.000,0.001,-0.016,7.785,18.000,0.000,614.000,469.000,5.000,0.000,0.000,0.000,0.100,0.000,0.000,0.900,0.000,2.000,7.636,-0.016,-0.016,5.000
30.000,923.000,30.767,432.869,341.978,0.000,90.000,0.001,-0.016,7.785,18.000,0.000,614.000,469.000,5.000,0.000,0.000,0.000,0.100,0.000,0.000,0.900,0.000,2.000,7.636,-0.016,-0.016,5.000
30.000,924.000,30.800,432.558,342.284,0.000,90.000,0.001,-0.016,7.785,18.000,0.000,614.000,469.000,5.000,0.000,0.000,0.000,0.100,0.000,0.000,0.900,0.000,2.000,7.636,-0.016,-0.016,5.000
30.000,925.000,30.833,432.525,342.514,0.000,90.000,0.001,-0.016,7.785,18.000,0.000,614.000,469.000,5.000,0.000,0.000,0.000,0.100,0.000,0.000,0.900,0.000,2.000,7.636,-0.016,-0.016,5.000
30.000,926.000,30.867,432.518,343.048,0.000,90.000,0.001,-0.016,7.785,18.000,0.000,614.000,469.000,5.000,0.000,0.000,0.000,0.100,0.000,0.000,0.900,0.000,2.000,7.636,-0.016,-0.016,5.000
30.000,927.000,30.900,432.707,343.106,0.000,90.000,0.001,-0.025,7.785,18.000,0.000,614.000,469.000,5.000,0.000,0.000,0.000,0.100,0.000,0.000,0.900,0.000,2.000,12.379,-0.025,-0.025,5.000
30.000,928.000,30.933,432.784,343.107,0.000,90.000,0.001,-0.025,7.785,18.000,0.000,614.000,469.000,5.000,0.000,0.000,0.000,0.100,0.000,0.000,0.900,0.000,2.000,12.379,-0.025,-0.025,5.000
30.000,929.000,30.967,432.774,343.296,0.000,90.000,0.001,-0.025,7.785,18.000,0.000,614.000,469.000,5.000,0.000,0.000,0.000,0.100,0.000,0.000,0.900,0.000,2.000,12.379,-0.025,-0.025,5.000
30.000,930.000,31.000,432.557,343.904,0.000,90.000,0.001,-0.025,7.785,18.000,0.000,614.000,469.000,5.000,0.000,0.000,0.000,0.100,0.000,0.000,0.900,0.000,2.000,12.379,-0.025,-0.025,5.000
30.000,931.000,31.033,432.530,344.018,0.000,90.000,0.001,-0.025,7.785,18.000,0.000,614.000,469.000,5.000,0.000,0.000,0.000,0.100,0.000,0.000,0.900,0.000,2.000,12.379,-0.025,-0.025,5.000
30.000,932.000,31.067,432.544,344.166,0.000,90.000,0.001,-0.025,7.785,18.000,0.000,614.000,469.000,5.000,0.000,0.000,0.000,0.100,0.000,0.000,0.900,0.000,2.000,12.379,-0.025,-0.025,5.000
30.000,933.000,31.100,432.600,344.174,0.000,90.000,0.001,-0.028,7.785,18.000,0.000,614.000,469.000,5.000,0.000,0.000,0.000,0.100,0.000,0.000,0.900,0.000,2.000,14.434,-0.028,-0.028,5.000
30.000,934.000,31.133,432.556,345.296,0.000,90.000,0.001,-0.028,7.785,18.000,0.000,614.000,469.000,5.000,0.000,0.000,0.000,0.100,0.000,0.000,0.900,0.000,2.000,14.434,-0.028,-0.028,5.000
30.000,935.000,31.167,432.082,344.885,0.000,90.000,0.001,-0.028,7.785,18.000,0.000,614.000,469.000,5.000,0.000,0.000,0.000,0.100,0.000,0.000,0.900,0.000,2.000,14.434,-0.028,-0.028,5.000
30.000,936.000,31.200,431.898,344.894,0.000,90.000,0.001,-0.028,7.785,18.000,0.000,614.000,469.000,5.000,0.000,0.000,0.000,0.100,0.000,0.000,0.900,0.000,2.000,14.434,-0.028,-0.028,5.000
30.000,937.000,31.233,432.209,345.889,0.000,90.000,0.001,-0.028,7.785,18.000,0.000,614.000,469.000,5.000,0.000,0.000,0.000,0.100,0.000,0.000,0.900,0.000,2.000,14.434,-0.028,-0.028,5.000
30.000,938.000,31.267,432.132,345.529,0.000,90.000,0.001,-0.028,7.785,18.000,0.000,614.000,469.000,5.000,0.000,0.000,0.000,0.100,0.000,0.000,0.900,0.000,2.000,14.434,-0.028,-0.028,5.000
30.000,939.000,31.300,432.408,345.664,0.000,90.000,0.001,-0.039,7.785,18.000,0.000,614.000,469.000,5.000,0.000,0.000,0.000,0.100,0.000,0.000,0.900,0.000,2.000,18.227,-0.039,-0.039,5.000
30.000,940.000,31.333,432.216,346.031,0.000,90.000,0.001,-0.039,7.785,18.000,0.000,614.000,469.000,5.000,0.000,0.000,0.000,0.100,0.000,0.000,0.900,0.000,2.000,18.227,-0.039,-0.039,5.000
30.000,941.000,31.367,432.062,346.096,0.000,90.000,0.001,-0.039,7.785,18.000,0.000,614.000,469.000,5.000,0.000,0.000,0.000,0.100,0.000,0.000,0.900,0.000,2.000,18.227,-0.039,-0.039,5.000
30.010,942.000,31.390,431.951,346.089,0.000,90.000,0.001,-0.039,7.785,18.000,0.000,614.000,469.000,5.000,0.000,0.000,0.000,0.100,0.000,0.000,0.900,0.000,2.000,18.227,-0.039,-0.039,5.000
30.010,943.000,31.423,432.129,346.304,0.000,90.000,0.001,-0.039,7.785,18.000,0.000,614.000,469.000,5.000,0.000,0.000,0.000,0.100,0.000,0.000,0.900,0.000,2.000,18.227,-0.039,-0.039,5.000
30.010,944.000,31.457,432.077,346.604,0.000,90.000,0.001,-0.039,7.785,18.000,0.000,614.000,469.000,5.000,0.000,0.000,0.000,0.100,0.000,0.000,0.900,0.000,2.000,18.227,-0.039,-0.039,5.000
30.010,945.000,31.490,431.921,346.985,0.000,90.000,0.001,-0.009,7.785,18.000,0.000,614.000,469.000,5.000,0.000,0.000,0.000,0.100,0.000,0.000,0.900,0.000,2.000,4.057,-0.009,-0.009,5.000
30.010,946.000,31.523,432.029,347.111,0.000,90.000,0.001,-0.009,7.785,18.000,0.000,614.000,469.000,5.000,0.000,0.000,0.000,0.100,0.000,0.000,0.900,0.000,2.000,4.057,-0.009,-0.009,5.000
30.010,947.000,31.556,431.944,347.193,0.000,90.000,0.001,-0.009,7.785,18.000,0.000,614.000,469.000,5.000,0.000,0.000,0.000,0.100,0.000,0.000,0.900,0.000,2.000,4.057,-0.009,-0.009,5.000
30.010,948.000,31.590,431.867,347.552,0.000,90.000,0.001,-0.009,7.785,18.000,0.000,614.000,469.000,5.000,0.000,0.000,0.000,0.100,0.000,0.000,0.900,0.000,2.000,4.057,-0.009,-0.009,5.000
30.010,949.000,31.623,431.742,347.898,0.000,90.000,0.001,-0.009,7.785,18.000,0.000,614.000,469.000,5.000,0.000,0.000,0.000,0.100,0.000,0.000,0.900,0.000,2.000,4.057,-0.009,-0.009,5.000
30.010,950.000,31.656,431.541,348.038,0.000,90.000,0.001,-0.009,7.785,18.000,0.000,614.000,469.000,5.000,0.000,0.000,0.000,0.100,0.000,0.000,0.900,0.000,2.000,4.057,-0.009,-0.009,5.000
30.010,951.000,31.690,431.570,348.047,0.000,90.000,0.001,-0.035,7.785,18.000,0.000,614.000,469.000,5.000,0.000,0.000,0.000,0.100,0.000,0.000,0.900,0.000,2.000,15.746,-0.035,-0.035,5.000
30.010,952.000,31.723,431.556,348.067,0.000,90.000,0.001,-0.035,7.785,18.000,0.000,614.000,469.000,5.000,0.000,0.000,0.000,0.100,0.000,0.000,0.900,0.000,2.000,15.746,-0.035,-0.035,5.000
30.010,953.000,31.756,431.312,348.347,0.000,90.000,0.001,-0.035,7.785,18.000,0.000,614.000,469.000,5.000,0.000,0.000,0.000,0.100,0.000,0.000,0.900,0.000,2.000,15.746,-0.035,-0.035,5.000
30.010,954.000,31.790,430.958,348.328,0.000,90.000,0.001,-0.035,7.785,18.000,0.000,614.000,469.000,5.000,0.000,0.000,0.000,0.100,0.000,0.000,0.900,0.000,2.000,15.746,-0.035,-0.035,5.000
30.010,955.000,31.823,430.732,348.741,0.000,90.000,0.001,-0.035,7.785,18.000,0.000,614.000,469.000,5.000,0.000,0.000,0.000,0.100,0.000,0.000,0.900,0.000,2.000,15.746,-0.035,-0.035,5.000
30.010,956.000,31.856,430.666,349.022,0.000,90.000,0.001,-0.035,7.785,18.000,0.000,614.000,469.000,5.000,0.000,0.000,0.000,0.100,0.000,0.000,0.900,0.000,2.000,15.746,-0.035,-0.035,5.000
30.010,957.000,31.890,430.633,349.264,0.000,90.000,0.001,-0.029,7.785,18.000,0.000,614.000,469.000,5.000,0.000,0.000,0.000,0.100,0.000,0.000,0.900,0.000,2.000,12.632,-0.029,-0.029,5.000
30.010,958.000,31.923,430.614,349.674,0.000,90.000,0.001,-0.029,7.785,18.000,0.000,614.000,469.000,5.000,0.000,0.000,0.000,0.100,0.000,0.000,0.900,0.000,2.000,12.632,-0.029,-0.029,5.000
30.010,959.000,31.956,430.415,349.861,0.000,90.000,0.001,-0.029,7.785,18.000,0.000,614.000,469.000,5.000,0.000,0.000,0.000,0.100,0.000,0.000,0.900,0.000,2.000,12.632,-0.029,-0.029,5.000
30.010,960.000,31.990,430.551,349.949,0.000,90.000,0.001,-0.029,7.785,18.000,0.000,614.000,469.000,5.000,0.000,0.000,0.000,0.100,0.000,0.000,0.900,0.000,2.000,12.632,-0.029,-0.029,5.000
30.010,961.000,32.023,430.208,350.135,0.000,90.000,0.001,-0.029,7.785,18.000,0.000,614.000,469.000,5.000,0.000,0.000,0.000,0.100,0.000,0.000,0.900,0.000,2.000,12.632,-0.029,-0.029,5.000
30.010,962.000,32.056,430.116,350.207,0.000,90.000,0.001,-0.029,7.785,18.000,0.000,614.000,469.000,5.000,0.000,0.000,0.000,0.100,0.000,0.000,0.900,0.000,2.000,12.632,-0.029,-0.029,5.000
30.010,963.000,32.090,429.765,350.282,0.000,90.000,0.001,-0.033,7.785,18.000,0.000,614.000,469.000,5.000,0.000,0.000,0.000,0.100,0.000,0.000,0.900,0.000,2.000,14.297,-0.033,-0.033,5.000
30.010,964.000,32.123,429.833,350.423,0.000,90.000,0.001,-0.033,7.785,18.000,0.000,614.000,469.000,5.000,0.000,0.000,0.000,0.100,0.000,0.000,0.900,0.000,2.000,14.297,-0.033,-0.033,5.000
30.010,965.000,32.156,429.673,350.942,0.000,90.000,0.001,-0.033,7.785,18.000,0.000,614.000,469.000,5.000,0.000,0.000,0.000,0.100,0.000,0.000,0.900,0.000,2.000,14.297,-0.033,-0.033,5.000
30.010,966.000,32.190,429.768,351.076,0.000,90.000,0.001,-0.033,7.785,18.000,0.000,614.000,469.000,5.000,0.000,0.000,0.000,0.100,0.000,0.000,0.900,0.000,2.000,14.297,-0.033,-0.033,5.000
30.010,967.000,32.223,429.642,351.231,0.000,90.000,0.001,-0.033,7.785,18.000,0.000,614.000,469.000,5.000,0.000,0.000,0.000,0.100,0.000,0.000,0.900,0.000,2.000,14.297,-0.033,-0.033,5.000
30.010,968.000,32.256,429.608,351.716,0.000,90.000,0.001,-0.033,7.785,18.000,0.000,614.000,469.000,5.000,0.000,0.000,0.000,0.100,0.000,0.000,0.900,0.000,2.000,14.297,-0.033,-0.033,5.000
30.010,969.000,32.290,429.742,351.913,0.000,90.000,0.001,-0.028,7.785,18.000,0.000,614.000,469.000,5.000,0.000,0.000,0.000,0.100,0.000,0.000,0.900,0.000,2.000,11.841,-0.028,-0.028,5.000
30.010,970.000,32.323,429.685,351.912,0.000,90.000,0.001,-0.028,7.785,18.000,0.000,614.000,469.000,5.000,0.000,0.000,0.000,0.100,0.000,0.000,0.900,0.000,2.000,11.841,-0.028,-0.028,5.000
30.010,971.000,32.356,429.632,352.065,0.000,90.000,0.001,-0.028,7.785,18.000,0.000,614.000,469.000,5.000,0.000,0.000,0.000,0.100,0.000,0.000,0.900,0.000,2.000,11.841,-0.028,-0.028,5.000
30.000,972.000,32.400,429.521,352.054,0.000,90.000,0.001,-0.028,7.785,18.000,0.000,614.000,469.000,5.000,0.000,0.000,0.000,0.100,0.000,0.000,0.900,0.000,2.000,11.841,-0.028,-0.028,5.000
30.000,973.000,32.433,428.832,351.946,0.000,90.000,0.001,-0.028,7.785,18.000,0.000,614.000,469.000,5.000,0.000,0.000,0.000,0.100,0.000,0.000,0.900,0.000,2.000,11.841,-0.028,-0.028,5.000
30.000,974.000,32.467,429.033,351.927,0.000,90.000,0.001,-0.028,7.785,18.000,0.000,614.000,469.000,5.000,0.000,0.000,0.000,0.100,0.000,0.000,0.900,0.000,2.000,11.841,-0.028,-0.028,5.000
30.000,975.000,32.500,428.803,352.106,0.000,90.000,0.001,-0.024,7.785,18.000,0.000,614.000,469.000,5.000,0.000,0.000,0.000,0.100,0.000,0.000,0.900,0.000,2.000,10.373,-0.024,-0.024,5.000
30.000,976.000,32.533,428.793,352.416,0.000,90.000,0.001,-0.024,7.785,18.000,0.000,614.000,469.000,5.000,0.000,0.000,0.000,0.100,0.000,0.000,0.900,0.000,2.000,10.373,-0.024,-0.024,5.000
30.000,977.000,32.567,428.796,352.957,0.000,90.000,0.001,-0.024,7.785,18.000,0.000,614.000,469.000,5.000,0.000,0.000,0.000,0.100,0.000,0.000,0.900,0.000,2.000,10.373,-0.024,-0.024,5.000
30.000,978.000,32.600,428.755,352.955,0.000,90.000,0.001,-0.024,7.785,18.000,0.000,614.000,469.000,5.000,0.000,0.000,0.000,0.100,0.000,0.000,0.900,0.000,2.000,10.373,-0.024,-0.024,5.000
30.000,979.000,32.633,428.730,353.036,0.000,90.000,0.001,-0.024,7.785,18.000,0.000,614.000,469.000,5.000,0.000,0.000,0.000,0.100,0.000,0.000,0.900,0.000,2.000,10.373,-0.024,-0.024,5.000
30.000,980.000,32.667,428.537,352.967,0.000,90.000,0.001,-0.024,7.785,18.000,0.000,614.000,469.000,5.000,0.000,0.000,0.000,0.100,0.000,0.000,0.900,0.000,2.000,10.373,-0.024,-0.024,5.000
30.000,981.000,32.700,428.707,353.099,0.000,90.000,0.001,-0.022,7.785,18.000,0.000,614.000,469.000,5.000,0.000,0.000,0.000,0.100,0.000,0.000,0.900,0.000,2.000,10.506,-0.022,-0.022,5.000
30.000,982.000,32.733,428.493,353.256,0.000,90.000,0.001,-0.022,7.785,18.000,0.000,614.000,469.000,5.000,0.000,0.000,0.000,0.100,0.000,0.000,0.900,0.000,2.000,10.506,-0.022,-0.022,5.000
30.000,983.000,32.767,428.229,353.232,0.000,90.000,0.001,-0.022,7.785,18.000,0.000,614.000,469.000,5.000,0.000,0.000,0.000,0.100,0.000,0.000,0.900,0.000,2.000,10.506,-0.022,-0.022,5.000
30.000,984.000,32.800,428.228,353.448,0.000,90.000,0.001,-0.022,7.785,18.000,0.000,614.000,469.000,5.000,0.000,0.000,0.000,0.100,0.000,0.000,0.900,0.000,2.000,10.506,-0.022,-0.022,5.000
30.000,985.000,32.833,427.967,353.806,0.000,90.000,0.001,-0.022,7.785,18.000,0.000,614.000,469.000,5.000,0.000,0.000,0.000,0.100,0.000,0.000,0.900,0.000,2.000,10.506,-0.022,-0.022,5.000
30.000,986.000,32.867,427.767,353.966,0.000,90.000,0.001,-0.022,7.785,18.000,0.000,614.000,469.000,5.000,0.000,0.000,0.000,0.100,0.000,0.000,0.900,0.000,2.000,10.506,-0.022,-0.022,5.000
30.000,987.000,32.900,427.723,353.955,0.000,90.000,0.001,-0.024,7.785,18.000,0.000,614.000,469.000,5.000,0.000,0.000,0.000,0.100,0.000,0.000,0.900,0.000,2.000,10.411,-0.024,-0.024,5.000
30.000,988.000,32.933,427.650,354.223,0.000,90.000,0.001,-0.024,7.785,18.000,0.000,614.000,469.000,5.000,0.000,0.000,0.000,0.100,0.000,0.000,0.900,0.000,2.000,10.411,-0.024,-0.024,5.000
30.000,989.000,32.967,427.480,354.169,0.000,90.000,0.001,-0.024,7.785,18.000,0.000,614.000,469.000,5.000,0.000,0.000,0.000,0.100,0.000,0.000,0.900,0.000,2.000,10.411,-0.024,-0.024,5.000
30.000,990.000,33.000,427.546,354.219,0.000,90.000,0.001,-0.024,7.785,18.000,0.000,614.000,469.000,5.000,0.000,0.000,0.000,0.100,0.000,0.000,0.900,0.000,2.000,10.411,-0.024,-0.024,5.000
30.000,991.000,33.033,427.362,354.322,0.000,90.000,0.001,-0.024,7.785,18.000,0.000,614.000,469.000,5.000,0.000,0.000,0.000,0.100,0.000,0.000,0.900,0.000,2.000,10.411,-0.024,-0.024,5.000
30.000,992.000,33.067,427.120,354.266,0.000,90.000,0.001,-0.024,7.785,18.000,0.000,614.000,469.000,5.000,0.000,0.000,0.000,0.100,0.000,0.000,0.900,0.000,2.000,10.411,-0.024,-0.024,5.000
30.000,993.000,33.100,427.368,354.683,0.000,90.000,0.001,-0.017,7.785,18.000,0.000,614.000,469.000,5.000,0.000,0.000,0.000,0.100,0.000,0.000,0.900,0.000,2.000,7.629,-0.017,-0.017,5.000
30.000,994.000,33.133,427.633,354.569,0.000,90.000,0.001,-0.017,7.785,18.000,0.000,614.000,469.000,5.000,0.000,0.000,0.000,0.100,0.000,0.000,0.900,0.000,2.000,7.629,-0.017,-0.017,5.000
30.000,995.000,33.167,427.682,354.460,0.000,90.000,0.001,-0.017,7.785,18.000,0.000,614.000,469.000,5.000,0.000,0.000,0.000,0.100,0.000,0.000,0.900,0.000,2.000,7.629,-0.017,-0.017,5.000
30.000,996.000,33.200,427.591,354.582,0.000,90.000,0.001,-0.017,7.785,18.000,0.000,614.000,469.000,5.000,0.000,0.000,0.000,0.100,0.000,0.000,0.900,0.000,2.000,7.629,-0.017,-0.017,5.000
30.000,997.000,33.233,427.565,354.916,0.000,90.000,0.001,-0.017,7.785,18.000,0.000,614.000,469.000,5.000,0.000,0.000,0.000,0.100,0.000,0.000,0.900,0.000,2.000,7.629,-0.017,-0.017,5.000
30.000,998.000,33.267,427.485,354.940,0.000,90.000,0.001,-0.017,7.785,18.000,0.000,614.000,469.000,5.000,0.000,0.000,0.000,0.100,0.000,0.000,0.900,0.000,2.000,7.629,-0.017,-0.017,5.000
30.000,999.000,33.300,427.542,355.069,0.000,90.000,0.001,-0.009,7.785,18.000,0.000,614.000,469.000,5.000,0.000,0.000,0.000,0.100,0.000,0.000,0.900,0.000,2.000,6.025,-0.009,-0.009,5.000
30.000,1000.000,33.333,427.284,355.094,0.000,90.000,0.001,-0.009,7.785,18.000,0.000,614.000,469.000,5.000,0.000,0.000,0.000,0.100,0.000,0.000,0.900,0.000,2.000,6.025,-0.009,-0.009,5.000
30.000,1001.000,33.367,427.280,355.218,0.000,90.000,0.001,-0.009,7.785,18.000,0.000,614.000,469.000,5.000,0.000,0.000,0.000,0.100,0.000,0.000,0.900,0.000,2.000,6.025,-0.009,-0.009,5.000
30.000,1002.000,33.400,427.519,355.339,0.000,90.000,0.001,-0.009,7.785,18.000,0.000,614.000,469.000,5.000,0.000,0.000,0.000,0.100,0.000,0.000,0.900,0.000,2.000,6.025,-0.009,-0.009,5.000
30.000,1003.000,33.433,427.354,355.566,0.000,90.000,0.001,-0.009,7.785,18.000,0.000,614.000,469.000,5.000,0.000,0.000,0.000,0.100,0.000,0.000,0.900,0.000,2.000,6.025,-0.009,-0.009,5.000
30.000,1004.000,33.467,427.568,355.938,0.000,90.000,0.001,-0.009,7.785,18.000,0.000,614.000,469.000,5.000,0.000,0.000,0.000,0.100,0.000,0.000,0.900,0.000,2.000,6.025,-0.009,-0.009,5.000
30.000,1005.000,33.500,427.341,356.180,0.000,90.000,0.001,-0.015,7.785,18.000,0.000,614.000,469.000,5.000,0.000,0.000,0.000,0.100,0.000,0.000,0.900,0.000,2.000,6.563,-0.015,-0.015,5.000
30.000,1006.000,33.533,427.027,356.176,0.000,90.000,0.001,-0.015,7.785,18.000,0.000,614.000,469.000,5.000,0.000,0.000,0.000,0.100,0.000,0.000,0.900,0.000,2.000,6.563,-0.015,-0.015,5.000
30.000,1007.000,33.567,427.104,356.208,0.000,90.000,0.001,-0.015,7.785,18.000,0.000,614.000,469.000,5.000,0.000,0.000,0.000,0.100,0.000,0.000,0.900,0.000,2.000,6.563,-0.015,-0.015,5.000
30.000,1008.000,33.600,426.925,356.481,0.000,90.000,0.001,-0.015,7.785,18.000,0.000,614.000,469.000,5.000,0.000,0.000,0.000,0.100,0.000,0.000,0.900,0.000,2.000,6.563,-0.015,-0.015,5.000
30.000,1009.000,33.633,426.700,356.512,0.000,90.000,0.001,-0.015,7.785,18.000,0.000,614.000,469.000,5.000,0.000,0.000,0.000,0.100,0.000,0.000,0.900,0.000,2.000,6.563,-0.015,-0.015,5.000
30.000,1010.000,33.667,426.565,356.807,0.000,90.000,0.001,-0.015,7.785,18.000,0.000,614.000,469.000,5.000,0.000,0.000,0.000,0.100,0.000,0.000,0.900,0.000,2.000,6.563,-0.015,-0.015,5.000
30.000,1011.000,33.700,426.461,357.089,0.000,90.000,0.001,-0.026,7.785,18.000,0.000,614.000,469.000,5.000,0.000,0.000,0.000,0.100,0.000,0.000,0.900,0.000,2.000,11.040,-0.026,-0.026,5.000
30.000,1012.000,33.733,426.285,357.024,0.000,90.000,0.001,-0.026,7.785,18.000,0.000,614.000,469.000,5.000,0.000,0.000,0.000,0.100,0.000,0.000,0.900,0.000,2.000,11.040,-0.026,-0.026,5.000
30.000,1013.000,33.767,426.342,357.184,0.000,90.000,0.001,-0.026,7.785,18.000,0.000,614.000,469.000,5.000,0.000,0.000,0.000,0.100,0.000,0.000,0.900,0.000,2.000,11.040,-0.026,-0.026,5.000
30.000,1014.000,33.800,426.260,357.314,0.000,90.000,0.001,-0.026,7.785,18.000,0.000,614.000,469.000,5.000,0.000,0.000,0.000,0.100,0.000,0.000,0.900,0.000,2.000,11.040,-0.026,-0.026,5.000
30.000,1015.000,33.833,426.402,357.626,0.000,90.000,0.001,-0.026,7.785,18.000,0.000,614.000,469.000,5.000,0.000,0.000,0.000,0.100,0.000,0.000,0.900,0.000,2.000,11.040,-0.026,-0.026,5.000
30.000,1016.000,33.867,426.343,357.648,0.000,90.000,0.001,-0.026,7.785,18.000,0.000,614.000,469.000,5.000,0.000,0.000,0.000,0.100,0.000,0.000,0.900,0.000,2.000,11.040,-0.026,-0.026,5.000
30.000,1017.000,33.900,426.183,357.960,0.000,90.000,0.001,-0.025,7.785,18.000,0.000,614.000,469.000,5.000,0.000,0.000,0.000,0.100,0.000,0.000,0.900,0.000,2.000,11.072,-0.025,-0.025,5.000
30.000,1018.000,33.933,426.139,358.143,0.000,90.000,0.001,-0.025,7.785,18.000,0.000,614.000,469.000,5.000,0.000,0.000,0.000,0.100,0.000,0.000,0.900,0.000,2.000,11.072,-0.025,-0.025,5.000
30.000,1019.000,33.967,425.953,358.277,0.000,90.000,0.001,-0.025,7.785,18.000,0.000,614.000,469.000,5.000,0.000,0.000,0.000,0.100,0.000,0.000,0.900,0.000,2.000,11.072,-0.025,-0.025,5.000
30.000,1020.000,34.000,425.898,358.521,0.000,90.000,0.001,-0.025,7.785,18.000,0.000,614.000,469.000,5.000,0.000,0.000,0.000,0.100,0.000,0.000,0.900,0.000,2.000,11.072,-0.025,-0.025,5.000
30.000,1021.000,34.033,425.998,358.757,0.000,90.000,0.001,-0.025,7.785,18.000,0.000,614.000,469.000,5.000,0.000,0.000,0.000,0.100,0.000,0.000,0.900,0.000,2.000,11.072,-0.025,-0.025,5.000
30.000,1022.000,34.067,425.698,359.038,0.000,90.000,0.001,-0.025,7.785,18.000,0.000,614.000,469.000,5.000,0.000,0.000,0.000,0.100,0.000,0.000,0.900,0.000,2.000,11.072,-0.025,-0.025,5.000
30.000,1023.000,34.100,425.373,359.138,0.000,90.000,0.001,-0.027,7.785,18.000,0.000,614.000,469.000,5.000,0.000,0.000,0.000,0.100,0.000,0.000,0.900,0.000,2.000,11.524,-0.027,-0.027,5.000
30.000,1024.000,34.133,425.337,359.108,0.000,90.000,0.001,-0.027,7.785,18.000,0.000,614.000,469.000,5.000,0.000,0.000,0.000,0.100,0.000,0.000,0.900,0.000,2.000,11.524,-0.027,-0.027,5.000
30.000,1025.000,34.167,425.280,358.970,0.000,90.000,0.001,-0.027,7.785,18.000,0.000,614.000,469.000,5.000,0.000,0.000,0.000,0.100,0.000,0.000,0.900,0.000,2.000,11.524,-0.027,-0.027,5.000
30.000,1026.000,34.200,425.054,359.132,0.000,90.000,0.001,-0.027,7.785,18.000,0.000,614.000,469.000,5.000,0.000,0.000,0.000,0.100,0.000,0.000,0.900,0.000,2.000,11.524,-0.027,-0.027,5.000
30.000,1027.000,34.233,424.989,359.265,0.000,90.000,0.001,-0.027,7.785,18.000,0.000,614.000,469.000,5.000,0.000,0.000,0.000,0.100,0.000,0.000,0.900,0.000,2.000,11.524,-0.027,-0.027,5.000
30.000,1028.000,34.267,424.801,359.248,0.000,90.000,0.001,-0.027,7.785,18.000,0.000,614.000,469.000,5.000,0.000,0.000,0.000,0.100,0.000,0.000,0.900,0.000,2.000,11.524,-0.027,-0.027,5.000
30.000,1029.000,34.300,424.747,359.276,0.000,90.000,0.001,-0.022,7.785,18.000,0.000,614.000,469.000,5.000,0.000,0.000,0.000,0.100,0.000,0.000,0.900,0.000,2.000,10.845,-0.022,-0.022,5.000
30.000,1030.000,34.333,424.820,359.287,0.000,90.000,0.001,-0.022,7.785,18.000,0.000,614.000,469.000,5.000,0.000,0.000,0.000,0.100,0.000,0.000,0.900,0.000,2.000,10.845,-0.022,-0.022,5.000
30.000,1031.000,34.367,424.731,359.321,0.000,90.000,0.001,-0.022,7.785,18.000,0.000,614.000,469.000,5.000,0.000,0.000,0.000,0.100,0.000,0.000,0.900,0.000,2.000,10.845,-0.022,-0.022,5.000
30.000,1032.000,34.400,424.843,359.704,0.000,90.000,0.001,-0.022,7.785,18.000,0.000,614.000,469.000,5.000,0.000,0.000,0.000,0.100,0.000,0.000,0.900,0.000,2.000,10.845,-0.022,-0.022,5.000
30.000,1033.000,34.433,424.854,359.964,0.000,90.000,0.001,-0.022,7.785,18.000,0.000,614.000,469.000,5.000,0.000,0.000,0.000,0.100,0.000,0.000,0.900,0.000,2.000,10.845,-0.022,-0.022,5.000
30.000,1034.000,34.467,424.682,360.081,0.000,90.000,0.001,-0.022,7.785,18.000,0.000,614.000,469.000,5.000,0.000,0.000,0.000,0.100,0.000,0.000,0.900,0.000,2.000,10.845,-0.022,-0.022,5.000
30.000,1035.000,34.500,424.295,360.158,0.000,90.000,0.001,-0.015,7.785,18.000,0.000,614.000,469.000,5.000,0.000,0.000,0.000,0.100,0.000,0.000,0.900,0.000,2.000,6.839,-0.015,-0.015,5.000
30.000,1036.000,34.533,424.054,360.160,0.000,90.000,0.001,-0.015,7.785,18.000,0.000,614.000,469.000,5.000,0.000,0.000,0.000,0.100,0.000,0.000,0.900,0.000,2.000,6.839,-0.015,-0.015,5.000
30.000,1037.000,34.567,423.939,360.142,0.000,90.000,0.001,-0.015,7.785,18.000,0.000,614.000,469.000,5.000,0.000,0.000,0.000,0.100,0.000,0.000,0.900,0.000,2.000,6.839,-0.015,-0.015,5.000
30.000,1038.000,34.600,423.679,359.998,0.000,90.000,0.001,-0.015,7.785,18.000,0.000,614.000,469.000,5.000,0.000,0.000,0.000,0.100,0.000,0.000,0.900,0.000,2.000,6.839,-0.015,-0.015,5.000
30.000,1039.000,34.633,423.728,359.944,0.000,90.000,0.001,-0.015,7.785,18.000,0.000,614.000,469.000,5.000,0.000,0.000,0.000,0.100,0.000,0.000,0.900,0.000,2.000,6.839,-0.015,-0.015,5.000
30.000,1040.000,34.667,423.757,360.067,0.000,90.000,0.001,-0.015,7.785,18.000,0.000,614.000,469.000,5.000,0.000,0.000,0.000,0.100,0.000,0.000,0.900,0.000,2.000,6.839,-0.015,-0.015,5.000
30.000,1041.000,34.700,423.668,360.073,0.000,90.000,0.001,-0.012,7.785,18.000,0.000,614.000,469.000,5.000,0.000,0.000,0.000,0.100,0.000,0.000,0.900,0.000,2.000,10.817,-0.012,-0.012,5.000
30.000,1042.000,34.733,423.445,360.064,0.000,90.000,0.001,-0.012,7.785,18.000,0.000,614.000,469.000,5.000,0.000,0.000,0.000,0.100,0.000,0.000,0.900,0.000,2.000,10.817,-0.012,-0.012,5.000
30.000,1043.000,34.767,423.110,360.143,0.000,90.000,0.001,-0.012,7.785,18.000,0.000,614.000,469.000,5.000,0.000,0.000,0.000,0.100,0.000,0.000,0.900,0.000,2.000,10.817,-0.012,-0.012,5.000
30.000,1044.000,34.800,423.045,360.203,0.000,90.000,0.001,-0.012,7.785,18.000,0.000,614.000,469.000,5.000,0.000,0.000,0.000,0.100,0.000,0.000,0.900,0.000,2.000,10.817,-0.012,-0.012,5.000
30.000,1045.000,34.833,423.333,360.591,0.000,90.000,0.001,-0.012,7.785,18.000,0.000,614.000,469.000,5.000,0.000,0.000,0.000,0.100,0.000,0.000,0.900,0.000,2.000,10.817,-0.012,-0.012,5.000
30.000,1046.000,34.867,423.158,360.587,0.000,90.000,0.001,-0.012,7.785,18.000,0.000,614.000,469.000,5.000,0.000,0.000,0.000,0.100,0.000,0.000,0.900,0.000,2.000,10.817,-0.012,-0.012,5.000
30.000,1047.000,34.900,423.060,360.879,0.000,90.000,0.001,-0.017,7.785,18.000,0.000,614.000,469.000,5.000,0.000,0.000,0.000,0.100,0.000,0.000,0.900,0.000,2.000,7.276,-0.017,-0.017,5.000
30.000,1048.000,34.933,422.871,360.738,0.000,90.000,0.001,-0.017,7.785,18.000,0.000,614.000,469.000,5.000,0.000,0.000,0.000,0.100,0.000,0.000,0.900,0.000,2.000,7.276,-0.017,-0.017,5.000
30.000,1049.000,34.967,422.709,360.664,0.000,90.000,0.001,-0.017,7.785,18.000,0.000,614.000,469.000,5.000,0.000,0.000,0.000,0.100,0.000,0.000,0.900,0.000,2.000,7.276,-0.017,-0.017,5.000
30.000,1050.000,35.000,422.722,360.964,0.000,90.000,0.001,-0.017,7.785,18.000,0.000,614.000,469.000,5.000,0.000,0.000,0.000,0.100,0.000,0.000,0.900,0.000,2.000,7.276,-0.017,-0.017,5.000
30.000,1051.000,35.033,422.770,361.143,0.000,90.000,0.001,-0.017,7.785,18.000,0.000,614.000,469.000,5.000,0.000,0.000,0.000,0.100,0.000,0.000,0.900,0.000,2.000,7.276,-0.017,-0.017,5.000
30.000,1052.000,35.067,422.843,361.166,0.000,90.000,0.001,-0.017,7.785,18.000,0.000,614.000,469.000,5.000,0.000,0.000,0.000,0.100,0.000,0.000,0.900,0.000,2.000,7.276,-0.017,-0.017,5.000
30.000,1053.000,35.100,422.231,361.253,0.000,90.000,0.001,-0.017,7.785,18.000,0.000,614.000,469.000,5.000,0.000,0.000,0.000,0.100,0.000,0.000,0.900,0.000,2.000,7.570,-0.017,-0.017,5.000
30.000,1054.000,35.133,422.209,361.397,0.000,90.000,0.001,-0.017,7.785,18.000,0.000,614.000,469.000,5.000,0.000,0.000,0.000,0.100,0.000,0.000,0.900,0.000,2.000,7.570,-0.017,-0.017,5.000
30.000,1055.000,35.167,422.281,361.980,0.000,90.000,0.001,-0.017,7.785,18.000,0.000,614.000,469.000,5.000,0.000,0.000,0.000,0.100,0.000,0.000,0.900,0.000,2.000,7.570,-0.017,-0.017,5.000
30.000,1056.000,35.200,422.215,362.032,0.000,90.000,0.001,-0.017,7.785,18.000,0.000,614.000,469.000,5.000,0.000,0.000,0.000,0.100,0.000,0.000,0.900,0.000,2.000,7.570,-0.017,-0.017,5.000
30.000,1058.000,35.267,422.093,362.201,0.000,90.000,0.001,-0.017,7.785,18.000,0.000,614.000,469.000,5.000,0.000,0.000,0.000,0.100,0.000,0.000,0.900,0.000,2.000,7.570,-0.017,-0.017,5.000
30.000,1059.000,35.300,422.055,362.407,0.000,90.000,0.001,-0.024,7.785,18.000,0.000,614.000,469.000,5.000,0.000,0.000,0.000,0.100,0.000,0.000,0.900,0.000,2.000,10.055,-0.024,-0.024,5.000
30.000,1060.000,35.333,421.732,362.468,0.000,90.000,0.001,-0.024,7.785,18.000,0.000,614.000,469.000,5.000,0.000,0.000,0.000,0.100,0.000,0.000,0.900,0.000,2.000,10.055,-0.024,-0.024,5.000
30.000,1061.000,35.367,421.503,362.780,0.000,90.000,0.001,-0.024,7.785,18.000,0.000,614.000,469.000,5.000,0.000,0.000,0.000,0.100,0.000,0.000,0.900,0.000,2.000,10.055,-0.024,-0.024,5.000
30.000,1062.000,35.400,421.462,362.926,0.000,90.000,0.001,-0.024,7.785,18.000,0.000,614.000,469.000,5.000,0.000,0.000,0.000,0.100,0.000,0.000,0.900,0.000,2.000,10.055,-0.024,-0.024,5.000
30.010,1063.000,35.422,421.403,363.072,0.000,90.000,0.001,-0.024,7.785,18.000,0.000,614.000,469.000,5.000,0.000,0.000,0.000,0.100,0.000,0.000,0.900,0.000,2.000,10.055,-0.024,-0.024,5.000
30.010,1064.000,35.455,421.351,363.179,0.000,90.000,0.001,-0.024,7.785,18.000,0.000,614.000,469.000,5.000,0.000,0.000,0.000,0.100,0.000,0.000,0.900,0.000,2.000,10.055,-0.024,-0.024,5.000
30.010,1065.000,35.489,421.248,363.190,0.000,90.000,0.001,-0.030,7.785,18.000,0.000,614.000,469.000,5.000,0.000,0.000,0.000,0.100,0.000,0.000,0.900,0.000,2.000,12.668,-0.030,-0.030,5.000
30.010,1066.000,35.522,421.092,363.330,0.000,90.000,0.001,-0.030,7.785,18.000,0.000,614.000,469.000,5.000,0.000,0.000,0.000,0.100,0.000,0.000,0.900,0.000,2.000,12.668,-0.030,-0.030,5.000
30.010,1067.000,35.555,420.892,363.307,0.000,90.000,0.001,-0.030,7.785,18.000,0.000,614.000,469.000,5.000,0.000,0.000,0.000,0.100,0.000,0.000,0.900,0.000,2.000,12.668,-0.030,-0.030,5.000
30.010,1068.000,35.589,420.640,363.315,0.000,90.000,0.001,-0.030,7.785,18.000,0.000,614.000,469.000,5.000,0.000,0.000,0.000,0.100,0.000,0.000,0.900,0.000,2.000,12.668,-0.030,-0.030,5.000
30.010,1069.000,35.622,420.427,363.085,0.000,90.000,0.001,-0.030,7.785,18.000,0.000,614.000,469.000,5.000,0.000,0.000,0.000,0.100,0.000,0.000,0.900,0.000,2.000,12.668,-0.030,-0.030,5.000
30.010,1070.000,35.655,420.312,363.199,0.000,90.000,0.001,-0.030,7.785,18.000,0.000,614.000,469.000,5.000,0.000,0.000,0.000,0.100,0.000,0.000,0.900,0.000,2.000,12.668,-0.030,-0.030,5.000
30.010,1071.000,35.688,420.333,363.161,0.000,90.000,0.001,-0.011,7.785,18.000,0.000,614.000,469.000,5.000,0.000,0.000,0.000,0.100,0.000,0.000,0.900,0.000,2.000,9.365,-0.011,-0.011,5.000
30.010,1072.000,35.722,420.210,363.180,0.000,90.000,0.001,-0.011,7.785,18.000,0.000,614.000,469.000,5.000,0.000,0.000,0.000,0.100,0.000,0.000,0.900,0.000,2.000,9.365,-0.011,-0.011,5.000
30.010,1073.000,35.755,419.967,363.440,0.000,90.000,0.001,-0.011,7.785,18.000,0.000,614.000,469.000,5.000,0.000,0.000,0.000,0.100,0.000,0.000,0.900,0.000,2.000,9.365,-0.011,-0.011,5.000
30.010,1074.000,35.788,420.202,363.877,0.000,90.000,0.001,-0.011,7.785,18.000,0.000,614.000,469.000,5.000,0.000,0.000,0.000,0.100,0.000,0.000,0.900,0.000,2.000,9.365,-0.011,-0.011,5.000
30.010,1075.000,35.822,419.790,364.093,0.000,90.000,0.001,-0.011,7.785,18.000,0.000,614.000,469.000,5.000,0.000,0.000,0.000,0.100,0.000,0.000,0.900,0.000,2.000,9.365,-0.011,-0.011,5.000
30.010,1076.000,35.855,419.518,364.442,0.000,90.000,0.001,-0.011,7.785,18.000,0.000,614.000,469.000,5.000,0.000,0.000,0.000,0.100,0.000,0.000,0.900,0.000,2.000,9.365,-0.011,-0.011,5.000
30.010,1077.000,35.888,419.599,364.865,0.000,90.000,0.001,-0.027,7.785,18.000,0.000,614.000,469.000,5.000,0.000,0.000,0.000,0.100,0.000,0.000,0.900,0.000,2.000,11.445,-0.027,-0.027,5.000
30.010,1078.000,35.922,419.484,365.038,0.000,90.000,0.001,-0.027,7.785,18.000,0.000,614.000,469.000,5.000,0.000,0.000,0.000,0.100,0.000,0.000,0.900,0.000,2.000,11.445,-0.027,-0.027,5.000
30.010,1079.000,35.955,419.129,365.213,0.000,90.000,0.001,-0.027,7.785,18.000,0.000,614.000,469.000,5.000,0.000,0.000,0.000,0.100,0.000,0.000,0.900,0.000,2.000,11.445,-0.027,-0.027,5.000
30.010,1080.000,35.988,418.987,365.299,0.000,90.000,0.001,-0.027,7.785,18.000,0.000,614.000,469.000,5.000,0.000,0.000,0.000,0.100,0.000,0.000,0.900,0.000,2.000,11.445,-0.027,-0.027,5.000
30.010,1081.000,36.022,418.699,365.484,0.000,90.000,0.001,-0.027,7.785,18.000,0.000,614.000,469.000,5.000,0.000,0.000,0.000,0.100,0.000,0.000,0.900,0.000,2.000,11.445,-0.027,-0.027,5.000
30.010,1082.000,36.055,418.687,365.874,0.000,90.000,0.001,-0.027,7.785,18.000,0.000,614.000,469.000,5.000,0.000,0.000,0.000,0.100,0.000,0.000,0.900,0.000,2.000,11.445,-0.027,-0.027,5.000
30.010,1083.000,36.088,418.745,365.849,0.000,90.000,0.001,-0.039,7.785,18.000,0.000,614.000,469.000,5.000,0.000,0.000,0.000,0.100,0.000,0.000,0.900,0.000,2.000,16.980,-0.039,-0.039,5.000
30.010,1084.000,36.122,418.838,365.718,0.000,90.000,0.001,-0.039,7.785,18.000,0.000,614.000,469.000,5.000,0.000,0.000,0.000,0.100,0.000,0.000,0.900,0.000,2.000,16.980,-0.039,-0.039,5.000
30.010,1085.000,36.155,418.611,366.018,0.000,90.000,0.001,-0.039,7.785,18.000,0.000,614.000,469.000,5.000,0.000,0.000,0.000,0.100,0.000,0.000,0.900,0.000,2.000,16.980,-0.039,-0.039,5.000
30.010,1086.000,36.188,418.464,366.038,0.000,90.000,0.001,-0.039,7.785,18.000,0.000,614.000,469.000,5.000,0.000,0.000,0.000,0.100,0.000,0.000,0.900,0.000,2.000,16.980,-0.039,-0.039,5.000
30.010,1087.000,36.222,418.251,365.910,0.000,90.000,0.001,-0.039,7.785,18.000,0.000,614.000,469.000,5.000,0.000,0.000,0.000,0.100,0.000,0.000,0.900,0.000,2.000,16.980,-0.039,-0.039,5.000
30.010,1088.000,36.255,418.070,365.816,0.000,90.000,0.001,-0.039,7.785,18.000,0.000,614.000,469.000,5.000,0.000,0.000,0.000,0.100,0.000,0.000,0.900,0.000,2.000,16.980,-0.039,-0.039,5.000
30.010,1089.000,36.288,418.068,365.984,0.000,90.000,0.001,-0.013,7.785,18.000,0.000,614.000,469.000,5.000,0.000,0.000,0.000,0.100,0.000,0.000,0.900,0.000,2.000,5.931,-0.013,-0.013,5.000
30.010,1090.000,36.322,418.068,366.142,0.000,90.000,0.001,-0.013,7.785,18.000,0.000,614.000,469.000,5.000,0.000,0.000,0.000,0.100,0.000,0.000,0.900,0.000,2.000,5.931,-0.013,-0.013,5.000
30.010,1091.000,36.355,417.966,366.244,0.000,90.000,0.001,-0.013,7.785,18.000,0.000,614.000,469.000,5.000,0.000,0.000,0.000,0.100,0.000,0.000,0.900,0.000,2.000,5.931,-0.013,-0.013,5.000
30.010,1092.000,36.388,417.652,366.737,0.000,90.000,0.001,-0.013,7.785,18.000,0.000,614.000,469.000,5.000,0.000,0.000,0.000,0.100,0.000,0.000,0.900,0.000,2.000,5.931,-0.013,-0.013,5.000
30.000,1093.000,36.433,417.555,366.941,0.000,90.000,0.001,-0.013,7.785,18.000,0.000,614.000,469.000,5.000,0.000,0.000,0.000,0.100,0.000,0.000,0.900,0.000,2.000,5.931,-0.013,-0.013,5.000
30.000,1094.000,36.467,417.473,366.948,0.000,90.000,0.001,-0.013,7.785,18.000,0.000,614.000,469.000,5.000,0.000,0.000,0.000,0.100,0.000,0.000,0.900,0.000,2.000,5.931,-0.013,-0.013,5.000
30.000,1095.000,36.500,417.372,367.027,0.000,90.000,0.001,-0.028,7.785,18.000,0.000,614.000,469.000,5.000,0.000,0.000,0.000,0.100,0.000,0.000,0.900,0.000,2.000,11.943,-0.028,-0.028,5.000
30.000,1096.000,36.533,417.269,366.941,0.000,90.000,0.001,-0.028,7.785,18.000,0.000,614.000,469.000,5.000,0.000,0.000,0.000,0.100,0.000,0.000,0.900,0.000,2.000,11.943,-0.028,-0.028,5.000
30.000,1097.000,36.567,417.162,367.057,0.000,90.000,0.001,-0.028,7.785,18.000,0.000,614.000,469.000,5.000,0.000,0.000,0.000,0.100,0.000,0.000,0.900,0.000,2.000,11.943,-0.028,-0.028,5.000
30.000,1098.000,36.600,416.703,367.191,0.000,90.000,0.001,-0.028,7.785,18.000,0.000,614.000,469.000,5.000,0.000,0.000,0.000,0.100,0.000,0.000,0.900,0.000,2.000,11.943,-0.028,-0.028,5.000
30.000,1099.000,36.633,416.084,367.222,0.000,90.000,0.001,-0.028,7.785,18.000,0.000,614.000,469.000,5.000,0.000,0.000,0.000,0.100,0.000,0.000,0.900,0.000,2.000,11.943,-0.028,-0.028,5.000
30.000,1101.000,36.700,416.278,367.372,0.000,90.000,0.001,-0.021,7.785,18.000,0.000,614.000,469.000,5.000,0.000,0.000,0.000,0.100,0.000,0.000,0.900,0.000,2.000,14.381,-0.021,-0.021,5.000
30.000,1103.000,36.767,415.910,367.871,0.000,90.000,0.001,-0.021,7.785,18.000,0.000,614.000,469.000,5.000,0.000,0.000,0.000,0.100,0.000,0.000,0.900,0.000,2.000,14.381,-0.021,-0.021,5.000
30.000,1104.000,36.800,415.739,367.936,0.000,90.000,0.001,-0.021,7.785,18.000,0.000,614.000,469.000,5.000,0.000,0.000,0.000,0.100,0.000,0.000,0.900,0.000,2.000,14.381,-0.021,-0.021,5.000
30.000,1105.000,36.833,415.497,368.043,0.000,90.000,0.001,-0.021,7.785,18.000,0.000,614.000,469.000,5.000,0.000,0.000,0.000,0.100,0.000,0.000,0.900,0.000,2.000,14.381,-0.021,-0.021,5.000
30.000,1106.000,36.867,415.102,368.120,0.000,90.000,0.001,-0.021,7.785,18.000,0.000,614.000,469.000,5.000,0.000,0.000,0.000,0.100,0.000,0.000,0.900,0.000,2.000,14.381,-0.021,-0.021,5.000
30.000,1107.000,36.900,415.197,368.293,0.000,90.000,0.001,-0.022,7.785,18.000,0.000,614.000,469.000,5.000,0.000,0.000,0.000,0.100,0.000,0.000,0.900,0.000,2.000,9.691,-0.022,-0.022,5.000
30.000,1108.000,36.933,415.041,368.374,0.000,90.000,0.001,-0.022,7.785,18.000,0.000,614.000,469.000,5.000,0.000,0.000,0.000,0.100,0.000,0.000,0.900,0.000,2.000,9.691,-0.022,-0.022,5.000
30.000,1109.000,36.967,414.977,368.500,0.000,90.000,0.001,-0.022,7.785,18.000,0.000,614.000,469.000,5.000,0.000,0.000,0.000,0.100,0.000,0.000,0.900,0.000,2.000,9.691,-0.022,-0.022,5.000
30.000,1110.000,37.000,414.800,368.857,0.000,90.000,0.001,-0.022,7.785,18.000,0.000,614.000,469.000,5.000,0.000,0.000,0.000,0.100,0.000,0.000,0.900,0.000,2.000,9.691,-0.022,-0.022,5.000
30.000,1111.000,37.033,414.722,368.921,0.000,90.000,0.001,-0.022,7.785,18.000,0.000,614.000,469.000,5.000,0.000,0.000,0.000,0.100,0.000,0.000,0.900,0.000,2.000,9.691,-0.022,-0.022,5.000
30.000,1112.000,37.067,414.372,368.660,0.000,90.000,0.001,-0.022,7.785,18.000,0.000,614.000,469.000,5.000,0.000,0.000,0.000,0.100,0.000,0.000,0.900,0.000,2.000,9.691,-0.022,-0.022,5.000
30.000,1113.000,37.100,414.480,368.825,0.000,90.000,0.001,-0.025,7.785,18.000,0.000,614.000,469.000,5.000,0.000,0.000,0.000,0.100,0.000,0.000,0.900,0.000,2.000,11.239,-0.025,-0.025,5.000
30.000,1114.000,37.133,414.608,368.939,0.000,90.000,0.001,-0.025,7.785,18.000,0.000,614.000,469.000,5.000,0.000,0.000,0.000,0.100,0.000,0.000,0.900,0.000,2.000,11.239,-0.025,-0.025,5.000
30.000,1115.000,37.167,414.764,369.189,0.000,90.000,0.001,-0.025,7.785,18.000,0.000,614.000,469.000,5.000,0.000,0.000,0.000,0.100,0.000,0.000,0.900,0.000,2.000,11.239,-0.025,-0.025,5.000
30.000,1116.000,37.200,414.298,369.092,0.000,90.000,0.001,-0.025,7.785,18.000,0.000,614.000,469.000,5.000,0.000,0.000,0.000,0.100,0.000,0.000,0.900,0.000,2.000,11.239,-0.025,-0.025,5.000
30.000,1117.000,37.233,414.002,369.199,0.000,90.000,0.001,-0.025,7.785,18.000,0.000,614.000,469.000,5.000,0.000,0.000,0.000,0.100,0.000,0.000,0.900,0.000,2.000,11.239,-0.025,-0.025,5.000
30.000,1118.000,37.267,413.977,369.208,0.000,90.000,0.001,-0.025,7.785,18.000,0.000,614.000,469.000,5.000,0.000,0.000,0.000,0.100,0.000,0.000,0.900,0.000,2.000,11.239,-0.025,-0.025,5.000
30.000,1119.000,37.300,413.804,369.424,0.000,90.000,0.001,-0.013,7.785,18.000,0.000,614.000,469.000,5.000,0.000,0.000,0.000,0.100,0.000,0.000,0.900,0.000,2.000,7.409,-0.013,-0.013,5.000
30.000,1120.000,37.333,413.646,369.573,0.000,90.000,0.001,-0.013,7.785,18.000,0.000,614.000,469.000,5.000,0.000,0.000,0.000,0.100,0.000,0.000,0.900,0.000,2.000,7.409,-0.013,-0.013,5.000
30.000,1121.000,37.367,413.759,369.884,0.000,90.000,0.001,-0.013,7.785,18.000,0.000,614.000,469.000,5.000,0.000,0.000,0.000,0.100,0.000,0.000,0.900,0.000,2.000,7.409,-0.013,-0.013,5.000
30.000,1122.000,37.400,413.748,369.961,0.000,90.000,0.001,-0.013,7.785,18.000,0.000,614.000,469.000,5.000,0.000,0.000,0.000,0.100,0.000,0.000,0.900,0.000,2.000,7.409,-0.013,-0.013,5.000
30.000,1123.000,37.433,413.247,369.950,0.000,90.000,0.001,-0.013,7.785,18.000,0.000,614.000,469.000,5.000,0.000,0.000,0.000,0.100,0.000,0.000,0.900,0.000,2.000,7.409,-0.013,-0.013,5.000
30.000,1124.000,37.467,413.118,370.016,0.000,90.000,0.001,-0.013,7.785,18.000,0.000,614.000,469.000,5.000,0.000,0.000,0.000,0.100,0.000,0.000,0.900,0.000,2.000,7.409,-0.013,-0.013,5.000
30.000,1125.000,37.500,412.973,370.079,0.000,90.000,0.001,-0.023,7.785,18.000,0.000,614.000,469.000,5.000,0.000,0.000,0.000,0.100,0.000,0.000,0.900,0.000,2.000,10.227,-0.023,-0.023,5.000
30.000,1126.000,37.533,412.939,370.077,0.000,90.000,0.001,-0.023,7.785,18.000,0.000,614.000,469.000,5.000,0.000,0.000,0.000,0.100,0.000,0.000,0.900,0.000,2.000,10.227,-0.023,-0.023,5.000
30.000,1127.000,37.567,412.698,369.998,0.000,90.000,0.001,-0.023,7.785,18.000,0.000,614.000,469.000,5.000,0.000,0.000,0.000,0.100,0.000,0.000,0.900,0.000,2.000,10.227,-0.023,-0.023,5.000
30.000,1128.000,37.600,412.500,370.201,0.000,90.000,0.001,-0.023,7.785,18.000,0.000,614.000,469.000,5.000,0.000,0.000,0.000,0.100,0.000,0.000,0.900,0.000,2.000,10.227,-0.023,-0.023,5.000
30.000,1129.000,37.633,412.293,370.231,0.000,90.000,0.001,-0.023,7.785,18.000,0.000,614.000,469.000,5.000,0.000,0.000,0.000,0.100,0.000,0.000,0.900,0.000,2.000,10.227,-0.023,-0.023,5.000
30.000,1130.000,37.667,412.310,370.390,0.000,90.000,0.001,-0.023,7.785,18.000,0.000,614.000,469.000,5.000,0.000,0.000,0.000,0.100,0.000,0.000,0.900,0.000,2.000,10.227,-0.023,-0.023,5.000
30.000,1131.000,37.700,411.975,370.744,0.000,90.000,0.001,-0.015,7.785,18.000,0.000,614.000,469.000,5.000,0.000,0.000,0.000,0.100,0.000,0.000,0.900,0.000,2.000,9.550,-0.015,-0.015,5.000
30.000,1132.000,37.733,411.817,370.959,0.000,90.000,0.001,-0.015,7.785,18.000,0.000,614.000,469.000,5.000,0.000,0.000,0.000,0.100,0.000,0.000,0.900,0.000,2.000,9.550,-0.015,-0.015,5.000
30.000,1133.000,37.767,411.629,370.840,0.000,90.000,0.001,-0.015,7.785,18.000,0.000,614.000,469.000,5.000,0.000,0.000,0.000,0.100,0.000,0.000,0.900,0.000,2.000,9.550,-0.015,-0.015,5.000
30.000,1134.000,37.800,411.527,371.023,0.000,90.000,0.001,-0.015,7.785,18.000,0.000,614.000,469.000,5.000,0.000,0.000,0.000,0.100,0.000,0.000,0.900,0.000,2.000,9.550,-0.015,-0.015,5.000
30.000,1135.000,37.833,410.980,371.217,0.000,90.000,0.001,-0.015,7.785,18.000,0.000,614.000,469.000,5.000,0.000,0.000,0.000,0.100,0.000,0.000,0.900,0.000,2.000,9.550,-0.015,-0.015,5.000
30.000,1136.000,37.867,410.930,371.239,0.000,90.000,0.001,-0.015,7.785,18.000,0.000,614.000,469.000,5.000,0.000,0.000,0.000,0.100,0.000,0.000,0.900,0.000,2.000,9.550,-0.015,-0.015,5.000
30.000,1137.000,37.900,410.893,371.479,0.000,90.000,0.001,-0.032,7.785,18.000,0.000,614.000,469.000,5.000,0.000,0.000,0.000,0.100,0.000,0.000,0.900,0.000,2.000,15.763,-0.032,-0.032,5.000
30.000,1138.000,37.933,410.831,371.820,0.000,90.000,0.001,-0.032,7.785,18.000,0.000,614.000,469.000,5.000,0.000,0.000,0.000,0.100,0.000,0.000,0.900,0.000,2.000,15.763,-0.032,-0.032,5.000
30.000,1139.000,37.967,410.642,371.776,0.000,90.000,0.001,-0.032,7.785,18.000,0.000,614.000,469.000,5.000,0.000,0.000,0.000,0.100,0.000,0.000,0.900,0.000,2.000,15.763,-0.032,-0.032,5.000
30.000,1140.000,38.000,410.575,371.661,0.000,90.000,0.001,-0.032,7.785,18.000,0.000,614.000,469.000,5.000,0.000,0.000,0.000,0.100,0.000,0.000,0.900,0.000,2.000,15.763,-0.032,-0.032,5.000
30.000,1141.000,38.033,410.613,371.825,0.000,90.000,0.001,-0.032,7.785,18.000,0.000,614.000,469.000,5.000,0.000,0.000,0.000,0.100,0.000,0.000,0.900,0.000,2.000,15.763,-0.032,-0.032,5.000
30.000,1142.000,38.067,410.527,371.975,0.000,90.000,0.001,-0.032,7.785,18.000,0.000,614.000,469.000,5.000,0.000,0.000,0.000,0.100,0.000,0.000,0.900,0.000,2.000,15.763,-0.032,-0.032,5.000
30.000,1143.000,38.100,410.063,372.135,0.000,90.000,0.001,-0.016,7.785,18.000,0.000,614.000,469.000,5.000,0.000,0.000,0.000,0.100,0.000,0.000,0.900,0.000,2.000,6.814,-0.016,-0.016,5.000
30.000,1144.000,38.133,410.230,372.057,0.000,90.000,0.001,-0.016,7.785,18.000,0.000,614.000,469.000,5.000,0.000,0.000,0.000,0.100,0.000,0.000,0.900,0.000,2.000,6.814,-0.016,-0.016,5.000
30.000,1146.000,38.200,410.139,372.134,0.000,90.000,0.001,-0.016,7.785,18.000,0.000,614.000,469.000,5.000,0.000,0.000,0.000,0.100,0.000,0.000,0.900,0.000,2.000,6.814,-0.016,-0.016,5.000
30.000,1148.000,38.267,409.641,372.262,0.000,90.000,0.001,-0.016,7.785,18.000,0.000,614.000,469.000,5.000,0.000,0.000,0.000,0.100,0.000,0.000,0.900,0.000,2.000,6.814,-0.016,-0.016,5.000
30.000,1150.000,38.333,409.605,372.861,0.000,90.000,0.001,-0.011,7.785,18.000,0.000,614.000,469.000,5.000,0.000,0.000,0.000,0.100,0.000,0.000,0.900,0.000,2.000,5.440,-0.011,-0.011,5.000
30.000,1152.000,38.400,409.152,373.180,0.000,90.000,0.001,-0.011,7.785,18.000,0.000,614.000,469.000,5.000,0.000,0.000,0.000,0.100,0.000,0.000,0.900,0.000,2.000,5.440,-0.011,-0.011,5.000
30.010,1154.000,38.454,408.886,373.404,0.000,90.000,0.001,-0.011,7.785,18.000,0.000,614.000,469.000,5.000,0.000,0.000,0.000,0.100,0.000,0.000,0.900,0.000,2.000,5.440,-0.011,-0.011,5.000
30.010,1156.000,38.521,409.047,373.658,0.000,90.000,0.001,-0.030,7.785,18.000,0.000,614.000,469.000,5.000,0.000,0.000,0.000,0.100,0.000,0.000,0.900,0.000,2.000,13.798,-0.030,-0.030,5.000
30.010,1157.000,38.554,408.911,373.959,0.000,90.000,0.001,-0.030,7.785,18.000,0.000,614.000,469.000,5.000,0.000,0.000,0.000,0.100,0.000,0.000,0.900,0.000,2.000,13.798,-0.030,-0.030,5.000
30.010,1158.000,38.588,408.526,374.029,0.000,90.000,0.001,-0.030,7.785,18.000,0.000,614.000,469.000,5.000,0.000,0.000,0.000,0.100,0.000,0.000,0.900,0.000,2.000,13.798,-0.030,-0.030,5.000
30.010,1159.000,38.621,408.429,374.211,0.000,90.000,0.001,-0.030,7.785,18.000,0.000,614.000,469.000,5.000,0.000,0.000,0.000,0.100,0.000,0.000,0.900,0.000,2.000,13.798,-0.030,-0.030,5.000
30.010,1160.000,38.654,408.311,374.327,0.000,90.000,0.001,-0.030,7.785,18.000,0.000,614.000,469.000,5.000,0.000,0.000,0.000,0.100,0.000,0.000,0.900,0.000,2.000,13.798,-0.030,-0.030,5.000
30.010,1161.000,38.688,408.534,374.842,0.000,90.000,0.001,-0.027,7.785,18.000,0.000,614.000,469.000,5.000,0.000,0.000,0.000,0.100,0.000,0.000,0.900,0.000,2.000,12.095,-0.027,-0.027,5.000
30.010,1162.000,38.721,408.342,374.714,0.000,90.000,0.001,-0.027,7.785,18.000,0.000,614.000,469.000,5.000,0.000,0.000,0.000,0.100,0.000,0.000,0.900,0.000,2.000,12.095,-0.027,-0.027,5.000
30.010,1163.000,38.754,408.385,374.919,0.000,90.000,0.001,-0.027,7.785,18.000,0.000,614.000,469.000,5.000,0.000,0.000,0.000,0.100,0.000,0.000,0.900,0.000,2.000,12.095,-0.027,-0.027,5.000
30.010,1164.000,38.787,408.447,374.946,0.000,90.000,0.001,-0.027,7.785,18.000,0.000,614.000,469.000,5.000,0.000,0.000,0.000,0.100,0.000,0.000,0.900,0.000,2.000,12.095,-0.027,-0.027,5.000
30.010,1165.000,38.821,408.078,375.000,0.000,90.000,0.001,-0.027,7.785,18.000,0.000,614.000,469.000,5.000,0.000,0.000,0.000,0.100,0.000,0.000,0.900,0.000,2.000,12.095,-0.027,-0.027,5.000
30.010,1166.000,38.854,408.231,375.152,0.000,90.000,0.001,-0.027,7.785,18.000,0.000,614.000,469.000,5.000,0.000,0.000,0.000,0.100,0.000,0.000,0.900,0.000,2.000,12.095,-0.027,-0.027,5.000
30.010,1167.000,38.887,408.174,375.338,0.000,90.000,0.001,-0.019,7.785,18.000,0.000,614.000,469.000,5.000,0.000,0.000,0.000,0.100,0.000,0.000,0.900,0.000,2.000,8.291,-0.019,-0.019,5.000
30.010,1168.000,38.921,408.151,375.215,0.000,90.000,0.001,-0.019,7.785,18.000,0.000,614.000,469.000,5.000,0.000,0.000,0.000,0.100,0.000,0.000,0.900,0.000,2.000,8.291,-0.019,-0.019,5.000
30.010,1169.000,38.954,408.139,375.364,0.000,90.000,0.001,-0.019,7.785,18.000,0.000,614.000,469.000,5.000,0.000,0.000,0.000,0.100,0.000,0.000,0.900,0.000,2.000,8.291,-0.019,-0.019,5.000
30.010,1170.000,38.987,408.180,375.886,0.000,90.000,0.001,-0.019,7.785,18.000,0.000,614.000,469.000,5.000,0.000,0.000,0.000,0.100,0.000,0.000,0.900,0.000,2.000,8.291,-0.019,-0.019,5.000
30.010,1171.000,39.021,408.184,375.977,0.000,90.000,0.001,-0.019,7.785,18.000,0.000,614.000,469.000,5.000,0.000,0.000,0.000,0.100,0.000,0.000,0.900,0.000,2.000,8.291,-0.019,-0.019,5.000
30.010,1172.000,39.054,407.966,376.085,0.000,90.000,0.001,-0.019,7.785,18.000,0.000,614.000,469.000,5.000,0.000,0.000,0.000,0.100,0.000,0.000,0.900,0.000,2.000,8.291,-0.019,-0.019,5.000
30.010,1173.000,39.087,407.869,376.317,0.000,90.000,0.001,-0.019,7.785,18.000,0.000,614.000,469.000,5.000,0.000,0.000,0.000,0.100,0.000,0.000,0.900,0.000,2.000,9.437,-0.019,-0.019,5.000
30.010,1174.000,39.121,407.821,376.676,0.000,90.000,0.001,-0.019,7.785,18.000,0.000,614.000,469.000,5.000,0.000,0.000,0.000,0.100,0.000,0.000,0.900,0.000,2.000,9.437,-0.019,-0.019,5.000
30.010,1175.000,39.154,407.652,376.857,0.000,90.000,0.001,-0.019,7.785,18.000,0.000,614.000,469.000,5.000,0.000,0.000,0.000,0.100,0.000,0.000,0.900,0.000,2.000,9.437,-0.019,-0.019,5.000
30.010,1176.000,39.187,407.528,376.962,0.000,90.000,0.001,-0.019,7.785,18.000,0.000,614.000,469.000,5.000,0.000,0.000,0.000,0.100,0.000,0.000,0.900,0.000,2.000,9.437,-0.019,-0.019,5.000
30.010,1177.000,39.221,407.248,376.979,0.000,90.000,0.001,-0.019,7.785,18.000,0.000,614.000,469.000,5.000,0.000,0.000,0.000,0.100,0.000,0.000,0.900,0.000,2.000,9.437,-0.019,-0.019,5.000
30.010,1178.000,39.254,407.299,377.018,0.000,90.000,0.001,-0.019,7.785,18.000,0.000,614.000,469.000,5.000,0.000,0.000,0.000,0.100,0.000,0.000,0.900,0.000,2.000,9.437,-0.019,-0.019,5.000
30.010,1179.000,39.287,406.847,377.036,0.000,90.000,0.001,-0.029,7.785,18.000,0.000,614.000,469.000,5.000,0.000,0.000,0.000,0.100,0.000,0.000,0.900,0.000,2.000,13.163,-0.029,-0.029,5.000
30.010,1180.000,39.321,406.732,377.201,0.000,90.000,0.001,-0.029,7.785,18.000,0.000,614.000,469.000,5.000,0.000,0.000,0.000,0.100,0.000,0.000,0.900,0.000,2.000,13.163,-0.029,-0.029,5.000
30.010,1181.000,39.354,406.636,377.586,0.000,90.000,0.001,-0.029,7.785,18.000,0.000,614.000,469.000,5.000,0.000,0.000,0.000,0.100,0.000,0.000,0.900,0.000,2.000,13.163,-0.029,-0.029,5.000
30.010,1182.000,39.387,406.634,377.290,0.000,90.000,0.001,-0.029,7.785,18.000,0.000,614.000,469.000,5.000,0.000,0.000,0.000,0.100,0.000,0.000,0.900,0.000,2.000,13.163,-0.029,-0.029,5.000
30.000,1184.000,39.467,406.374,377.243,0.000,90.000,0.001,-0.029,7.785,18.000,0.000,614.000,469.000,5.000,0.000,0.000,0.000,0.100,0.000,0.000,0.900,0.000,2.000,13.163,-0.029,-0.029,5.000
30.000,1185.000,39.500,406.228,377.292,0.000,90.000,0.001,-0.012,7.785,18.000,0.000,614.000,469.000,5.000,0.000,0.000,0.000,0.100,0.000,0.000,0.900,0.000,2.000,6.610,-0.012,-0.012,5.000
30.000,1187.000,39.567,406.158,377.842,0.000,90.000,0.001,-0.012,7.785,18.000,0.000,614.000,469.000,5.000,0.000,0.000,0.000,0.100,0.000,0.000,0.900,0.000,2.000,6.610,-0.012,-0.012,5.000
30.000,1189.000,39.633,405.951,377.396,0.000,90.000,0.001,-0.012,7.785,18.000,0.000,614.000,469.000,5.000,0.000,0.000,0.000,0.100,0.000,0.000,0.900,0.000,2.000,6.610,-0.012,-0.012,5.000
30.000,1190.000,39.667,405.859,377.538,0.000,90.000,0.001,-0.012,7.785,18.000,0.000,614.000,469.000,5.000,0.000,0.000,0.000,0.100,0.000,0.000,0.900,0.000,2.000,6.610,-0.012,-0.012,5.000
30.000,1191.000,39.700,405.925,377.799,0.000,90.000,0.001,-0.008,7.785,18.000,0.000,614.000,469.000,5.000,0.000,0.000,0.000,0.100,0.000,0.000,0.900,0.000,2.000,6.636,-0.008,-0.008,5.000
30.000,1192.000,39.733,405.396,377.879,0.000,90.000,0.001,-0.008,7.785,18.000,0.000,614.000,469.000,5.000,0.000,0.000,0.000,0.100,0.000,0.000,0.900,0.000,2.000,6.636,-0.008,-0.008,5.000
30.000,1193.000,39.767,405.473,377.980,0.000,90.000,0.001,-0.008,7.785,18.000,0.000,614.000,469.000,5.000,0.000,0.000,0.000,0.100,0.000,0.000,0.900,0.000,2.000,6.636,-0.008,-0.008,5.000
30.000,1194.000,39.800,405.449,378.061,0.000,90.000,0.001,-0.008,7.785,18.000,0.000,614.000,469.000,5.000,0.000,0.000,0.000,0.100,0.000,0.000,0.900,0.000,2.000,6.636,-0.008,-0.008,5.000
30.000,1195.000,39.833,405.256,378.201,0.000,90.000,0.001,-0.008,7.785,18.000,0.000,614.000,469.000,5.000,0.000,0.000,0.000,0.100,0.000,0.000,0.900,0.000,2.000,6.636,-0.008,-0.008,5.000
30.000,1196.000,39.867,405.243,378.215,0.000,90.000,0.001,-0.008,7.785,18.000,0.000,614.000,469.000,5.000,0.000,0.000,0.000,0.100,0.000,0.000,0.900,0.000,2.000,6.636,-0.008,-0.008,5.000
30.000,1197.000,39.900,405.182,378.175,0.000,90.000,0.001,-0.022,7.785,18.000,0.000,614.000,469.000,5.000,0.000,0.000,0.000,0.100,0.000,0.000,0.900,0.000,2.000,10.211,-0.022,-0.022,5.000
30.000,1198.000,39.933,404.756,378.147,0.000,90.000,0.001,-0.022,7.785,18.000,0.000,614.000,469.000,5.000,0.000,0.000,0.000,0.100,0.000,0.000,0.900,0.000,2.000,10.211,-0.022,-0.022,5.000
30.000,1199.000,39.967,404.731,378.203,0.000,90.000,0.001,-0.022,7.785,18.000,0.000,614.000,469.000,5.000,0.000,0.000,0.000,0.100,0.000,0.000,0.900,0.000,2.000,10.211,-0.022,-0.022,5.000
30.000,1200.000,40.000,404.623,378.379,0.000,90.000,0.001,-0.022,7.785,18.000,0.000,614.000,469.000,5.000,0.000,0.000,0.000,0.100,0.000,0.000,0.900,0.000,2.000,10.211,-0.022,-0.022,5.000
30.000,1201.000,40.033,404.545,378.803,0.000,90.000,0.001,-0.022,7.785,18.000,0.000,614.000,469.000,5.000,0.000,0.000,0.000,0.100,0.000,0.000,0.900,0.000,2.000,10.211,-0.022,-0.022,5.000
30.000,1202.000,40.067,404.367,378.861,0.000,90.000,0.001,-0.022,7.785,18.000,0.000,614.000,469.000,5.000,0.000,0.000,0.000,0.100,0.000,0.000,0.900,0.000,2.000,10.211,-0.022,-0.022,5.000
30.000,1203.000,40.100,404.186,379.009,0.000,90.000,0.001,-0.018,7.785,18.000,0.000,614.000,469.000,5.000,0.000,0.000,0.000,0.100,0.000,0.000,0.900,0.000,2.000,8.943,-0.018,-0.018,5.000
30.000,1204.000,40.133,403.901,379.142,0.000,90.000,0.001,-0.018,7.785,18.000,0.000,614.000,469.000,5.000,0.000,0.000,0.000,0.100,0.000,0.000,0.900,0.000,2.000,8.943,-0.018,-0.018,5.000
30.000,1205.000,40.167,403.589,379.168,0.000,90.000,0.001,-0.018,7.785,18.000,0.000,614.000,469.000,5.000,0.000,0.000,0.000,0.100,0.000,0.000,0.900,0.000,2.000,8.943,-0.018,-0.018,5.000
30.000,1206.000,40.200,403.542,379.355,0.000,90.000,0.001,-0.018,7.785,18.000,0.000,614.000,469.000,5.000,0.000,0.000,0.000,0.100,0.000,0.000,0.900,0.000,2.000,8.943,-0.018,-0.018,5.000
30.000,1207.000,40.233,403.483,379.469,0.000,90.000,0.001,-0.018,7.785,18.000,0.000,614.000,469.000,5.000,0.000,0.000,0.000,0.100,0.000,0.000,0.900,0.000,2.000,8.943,-0.018,-0.018,5.000
30.000,1208.000,40.267,403.505,379.422,0.000,90.000,0.001,-0.018,7.785,18.000,0.000,614.000,469.000,5.000,0.000,0.000,0.000,0.100,0.000,0.000,0.900,0.000,2.000,8.943,-0.018,-0.018,5.000
30.000,1209.000,40.300,403.305,379.481,0.000,90.000,0.001,-0.023,7.785,18.000,0.000,614.000,469.000,5.000,0.000,0.000,0.000,0.100,0.000,0.000,0.900,0.000,2.000,12.037,-0.023,-0.023,5.000
30.000,1210.000,40.333,403.437,379.790,0.000,90.000,0.001,-0.023,7.785,18.000,0.000,614.000,469.000,5.000,0.000,0.000,0.000,0.100,0.000,0.000,0.900,0.000,2.000,12.037,-0.023,-0.023,5.000
30.000,1211.000,40.367,403.148,379.856,0.000,90.000,0.001,-0.023,7.785,18.000,0.000,614.000,469.000,5.000,0.000,0.000,0.000,0.100,0.000,0.000,0.900,0.000,2.000,12.037,-0.023,-0.023,5.000
30.000,1212.000,40.400,402.943,379.807,0.000,90.000,0.001,-0.023,7.785,18.000,0.000,614.000,469.000,5.000,0.000,0.000,0.000,0.100,0.000,0.000,0.900,0.000,2.000,12.037,-0.023,-0.023,5.000
30.000,1213.000,40.433,403.059,379.845,0.000,90.000,0.001,-0.023,7.785,18.000,0.000,614.000,469.000,5.000,0.000,0.000,0.000,0.100,0.000,0.000,0.900,0.000,2.000,12.037,-0.023,-0.023,5.000
30.000,1214.000,40.467,403.057,380.036,0.000,90.000,0.001,-0.023,7.785,18.000,0.000,614.000,469.000,5.000,0.000,0.000,0.000,0.100,0.000,0.000,0.900,0.000,2.000,12.037,-0.023,-0.023,5.000
30.000,1215.000,40.500,402.856,379.964,0.000,90.000,0.001,-0.011,7.785,18.000,0.000,614.000,469.000,5.000,0.000,0.000,0.000,0.100,0.000,0.000,0.900,0.000,2.000,5.440,-0.011,-0.011,5.000
30.000,1216.000,40.533,402.753,380.050,0.000,90.000,0.001,-0.011,7.785,18.000,0.000,614.000,469.000,5.000,0.000,0.000,0.000,0.100,0.000,0.000,0.900,0.000,2.000,5.440,-0.011,-0.011,5.000
30.000,1217.000,40.567,402.562,380.270,0.000,90.000,0.001,-0.011,7.785,18.000,0.000,614.000,469.000,5.000,0.000,0.000,0.000,0.100,0.000,0.000,0.900,0.000,2.000,5.440,-0.011,-0.011,5.000
30.000,1218.000,40.600,402.632,380.170,0.000,90.000,0.001,-0.011,7.785,18.000,0.000,614.000,469.000,5.000,0.000,0.000,0.000,0.100,0.000,0.000,0.900,0.000,2.000,5.440,-0.011,-0.011,5.000
30.000,1219.000,40.633,402.588,380.301,0.000,90.000,0.001,-0.011,7.785,18.000,0.000,614.000,469.000,5.000,0.000,0.000,0.000,0.100,0.000,0.000,0.900,0.000,2.000,5.440,-0.011,-0.011,5.000
30.000,1220.000,40.667,402.517,380.255,0.000,90.000,0.001,-0.011,7.785,18.000,0.000,614.000,469.000,5.000,0.000,0.000,0.000,0.100,0.000,0.000,0.900,0.000,2.000,5.440,-0.011,-0.011,5.000
30.000,1221.000,40.700,402.369,380.217,0.000,90.000,0.001,-0.013,7.785,18.000,0.000,614.000,469.000,5.000,0.000,0.000,0.000,0.100,0.000,0.000,0.900,0.000,2.000,6.289,-0.013,-0.013,5.000
30.000,1222.000,40.733,402.396,380.254,0.000,90.000,0.001,-0.013,7.785,18.000,0.000,614.000,469.000,5.000,0.000,0.000,0.000,0.100,0.000,0.000,0.900,0.000,2.000,6.289,-0.013,-0.013,5.000
30.000,1223.000,40.767,402.114,380.618,0.000,90.000,0.001,-0.013,7.785,18.000,0.000,614.000,469.000,5.000,0.000,0.000,0.000,0.100,0.000,0.000,0.900,0.000,2.000,6.289,-0.013,-0.013,5.000
30.000,1224.000,40.800,401.759,380.764,0.000,90.000,0.001,-0.013,7.785,18.000,0.000,614.000,469.000,5.000,0.000,0.000,0.000,0.100,0.000,0.000,0.900,0.000,2.000,6.289,-0.013,-0.013,5.000
30.000,1225.000,40.833,401.946,381.058,0.000,90.000,0.001,-0.013,7.785,18.000,0.000,614.000,469.000,5.000,0.000,0.000,0.000,0.100,0.000,0.000,0.900,0.000,2.000,6.289,-0.013,-0.013,5.000
30.000,1226.000,40.867,401.879,381.067,0.000,90.000,0.001,-0.013,7.785,18.000,0.000,614.000,469.000,5.000,0.000,0.000,0.000,0.100,0.000,0.000,0.900,0.000,2.000,6.289,-0.013,-0.013,5.000
30.000,1227.000,40.900,401.885,381.194,0.000,90.000,0.001,-0.021,7.785,18.000,0.000,614.000,469.000,5.000,0.000,0.000,0.000,0.100,0.000,0.000,0.900,0.000,2.000,9.534,-0.021,-0.021,5.000
30.000,1228.000,40.933,401.910,381.258,0.000,90.000,0.001,-0.021,7.785,18.000,0.000,614.000,469.000,5.000,0.000,0.000,0.000,0.100,0.000,0.000,0.900,0.000,2.000,9.534,-0.021,-0.021,5.000
30.000,1229.000,40.967,401.576,381.271,0.000,90.000,0.001,-0.021,7.785,18.000,0.000,614.000,469.000,5.000,0.000,0.000,0.000,0.100,0.000,0.000,0.900,0.000,2.000,9.534,-0.021,-0.021,5.000
30.000,1230.000,41.000,401.493,381.217,0.000,90.000,0.001,-0.021,7.785,18.000,0.000,614.000,469.000,5.000,0.000,0.000,0.000,0.100,0.000,0.000,0.900,0.000,2.000,9.534,-0.021,-0.021,5.000
30.000,1231.000,41.033,401.643,381.386,0.000,90.000,0.001,-0.021,7.785,18.000,0.000,614.000,469.000,5.000,0.000,0.000,0.000,0.100,0.000,0.000,0.900,0.000,2.000,9.534,-0.021,-0.021,5.000
30.000,1232.000,41.067,401.589,381.851,0.000,90.000,0.001,-0.021,7.785,18.000,0.000,614.000,469.000,5.000,0.000,0.000,0.000,0.100,0.000,0.000,0.900,0.000,2.000,9.534,-0.021,-0.021,5.000
30.000,1233.000,41.100,401.204,382.100,0.000,90.000,0.001,-0.009,7.785,18.000,0.000,614.000,469.000,5.000,0.000,0.000,0.000,0.100,0.000,0.000,0.900,0.000,2.000,4.282,-0.009,-0.009,5.000
30.000,1234.000,41.133,401.018,382.275,0.000,90.000,0.001,-0.009,7.785,18.000,0.000,614.000,469.000,5.000,0.000,0.000,0.000,0.100,0.000,0.000,0.900,0.000,2.000,4.282,-0.009,-0.009,5.000
30.000,1235.000,41.167,401.052,382.238,0.000,90.000,0.001,-0.009,7.785,18.000,0.000,614.000,469.000,5.000,0.000,0.000,0.000,0.100,0.000,0.000,0.900,0.000,2.000,4.282,-0.009,-0.009,5.000
30.000,1236.000,41.200,400.935,382.597,0.000,90.000,0.001,-0.009,7.785,18.000,0.000,614.000,469.000,5.000,0.000,0.000,0.000,0.100,0.000,0.000,0.900,0.000,2.000,4.282,-0.009,-0.009,5.000
30.000,1237.000,41.233,400.841,382.420,0.000,90.000,0.001,-0.009,7.785,18.000,0.000,614.000,469.000,5.000,0.000,0.000,0.000,0.100,0.000,0.000,0.900,0.000,2.000,4.282,-0.009,-0.009,5.000
30.000,1238.000,41.267,401.005,382.497,0.000,90.000,0.001,-0.009,7.785,18.000,0.000,614.000,469.000,5.000,0.000,0.000,0.000,0.100,0.000,0.000,0.900,0.000,2.000,4.282,-0.009,-0.009,5.000
30.000,1239.000,41.300,400.680,382.648,0.000,90.000,0.001,-0.027,7.785,18.000,0.000,614.000,469.000,5.000,0.000,0.000,0.000,0.100,0.000,0.000,0.900,0.000,2.000,12.559,-0.027,-0.027,5.000
30.000,1240.000,41.333,400.180,382.909,0.000,90.000,0.001,-0.027,7.785,18.000,0.000,614.000,469.000,5.000,0.000,0.000,0.000,0.100,0.000,0.000,0.900,0.000,2.000,12.559,-0.027,-0.027,5.000
30.000,1241.000,41.367,399.875,383.068,0.000,90.000,0.001,-0.027,7.785,18.000,0.000,614.000,469.000,5.000,0.000,0.000,0.000,0.100,0.000,0.000,0.900,0.000,2.000,12.559,-0.027,-0.027,5.000
30.000,1242.000,41.400,399.618,382.939,0.000,90.000,0.001,-0.027,7.785,18.000,0.000,614.000,469.000,5.000,0.000,0.000,0.000,0.100,0.000,0.000,0.900,0.000,2.000,12.559,-0.027,-0.027,5.000
30.000,1243.000,41.433,399.452,383.097,0.000,90.000,0.001,-0.027,7.785,18.000,0.000,614.000,469.000,5.000,0.000,0.000,0.000,0.100,0.000,0.000,0.900,0.000,2.000,12.559,-0.027,-0.027,5.000
30.000,1244.000,41.467,399.260,383.224,0.000,90.000,0.001,-0.027,7.785,18.000,0.000,614.000,469.000,5.000,0.000,0.000,0.000,0.100,0.000,0.000,0.900,0.000,2.000,12.559,-0.027,-0.027,5.000
30.000,1245.000,41.500,399.271,383.326,0.000,90.000,0.001,-0.025,7.785,18.000,0.000,614.000,469.000,5.000,0.000,0.000,0.000,0.100,0.000,0.000,0.900,0.000,2.000,14.835,-0.025,-0.025,5.000
30.000,1246.000,41.533,398.982,383.323,0.000,90.000,0.001,-0.025,7.785,18.000,0.000,614.000,469.000,5.000,0.000,0.000,0.000,0.100,0.000,0.000,0.900,0.000,2.000,14.835,-0.025,-0.025,5.000
30.000,1247.000,41.567,398.910,383.399,0.000,90.000,0.001,-0.025,7.785,18.000,0.000,614.000,469.000,5.000,0.000,0.000,0.000,0.100,0.000,0.000,0.900,0.000,2.000,14.835,-0.025,-0.025,5.000
30.000,1248.000,41.600,398.860,383.245,0.000,90.000,0.001,-0.025,7.785,18.000,0.000,614.000,469.000,5.000,0.000,0.000,0.000,0.100,0.000,0.000,0.900,0.000,2.000,14.835,-0.025,-0.025,5.000
30.000,1249.000,41.633,398.618,383.287,0.000,90.000,0.001,-0.025,7.785,18.000,0.000,614.000,469.000,5.000,0.000,0.000,0.000,0.100,0.000,0.000,0.900,0.000,2.000,14.835,-0.025,-0.025,5.000
30.000,1250.000,41.667,398.636,383.818,0.000,90.000,0.001,-0.025,7.785,18.000,0.000,614.000,469.000,5.000,0.000,0.000,0.000,0.100,0.000,0.000,0.900,0.000,2.000,14.835,-0.025,-0.025,5.000
30.000,1251.000,41.700,398.452,384.005,0.000,90.000,0.001,-0.010,7.785,18.000,0.000,614.000,469.000,5.000,0.000,0.000,0.000,0.100,0.000,0.000,0.900,0.000,2.000,8.220,-0.010,-0.010,5.000
30.000,1252.000,41.733,398.334,384.128,0.000,90.000,0.001,-0.010,7.785,18.000,0.000,614.000,469.000,5.000,0.000,0.000,0.000,0.100,0.000,0.000,0.900,0.000,2.000,8.220,-0.010,-0.010,5.000
30.000,1253.000,41.767,398.246,384.221,0.000,90.000,0.001,-0.010,7.785,18.000,0.000,614.000,469.000,5.000,0.000,0.000,0.000,0.100,0.000,0.000,0.900,0.000,2.000,8.220,-0.010,-0.010,5.000
30.000,1254.000,41.800,398.328,384.548,0.000,90.000,0.001,-0.010,7.785,18.000,0.000,614.000,469.000,5.000,0.000,0.000,0.000,0.100,0.000,0.000,0.900,0.000,2.000,8.220,-0.010,-0.010,5.000
30.000,1255.000,41.833,398.239,384.880,0.000,90.000,0.001,-0.010,7.785,18.000,0.000,614.000,469.000,5.000,0.000,0.000,0.000,0.100,0.000,0.000,0.900,0.000,2.000,8.220,-0.010,-0.010,5.000
30.000,1256.000,41.867,398.389,384.722,0.000,90.000,0.001,-0.035,7.785,18.000,0.000,614.000,469.000,5.000,0.000,0.000,0.000,0.100,0.000,0.000,0.900,0.000,2.000,15.712,-0.035,-0.035,5.000
30.000,1257.000,41.900,398.094,384.747,0.000,90.000,0.001,-0.035,7.785,18.000,0.000,614.000,469.000,5.000,0.000,0.000,0.000,0.100,0.000,0.000,0.900,0.000,2.000,15.712,-0.035,-0.035,5.000
30.000,1258.000,41.933,397.968,384.815,0.000,90.000,0.001,-0.035,7.785,18.000,0.000,614.000,469.000,5.000,0.000,0.000,0.000,0.100,0.000,0.000,0.900,0.000,2.000,15.712,-0.035,-0.035,5.000
30.000,1259.000,41.967,397.932,384.841,0.000,90.000,0.001,-0.035,7.785,18.000,0.000,614.000,469.000,5.000,0.000,0.000,0.000,0.100,0.000,0.000,0.900,0.000,2.000,15.712,-0.035,-0.035,5.000
30.000,1260.000,42.000,397.617,384.869,0.000,90.000,0.001,-0.035,7.785,18.000,0.000,614.000,469.000,5.000,0.000,0.000,0.000,0.100,0.000,0.000,0.900,0.000,2.000,15.712,-0.035,-0.035,5.000
30.000,1261.000,42.033,397.438,384.779,0.000,90.000,0.001,-0.035,7.785,18.000,0.000,614.000,469.000,5.000,0.000,0.000,0.000,0.100,0.000,0.000,0.900,0.000,2.000,15.712,-0.035,-0.035,5.000
30.000,1262.000,42.067,397.390,384.836,0.000,90.000,0.001,-0.035,7.785,18.000,0.000,614.000,469.000,5.000,0.000,0.000,0.000,0.100,0.000,0.000,0.900,0.000,2.000,15.712,-0.035,-0.035,5.000
30.000,1263.000,42.100,397.552,384.609,0.000,90.000,0.001,-0.004,7.785,18.000,0.000,614.000,469.000,5.000,0.000,0.000,0.000,0.100,0.000,0.000,0.900,0.000,2.000,7.749,-0.004,-0.004,5.000
30.000,1264.000,42.133,397.397,384.920,0.000,90.000,0.001,-0.004,7.785,18.000,0.000,614.000,469.000,5.000,0.000,0.000,0.000,0.100,0.000,0.000,0.900,0.000,2.000,7.749,-0.004,-0.004,5.000
30.000,1265.000,42.167,397.269,384.953,0.000,90.000,0.001,-0.004,7.785,18.000,0.000,614.000,469.000,5.000,0.000,0.000,0.000,0.100,0.000,0.000,0.900,0.000,2.000,7.749,-0.004,-0.004,5.000
30.000,1266.000,42.200,397.215,385.068,0.000,90.000,0.001,-0.004,7.785,18.000,0.000,614.000,469.000,5.000,0.000,0.000,0.000,0.100,0.000,0.000,0.900,0.000,2.000,7.749,-0.004,-0.004,5.000
30.000,1267.000,42.233,397.079,385.327,0.000,90.000,0.001,-0.004,7.785,18.000,0.000,614.000,469.000,5.000,0.000,0.000,0.000,0.100,0.000,0.000,0.900,0.000,2.000,7.749,-0.004,-0.004,5.000
30.000,1268.000,42.267,396.812,385.401,0.000,90.000,0.001,-0.004,7.785,18.000,0.000,614.000,469.000,5.000,0.000,0.000,0.000,0.100,0.000,0.000,0.900,0.000,2.000,7.749,-0.004,-0.004,5.000
30.000,1269.000,42.300,396.646,385.706,0.000,90.000,0.001,-0.014,7.785,18.000,0.000,614.000,469.000,5.000,0.000,0.000,0.000,0.100,0.000,0.000,0.900,0.000,2.000,6.284,-0.014,-0.014,5.000
30.000,1271.000,42.367,396.399,385.518,0.000,90.000,0.001,-0.014,7.785,18.000,0.000,614.000,469.000,5.000,0.000,0.000,0.000,0.100,0.000,0.000,0.900,0.000,2.000,6.284,-0.014,-0.014,5.000
30.000,1272.000,42.400,396.391,385.454,0.000,90.000,0.001,-0.014,7.785,18.000,0.000,614.000,469.000,5.000,0.000,0.000,0.000,0.100,0.000,0.000,0.900,0.000,2.000,6.284,-0.014,-0.014,5.000
30.000,1273.000,42.433,396.446,385.291,0.000,90.000,0.001,-0.014,7.785,18.000,0.000,614.000,469.000,5.000,0.000,0.000,0.000,0.100,0.000,0.000,0.900,0.000,2.000,6.284,-0.014,-0.014,5.000
30.000,1274.000,42.467,396.240,385.445,0.000,90.000,0.001,-0.014,7.785,18.000,0.000,614.000,469.000,5.000,0.000,0.000,0.000,0.100,0.000,0.000,0.900,0.000,2.000,6.284,-0.014,-0.014,5.000
30.000,1275.000,42.500,396.327,385.594,0.000,90.000,0.001,-0.004,7.785,18.000,0.000,614.000,469.000,5.000,0.000,0.000,0.000,0.100,0.000,0.000,0.900,0.000,2.000,6.088,-0.004,-0.004,5.000
30.000,1276.000,42.533,396.323,385.696,0.000,90.000,0.001,-0.004,7.785,18.000,0.000,614.000,469.000,5.000,0.000,0.000,0.000,0.100,0.000,0.000,0.900,0.000,2.000,6.088,-0.004,-0.004,5.000
30.000,1277.000,42.567,396.126,385.911,0.000,90.000,0.001,-0.004,7.785,18.000,0.000,614.000,469.000,5.000,0.000,0.000,0.000,0.100,0.000,0.000,0.900,0.000,2.000,6.088,-0.004,-0.004,5.000
30.000,1278.000,42.600,395.982,385.904,0.000,90.000,0.001,-0.004,7.785,18.000,0.000,614.000,469.000,5.000,0.000,0.000,0.000,0.100,0.000,0.000,0.900,0.000,2.000,6.088,-0.004,-0.004,5.000
30.000,1279.000,42.633,395.970,386.102,0.000,90.000,0.001,-0.004,7.785,18.000,0.000,614.000,469.000,5.000,0.000,0.000,0.000,0.100,0.000,0.000,0.900,0.000,2.000,6.088,-0.004,-0.004,5.000
30.000,1280.000,42.667,395.941,386.166,0.000,90.000,0.001,-0.004,7.785,18.000,0.000,614.000,469.000,5.000,0.000,0.000,0.000,0.100,0.000,0.000,0.900,0.000,2.000,6.088,-0.004,-0.004,5.000
30.000,1281.000,42.700,395.748,386.245,0.000,90.000,0.001,-0.020,7.785,18.000,0.000,614.000,469.000,5.000,0.000,0.000,0.000,0.100,0.000,0.000,0.900,0.000,2.000,9.032,-0.020,-0.020,5.000
30.000,1282.000,42.733,395.806,386.239,0.000,90.000,0.001,-0.020,7.785,18.000,0.000,614.000,469.000,5.000,0.000,0.000,0.000,0.100,0.000,0.000,0.900,0.000,2.000,9.032,-0.020,-0.020,5.000
30.000,1283.000,42.767,395.752,386.649,0.000,90.000,0.001,-0.020,7.785,18.000,0.000,614.000,469.000,5.000,0.000,0.000,0.000,0.100,0.000,0.000,0.900,0.000,2.000,9.032,-0.020,-0.020,5.000
30.000,1284.000,42.800,395.676,386.871,0.000,90.000,0.001,-0.020,7.785,18.000,0.000,614.000,469.000,5.000,0.000,0.000,0.000,0.100,0.000,0.000,0.900,0.000,2.000,9.032,-0.020,-0.020,5.000
30.000,1285.000,42.833,395.475,386.984,0.000,90.000,0.001,-0.020,7.785,18.000,0.000,614.000,469.000,5.000,0.000,0.000,0.000,0.100,0.000,0.000,0.900,0.000,2.000,9.032,-0.020,-0.020,5.000
30.000,1286.000,42.867,395.546,387.270,0.000,90.000,0.001,-0.020,7.785,18.000,0.000,614.000,469.000,5.000,0.000,0.000,0.000,0.100,0.000,0.000,0.900,0.000,2.000,9.032,-0.020,-0.020,5.000
30.000,1287.000,42.900,395.511,387.337,0.000,90.000,0.001,-0.021,7.785,18.000,0.000,614.000,469.000,5.000,0.000,0.000,0.000,0.100,0.000,0.000,0.900,0.000,2.000,9.710,-0.021,-0.021,5.000
30.000,1288.000,42.933,395.121,387.659,0.000,90.000,0.001,-0.021,7.785,18.000,0.000,614.000,469.000,5.000,0.000,0.000,0.000,0.100,0.000,0.000,0.900,0.000,2.000,9.710,-0.021,-0.021,5.000
30.000,1289.000,42.967,394.963,387.938,0.000,90.000,0.001,-0.021,7.785,18.000,0.000,614.000,469.000,5.000,0.000,0.000,0.000,0.100,0.000,0.000,0.900,0.000,2.000,9.710,-0.021,-0.021,5.000
30.000,1290.000,43.000,394.813,387.872,0.000,90.000,0.001,-0.021,7.785,18.000,0.000,614.000,469.000,5.000,0.000,0.000,0.000,0.100,0.000,0.000,0.900,0.000,2.000,9.710,-0.021,-0.021,5.000
30.000,1291.000,43.033,394.613,388.007,0.000,90.000,0.001,-0.021,7.785,18.000,0.000,614.000,469.000,5.000,0.000,0.000,0.000,0.100,0.000,0.000,0.900,0.000,2.000,9.710,-0.021,-0.021,5.000
30.000,1292.000,43.067,394.713,388.183,0.000,90.000,0.001,-0.021,7.785,18.000,0.000,614.000,469.000,5.000,0.000,0.000,0.000,0.100,0.000,0.000,0.900,0.000,2.000,9.710,-0.021,-0.021,5.000
30.000,1293.000,43.100,394.469,388.098,0.000,90.000,0.001,-0.027,7.785,18.000,0.000,614.000,469.000,5.000,0.000,0.000,0.000,0.100,0.000,0.000,0.900,0.000,2.000,12.842,-0.027,-0.027,5.000
30.000,1294.000,43.133,394.333,388.055,0.000,90.000,0.001,-0.027,7.785,18.000,0.000,614.000,469.000,5.000,0.000,0.000,0.000,0.100,0.000,0.000,0.900,0.000,2.000,12.842,-0.027,-0.027,5.000
30.000,1295.000,43.167,394.486,388.018,0.000,90.000,0.001,-0.027,7.785,18.000,0.000,614.000,469.000,5.000,0.000,0.000,0.000,0.100,0.000,0.000,0.900,0.000,2.000,12.842,-0.027,-0.027,5.000
30.000,1296.000,43.200,394.339,388.260,0.000,90.000,0.001,-0.027,7.785,18.000,0.000,614.000,469.000,5.000,0.000,0.000,0.000,0.100,0.000,0.000,0.900,0.000,2.000,12.842,-0.027,-0.027,5.000
30.000,1297.000,43.233,394.133,388.287,0.000,90.000,0.001,-0.027,7.785,18.000,0.000,614.000,469.000,5.000,0.000,0.000,0.000,0.100,0.000,0.000,0.900,0.000,2.000,12.842,-0.027,-0.027,5.000
30.000,1298.000,43.267,394.147,388.506,0.000,90.000,0.001,-0.027,7.785,18.000,0.000,614.000,469.000,5.000,0.000,0.000,0.000,0.100,0.000,0.000,0.900,0.000,2.000,12.842,-0.027,-0.027,5.000
30.000,1299.000,43.300,394.176,388.674,0.000,90.000,0.001,-0.009,7.785,18.000,0.000,614.000,469.000,5.000,0.000,0.000,0.000,0.100,0.000,0.000,0.900,0.000,2.000,5.332,-0.009,-0.009,5.000
30.000,1300.000,43.333,394.048,388.787,0.000,90.000,0.001,-0.009,7.785,18.000,0.000,614.000,469.000,5.000,0.000,0.000,0.000,0.100,0.000,0.000,0.900,0.000,2.000,5.332,-0.009,-0.009,5.000
30.000,1301.000,43.367,394.161,388.775,0.000,90.000,0.001,-0.009,7.785,18.000,0.000,614.000,469.000,5.000,0.000,0.000,0.000,0.100,0.000,0.000,0.900,0.000,2.000,5.332,-0.009,-0.009,5.000
30.000,1302.000,43.400,393.778,388.853,0.000,90.000,0.001,-0.009,7.785,18.000,0.000,614.000,469.000,5.000,0.000,0.000,0.000,0.100,0.000,0.000,0.900,0.000,2.000,5.332,-0.009,-0.009,5.000
30.000,1303.000,43.433,393.544,388.773,0.000,90.000,0.001,-0.009,7.785,18.000,0.000,614.000,469.000,5.000,0.000,0.000,0.000,0.100,0.000,0.000,0.900,0.000,2.000,5.332,-0.009,-0.009,5.000
30.000,1304.000,43.467,393.326,388.715,0.000,90.000,0.001,-0.009,7.785,18.000,0.000,614.000,469.000,5.000,0.000,0.000,0.000,0.100,0.000,0.000,0.900,0.000,2.000,5.332,-0.009,-0.009,5.000
30.000,1305.000,43.500,393.210,388.986,0.000,90.000,0.001,-0.014,7.785,18.000,0.000,614.000,469.000,5.000,0.000,0.000,0.000,0.100,0.000,0.000,0.900,0.000,2.000,7.334,-0.014,-0.014,5.000
30.000,1306.000,43.533,393.021,388.995,0.000,90.000,0.001,-0.014,7.785,18.000,0.000,614.000,469.000,5.000,0.000,0.000,0.000,0.100,0.000,0.000,0.900,0.000,2.000,7.334,-0.014,-0.014,5.000
30.000,1307.000,43.567,392.787,388.890,0.000,90.000,0.001,-0.014,7.785,18.000,0.000,614.000,469.000,5.000,0.000,0.000,0.000,0.100,0.000,0.000,0.900,0.000,2.000,7.334,-0.014,-0.014,5.000
30.000,1308.000,43.600,392.748,389.132,0.000,90.000,0.001,-0.014,7.785,18.000,0.000,614.000,469.000,5.000,0.000,0.000,0.000,0.100,0.000,0.000,0.900,0.000,2.000,7.334,-0.014,-0.014,5.000
30.000,1309.000,43.633,392.108,388.998,0.000,90.000,0.001,-0.014,7.785,18.000,0.000,614.000,469.000,5.000,0.000,0.000,0.000,0.100,0.000,0.000,0.900,0.000,2.000,7.334,-0.014,-0.014,5.000
30.000,1310.000,43.667,391.964,389.097,0.000,90.000,0.001,-0.014,7.785,18.000,0.000,614.000,469.000,5.000,0.000,0.000,0.000,0.100,0.000,0.000,0.900,0.000,2.000,7.334,-0.014,-0.014,5.000
30.000,1311.000,43.700,392.175,389.055,0.000,90.000,0.001,-0.015,7.785,18.000,0.000,614.000,469.000,5.000,0.000,0.000,0.000,0.100,0.000,0.000,0.900,0.000,2.000,13.954,-0.015,-0.015,5.000
30.000,1312.000,43.733,392.096,389.171,0.000,90.000,0.001,-0.015,7.785,18.000,0.000,614.000,469.000,5.000,0.000,0.000,0.000,0.100,0.000,0.000,0.900,0.000,2.000,13.954,-0.015,-0.015,5.000
30.000,1313.000,43.767,391.895,389.134,0.000,90.000,0.001,-0.015,7.785,18.000,0.000,614.000,469.000,5.000,0.000,0.000,0.000,0.100,0.000,0.000,0.900,0.000,2.000,13.954,-0.015,-0.015,5.000
30.000,1314.000,43.800,391.600,389.152,0.000,90.000,0.001,-0.015,7.785,18.000,0.000,614.000,469.000,5.000,0.000,0.000,0.000,0.100,0.000,0.000,0.900,0.000,2.000,13.954,-0.015,-0.015,5.000
30.000,1315.000,43.833,391.304,389.219,0.000,90.000,0.001,-0.015,7.785,18.000,0.000,614.000,469.000,5.000,0.000,0.000,0.000,0.100,0.000,0.000,0.900,0.000,2.000,13.954,-0.015,-0.015,5.000
30.000,1316.000,43.867,391.235,388.945,0.000,90.000,0.001,-0.015,7.785,18.000,0.000,614.000,469.000,5.000,0.000,0.000,0.000,0.100,0.000,0.000,0.900,0.000,2.000,13.954,-0.015,-0.015,5.000
30.000,1317.000,43.900,391.254,389.111,0.000,90.000,0.001,-0.010,7.785,18.000,0.000,614.000,469.000,5.000,0.000,0.000,0.000,0.100,0.000,0.000,0.900,0.000,2.000,8.000,-0.010,-0.010,5.000
30.000,1318.000,43.933,391.362,389.071,0.000,90.000,0.001,-0.010,7.785,18.000,0.000,614.000,469.000,5.000,0.000,0.000,0.000,0.100,0.000,0.000,0.900,0.000,2.000,8.000,-0.010,-0.010,5.000
30.000,1319.000,43.967,391.494,389.293,0.000,90.000,0.001,-0.010,7.785,18.000,0.000,614.000,469.000,5.000,0.000,0.000,0.000,0.100,0.000,0.000,0.900,0.000,2.000,8.000,-0.010,-0.010,5.000
30.000,1320.000,44.000,391.600,389.337,0.000,90.000,0.001,-0.010,7.785,18.000,0.000,614.000,469.000,5.000,0.000,0.000,0.000,0.100,0.000,0.000,0.900,0.000,2.000,8.000,-0.010,-0.010,5.000
30.000,1321.000,44.033,391.311,389.364,0.000,90.000,0.001,-0.010,7.785,18.000,0.000,614.000,469.000,5.000,0.000,0.000,0.000,0.100,0.000,0.000,0.900,0.000,2.000,8.000,-0.010,-0.010,5.000
30.000,1322.000,44.067,391.250,389.958,0.000,90.000,0.001,-0.010,7.785,18.000,0.000,614.000,469.000,5.000,0.000,0.000,0.000,0.100,0.000,0.000,0.900,0.000,2.000,8.000,-0.010,-0.010,5.000
30.000,1323.000,44.100,391.336,389.933,0.000,90.000,0.001,-0.003,7.785,18.000,0.000,614.000,469.000,5.000,0.000,0.000,0.000,0.100,0.000,0.000,0.900,0.000,2.000,1.397,-0.003,-0.003,5.000
30.000,1324.000,44.133,391.196,389.968,0.000,90.000,0.001,-0.003,7.785,18.000,0.000,614.000,469.000,5.000,0.000,0.000,0.000,0.100,0.000,0.000,0.900,0.000,2.000,1.397,-0.003,-0.003,5.000
30.000,1325.000,44.167,391.000,389.979,0.000,90.000,0.001,-0.003,7.785,18.000,0.000,614.000,469.000,5.000,0.000,0.000,0.000,0.100,0.000,0.000,0.900,0.000,2.000,1.397,-0.003,-0.003,5.000
30.000,1326.000,44.200,391.082,390.138,0.000,90.000,0.001,-0.003,7.785,18.000,0.000,614.000,469.000,5.000,0.000,0.000,0.000,0.100,0.000,0.000,0.900,0.000,2.000,1.397,-0.003,-0.003,5.000
30.000,1327.000,44.233,390.991,389.947,0.000,90.000,0.001,-0.003,7.785,18.000,0.000,614.000,469.000,5.000,0.000,0.000,0.000,0.100,0.000,0.000,0.900,0.000,2.000,1.397,-0.003,-0.003,5.000
30.000,1328.000,44.267,390.637,389.897,0.000,90.000,0.001,-0.003,7.785,18.000,0.000,614.000,469.000,5.000,0.000,0.000,0.000,0.100,0.000,0.000,0.900,0.000,2.000,1.397,-0.003,-0.003,5.000
30.000,1329.000,44.300,390.380,389.986,0.000,90.000,0.001,-0.014,7.785,18.000,0.000,614.000,469.000,5.000,0.000,0.000,0.000,0.100,0.000,0.000,0.900,0.000,2.000,6.386,-0.014,-0.014,5.000
30.000,1330.000,44.333,390.276,390.025,0.000,90.000,0.001,-0.014,7.785,18.000,0.000,614.000,469.000,5.000,0.000,0.000,0.000,0.100,0.000,0.000,0.900,0.000,2.000,6.386,-0.014,-0.014,5.000
30.000,1331.000,44.367,390.211,390.174,0.000,90.000,0.001,-0.014,7.785,18.000,0.000,614.000,469.000,5.000,0.000,0.000,0.000,0.100,0.000,0.000,0.900,0.000,2.000,6.386,-0.014,-0.014,5.000
30.000,1332.000,44.400,390.067,390.191,0.000,90.000,0.001,-0.014,7.785,18.000,0.000,614.000,469.000,5.000,0.000,0.000,0.000,0.100,0.000,0.000,0.900,0.000,2.000,6.386,-0.014,-0.014,5.000
30.000,1333.000,44.433,389.908,390.288,0.000,90.000,0.001,-0.014,7.785,18.000,0.000,614.000,469.000,5.000,0.000,0.000,0.000,0.100,0.000,0.000,0.900,0.000,2.000,6.386,-0.014,-0.014,5.000
30.000,1334.000,44.467,389.428,390.648,0.000,90.000,0.001,-0.014,7.785,18.000,0.000,614.000,469.000,5.000,0.000,0.000,0.000,0.100,0.000,0.000,0.900,0.000,2.000,6.386,-0.014,-0.014,5.000
30.000,1335.000,44.500,389.441,390.434,0.000,90.000,0.001,-0.014,7.785,18.000,0.000,614.000,469.000,5.000,0.000,0.000,0.000,0.100,0.000,0.000,0.900,0.000,2.000,10.899,-0.014,-0.014,5.000
30.000,1336.000,44.533,389.616,390.448,0.000,90.000,0.001,-0.014,7.785,18.000,0.000,614.000,469.000,5.000,0.000,0.000,0.000,0.100,0.000,0.000,0.900,0.000,2.000,10.899,-0.014,-0.014,5.000
30.000,1337.000,44.567,389.426,390.590,0.000,90.000,0.001,-0.014,7.785,18.000,0.000,614.000,469.000,5.000,0.000,0.000,0.000,0.100,0.000,0.000,0.900,0.000,2.000,10.899,-0.014,-0.014,5.000
30.000,1338.000,44.600,389.484,390.357,0.000,90.000,0.001,-0.014,7.785,18.000,0.000,614.000,469.000,5.000,0.000,0.000,0.000,0.100,0.000,0.000,0.900,0.000,2.000,10.899,-0.014,-0.014,5.000
30.000,1339.000,44.633,389.168,390.507,0.000,90.000,0.001,-0.014,7.785,18.000,0.000,614.000,469.000,5.000,0.000,0.000,0.000,0.100,0.000,0.000,0.900,0.000,2.000,10.899,-0.014,-0.014,5.000
30.000,1340.000,44.667,389.130,390.620,0.000,90.000,0.001,-0.014,7.785,18.000,0.000,614.000,469.000,5.000,0.000,0.000,0.000,0.100,0.000,0.000,0.900,0.000,2.000,10.899,-0.014,-0.014,5.000
30.000,1341.000,44.700,388.965,390.695,0.000,90.000,0.001,-0.009,7.785,18.000,0.000,614.000,469.000,5.000,0.000,0.000,0.000,0.100,0.000,0.000,0.900,0.000,2.000,7.405,-0.009,-0.009,5.000
30.000,1342.000,44.733,388.871,390.837,0.000,90.000,0.001,-0.009,7.785,18.000,0.000,614.000,469.000,5.000,0.000,0.000,0.000,0.100,0.000,0.000,0.900,0.000,2.000,7.405,-0.009,-0.009,5.000
30.000,1343.000,44.767,388.904,390.911,0.000,90.000,0.001,-0.009,7.785,18.000,0.000,614.000,469.000,5.000,0.000,0.000,0.000,0.100,0.000,0.000,0.900,0.000,2.000,7.405,-0.009,-0.009,5.000
30.000,1344.000,44.800,388.834,390.841,0.000,90.000,0.001,-0.009,7.785,18.000,0.000,614.000,469.000,5.000,0.000,0.000,0.000,0.100,0.000,0.000,0.900,0.000,2.000,7.405,-0.009,-0.009,5.000
30.000,1345.000,44.833,388.314,390.835,0.000,90.000,0.001,-0.009,7.785,18.000,0.000,614.000,469.000,5.000,0.000,0.000,0.000,0.100,0.000,0.000,0.900,0.000,2.000,7.405,-0.009,-0.009,5.000
30.000,1346.000,44.867,388.446,390.902,0.000,90.000,0.001,-0.009,7.785,18.000,0.000,614.000,469.000,5.000,0.000,0.000,0.000,0.100,0.000,0.000,0.900,0.000,2.000,7.405,-0.009,-0.009,5.000
30.000,1347.000,44.900,388.310,390.915,0.000,90.000,0.001,-0.012,7.785,18.000,0.000,614.000,469.000,5.000,0.000,0.000,0.000,0.100,0.000,0.000,0.900,0.000,2.000,8.782,-0.012,-0.012,5.000
30.000,1348.000,44.933,388.075,391.173,0.000,90.000,0.001,-0.012,7.785,18.000,0.000,614.000,469.000,5.000,0.000,0.000,0.000,0.100,0.000,0.000,0.900,0.000,2.000,8.782,-0.012,-0.012,5.000
30.000,1349.000,44.967,388.034,391.249,0.000,90.000,0.001,-0.012,7.785,18.000,0.000,614.000,469.000,5.000,0.000,0.000,0.000,0.100,0.000,0.000,0.900,0.000,2.000,8.782,-0.012,-0.012,5.000
30.000,1350.000,45.000,388.014,391.101,0.000,90.000,0.001,-0.012,7.785,18.000,0.000,614.000,469.000,5.000,0.000,0.000,0.000,0.100,0.000,0.000,0.900,0.000,2.000,8.782,-0.012,-0.012,5.000
30.000,1351.000,45.033,387.728,391.297,0.000,90.000,0.001,-0.012,7.785,18.000,0.000,614.000,469.000,5.000,0.000,0.000,0.000,0.100,0.000,0.000,0.900,0.000,2.000,8.782,-0.012,-0.012,5.000
30.000,1352.000,45.067,387.656,391.234,0.000,90.000,0.001,-0.012,7.785,18.000,0.000,614.000,469.000,5.000,0.000,0.000,0.000,0.100,0.000,0.000,0.900,0.000,2.000,8.782,-0.012,-0.012,5.000
30.000,1353.000,45.100,387.737,391.366,0.000,90.000,0.001,-0.013,7.785,18.000,0.000,614.000,469.000,5.000,0.000,0.000,0.000,0.100,0.000,0.000,0.900,0.000,2.000,7.167,-0.013,-0.013,5.000
30.000,1354.000,45.133,387.775,391.376,0.000,90.000,0.001,-0.013,7.785,18.000,0.000,614.000,469.000,5.000,0.000,0.000,0.000,0.100,0.000,0.000,0.900,0.000,2.000,7.167,-0.013,-0.013,5.000
30.000,1355.000,45.167,387.539,391.493,0.000,90.000,0.001,-0.013,7.785,18.000,0.000,614.000,469.000,5.000,0.000,0.000,0.000,0.100,0.000,0.000,0.900,0.000,2.000,7.167,-0.013,-0.013,5.000
30.000,1356.000,45.200,387.552,391.615,0.000,90.000,0.001,-0.013,7.785,18.000,0.000,614.000,469.000,5.000,0.000,0.000,0.000,0.100,0.000,0.000,0.900,0.000,2.000,7.167,-0.013,-0.013,5.000
30.000,1357.000,45.233,387.560,391.750,0.000,90.000,0.001,-0.013,7.785,18.000,0.000,614.000,469.000,5.000,0.000,0.000,0.000,0.100,0.000,0.000,0.900,0.000,2.000,7.167,-0.013,-0.013,5.000
30.000,1358.000,45.267,387.374,391.351,0.000,90.000,0.001,-0.013,7.785,18.000,0.000,614.000,469.000,5.000,0.000,0.000,0.000,0.100,0.000,0.000,0.900,0.000,2.000,7.167,-0.013,-0.013,5.000
30.000,1359.000,45.300,387.443,391.381,0.000,90.000,0.001,-0.010,7.785,18.000,0.000,614.000,469.000,5.000,0.000,0.000,0.000,0.100,0.000,0.000,0.900,0.000,2.000,4.638,-0.010,-0.010,5.000
30.000,1360.000,45.333,386.975,391.249,0.000,90.000,0.001,-0.010,7.785,18.000,0.000,614.000,469.000,5.000,0.000,0.000,0.000,0.100,0.000,0.000,0.900,0.000,2.000,4.638,-0.010,-0.010,5.000
30.000,1361.000,45.367,386.934,391.289,0.000,90.000,0.001,-0.010,7.785,18.000,0.000,614.000,469.000,5.000,0.000,0.000,0.000,0.100,0.000,0.000,0.900,0.000,2.000,4.638,-0.010,-0.010,5.000
30.000,1362.000,45.400,386.920,391.300,0.000,90.000,0.001,-0.010,7.785,18.000,0.000,614.000,469.000,5.000,0.000,0.000,0.000,0.100,0.000,0.000,0.900,0.000,2.000,4.638,-0.010,-0.010,5.000
30.000,1363.000,45.433,386.516,391.329,0.000,90.000,0.001,-0.010,7.785,18.000,0.000,614.000,469.000,5.000,0.000,0.000,0.000,0.100,0.000,0.000,0.900,0.000,2.000,4.638,-0.010,-0.010,5.000
30.000,1364.000,45.467,386.235,391.447,0.000,90.000,0.001,-0.010,7.785,18.000,0.000,614.000,469.000,5.000,0.000,0.000,0.000,0.100,0.000,0.000,0.900,0.000,2.000,4.638,-0.010,-0.010,5.000
30.000,1365.000,45.500,386.101,391.897,0.000,90.000,0.001,0.001,7.785,18.000,0.000,614.000,469.000,5.000,0.000,0.000,0.000,0.100,0.000,0.000,0.900,0.000,2.000,10.800,0.001,0.001,5.000
30.000,1366.000,45.533,385.897,391.815,0.000,90.000,0.001,0.001,7.785,18.000,0.000,614.000,469.000,5.000,0.000,0.000,0.000,0.100,0.000,0.000,0.900,0.000,2.000,10.800,0.001,0.001,5.000
30.000,1367.000,45.567,385.726,391.790,0.000,90.000,0.001,0.001,7.785,18.000,0.000,614.000,469.000,5.000,0.000,0.000,0.000,0.100,0.000,0.000,0.900,0.000,2.000,10.800,0.001,0.001,5.000
30.000,1368.000,45.600,385.502,391.720,0.000,90.000,0.001,0.001,7.785,18.000,0.000,614.000,469.000,5.000,0.000,0.000,0.000,0.100,0.000,0.000,0.900,0.000,2.000,10.800,0.001,0.001,5.000
30.000,1369.000,45.633,385.289,391.917,0.000,90.000,0.001,0.001,7.785,18.000,0.000,614.000,469.000,5.000,0.000,0.000,0.000,0.100,0.000,0.000,0.900,0.000,2.000,10.800,0.001,0.001,5.000
30.000,1370.000,45.667,385.162,391.803,0.000,90.000,0.001,0.001,7.785,18.000,0.000,614.000,469.000,5.000,0.000,0.000,0.000,0.100,0.000,0.000,0.900,0.000,2.000,10.800,0.001,0.001,5.000
30.000,1371.000,45.700,385.114,391.959,0.000,90.000,0.001,-0.020,7.785,18.000,0.000,614.000,469.000,5.000,0.000,0.000,0.000,0.100,0.000,0.000,0.900,0.000,2.000,13.063,-0.020,-0.020,5.000
30.000,1372.000,45.733,385.260,392.002,0.000,90.000,0.001,-0.020,7.785,18.000,0.000,614.000,469.000,5.000,0.000,0.000,0.000,0.100,0.000,0.000,0.900,0.000,2.000,13.063,-0.020,-0.020,5.000
30.000,1373.000,45.767,385.397,391.963,0.000,90.000,0.001,-0.020,7.785,18.000,0.000,614.000,469.000,5.000,0.000,0.000,0.000,0.100,0.000,0.000,0.900,0.000,2.000,13.063,-0.020,-0.020,5.000
30.000,1374.000,45.800,385.249,392.035,0.000,90.000,0.001,-0.020,7.785,18.000,0.000,614.000,469.000,5.000,0.000,0.000,0.000,0.100,0.000,0.000,0.900,0.000,2.000,13.063,-0.020,-0.020,5.000
30.000,1375.000,45.833,385.402,392.027,0.000,90.000,0.001,-0.020,7.785,18.000,0.000,614.000,469.000,5.000,0.000,0.000,0.000,0.100,0.000,0.000,0.900,0.000,2.000,13.063,-0.020,-0.020,5.000
30.000,1376.000,45.867,385.580,392.132,0.000,90.000,0.001,-0.020,7.785,18.000,0.000,614.000,469.000,5.000,0.000,0.000,0.000,0.100,0.000,0.000,0.900,0.000,2.000,13.063,-0.020,-0.020,5.000
30.000,1377.000,45.900,385.200,392.372,0.000,90.000,0.001,-0.001,7.785,18.000,0.000,614.000,469.000,5.000,0.000,0.000,0.000,0.100,0.000,0.000,0.900,0.000,2.000,1.513,-0.001,-0.001,5.000
30.000,1378.000,45.933,384.814,392.443,0.000,90.000,0.001,-0.001,7.785,18.000,0.000,614.000,469.000,5.000,0.000,0.000,0.000,0.100,0.000,0.000,0.900,0.000,2.000,1.513,-0.001,-0.001,5.000
30.000,1379.000,45.967,384.823,392.399,0.000,90.000,0.001,-0.001,7.785,18.000,0.000,614.000,469.000,5.000,0.000,0.000,0.000,0.100,0.000,0.000,0.900,0.000,2.000,1.513,-0.001,-0.001,5.000
30.000,1380.000,46.000,384.695,392.525,0.000,90.000,0.001,-0.001,7.785,18.000,0.000,614.000,469.000,5.000,0.000,0.000,0.000,0.100,0.000,0.000,0.900,0.000,2.000,1.513,-0.001,-0.001,5.000
30.000,1381.000,46.033,384.731,392.288,0.000,90.000,0.001,-0.001,7.785,18.000,0.000,614.000,469.000,5.000,0.000,0.000,0.000,0.100,0.000,0.000,0.900,0.000,2.000,1.513,-0.001,-0.001,5.000
30.000,1382.000,46.067,384.453,392.412,0.000,90.000,0.001,-0.001,7.785,18.000,0.000,614.000,469.000,5.000,0.000,0.000,0.000,0.100,0.000,0.000,0.900,0.000,2.000,1.513,-0.001,-0.001,5.000
30.000,1383.000,46.100,384.319,392.356,0.000,90.000,0.001,-0.010,7.785,18.000,0.000,614.000,469.000,5.000,0.000,0.000,0.000,0.100,0.000,0.000,0.900,0.000,2.000,6.911,-0.010,-0.010,5.000
30.000,1384.000,46.133,384.325,392.687,0.000,90.000,0.001,-0.010,7.785,18.000,0.000,614.000,469.000,5.000,0.000,0.000,0.000,0.100,0.000,0.000,0.900,0.000,2.000,6.911,-0.010,-0.010,5.000
30.000,1385.000,46.167,383.847,393.025,0.000,90.000,0.001,-0.010,7.785,18.000,0.000,614.000,469.000,5.000,0.000,0.000,0.000,0.100,0.000,0.000,0.900,0.000,2.000,6.911,-0.010,-0.010,5.000
30.000,1386.000,46.200,383.588,393.005,0.000,90.000,0.001,-0.010,7.785,18.000,0.000,614.000,469.000,5.000,0.000,0.000,0.000,0.100,0.000,0.000,0.900,0.000,2.000,6.911,-0.010,-0.010,5.000
30.000,1387.000,46.233,383.248,393.088,0.000,90.000,0.001,-0.010,7.785,18.000,0.000,614.000,469.000,5.000,0.000,0.000,0.000,0.100,0.000,0.000,0.900,0.000,2.000,6.911,-0.010,-0.010,5.000
30.000,1388.000,46.267,383.182,393.310,0.000,90.000,0.001,-0.010,7.785,18.000,0.000,614.000,469.000,5.000,0.000,0.000,0.000,0.100,0.000,0.000,0.900,0.000,2.000,6.911,-0.010,-0.010,5.000
30.000,1389.000,46.300,383.234,393.338,0.000,90.000,0.001,-0.025,7.785,18.000,0.000,614.000,469.000,5.000,0.000,0.000,0.000,0.100,0.000,0.000,0.900,0.000,2.000,16.177,-0.025,-0.025,5.000
30.000,1390.000,46.333,382.905,393.557,0.000,90.000,0.001,-0.025,7.785,18.000,0.000,614.000,469.000,5.000,0.000,0.000,0.000,0.100,0.000,0.000,0.900,0.000,2.000,16.177,-0.025,-0.025,5.000
30.000,1391.000,46.367,382.580,393.569,0.000,90.000,0.001,-0.025,7.785,18.000,0.000,614.000,469.000,5.000,0.000,0.000,0.000,0.100,0.000,0.000,0.900,0.000,2.000,16.177,-0.025,-0.025,5.000
30.000,1392.000,46.400,382.448,393.405,0.000,90.000,0.001,-0.025,7.785,18.000,0.000,614.000,469.000,5.000,0.000,0.000,0.000,0.100,0.000,0.000,0.900,0.000,2.000,16.177,-0.025,-0.025,5.000
30.000,1393.000,46.433,382.315,393.243,0.000,90.000,0.001,-0.025,7.785,18.000,0.000,614.000,469.000,5.000,0.000,0.000,0.000,0.100,0.000,0.000,0.900,0.000,2.000,16.177,-0.025,-0.025,5.000
30.000,1394.000,46.467,382.354,393.331,0.000,90.000,0.001,-0.025,7.785,18.000,0.000,614.000,469.000,5.000,0.000,0.000,0.000,0.100,0.000,0.000,0.900,0.000,2.000,16.177,-0.025,-0.025,5.000
30.000,1395.000,46.500,382.282,393.324,0.000,90.000,0.001,-0.009,7.785,18.000,0.000,614.000,469.000,5.000,0.000,0.000,0.000,0.100,0.000,0.000,0.900,0.000,2.000,9.078,-0.009,-0.009,5.000
30.000,1396.000,46.533,382.043,393.387,0.000,90.000,0.001,-0.009,7.785,18.000,0.000,614.000,469.000,5.000,0.000,0.000,0.000,0.100,0.000,0.000,0.900,0.000,2.000,9.078,-0.009,-0.009,5.000
30.000,1397.000,46.567,381.845,393.260,0.000,90.000,0.001,-0.009,7.785,18.000,0.000,614.000,469.000,5.000,0.000,0.000,0.000,0.100,0.000,0.000,0.900,0.000,2.000,9.078,-0.009,-0.009,5.000
30.000,1398.000,46.600,381.742,393.461,0.000,90.000,0.001,-0.009,7.785,18.000,0.000,614.000,469.000,5.000,0.000,0.000,0.000,0.100,0.000,0.000,0.900,0.000,2.000,9.078,-0.009,-0.009,5.000
30.000,1399.000,46.633,381.515,393.471,0.000,90.000,0.001,-0.009,7.785,18.000,0.000,614.000,469.000,5.000,0.000,0.000,0.000,0.100,0.000,0.000,0.900,0.000,2.000,9.078,-0.009,-0.009,5.000
30.000,1400.000,46.667,381.704,393.684,0.000,90.000,0.001,-0.009,7.785,18.000,0.000,614.000,469.000,5.000,0.000,0.000,0.000,0.100,0.000,0.000,0.900,0.000,2.000,9.078,-0.009,-0.009,5.000
30.000,1401.000,46.700,381.585,393.698,0.000,90.000,0.001,-0.010,7.785,18.000,0.000,614.000,469.000,5.000,0.000,0.000,0.000,0.100,0.000,0.000,0.900,0.000,2.000,7.983,-0.010,-0.010,5.000
30.000,1402.000,46.733,381.579,393.851,0.000,90.000,0.001,-0.010,7.785,18.000,0.000,614.000,469.000,5.000,0.000,0.000,0.000,0.100,0.000,0.000,0.900,0.000,2.000,7.983,-0.010,-0.010,5.000
30.000,1403.000,46.767,381.100,393.932,0.000,90.000,0.001,-0.010,7.785,18.000,0.000,614.000,469.000,5.000,0.000,0.000,0.000,0.100,0.000,0.000,0.900,0.000,2.000,7.983,-0.010,-0.010,5.000
30.000,1404.000,46.800,380.952,394.018,0.000,90.000,0.001,-0.010,7.785,18.000,0.000,614.000,469.000,5.000,0.000,0.000,0.000,0.100,0.000,0.000,0.900,0.000,2.000,7.983,-0.010,-0.010,5.000
30.000,1405.000,46.833,380.763,394.116,0.000,90.000,0.001,-0.010,7.785,18.000,0.000,614.000,469.000,5.000,0.000,0.000,0.000,0.100,0.000,0.000,0.900,0.000,2.000,7.983,-0.010,-0.010,5.000
30.000,1406.000,46.867,380.525,394.284,0.000,90.000,0.001,-0.010,7.785,18.000,0.000,614.000,469.000,5.000,0.000,0.000,0.000,0.100,0.000,0.000,0.900,0.000,2.000,7.983,-0.010,-0.010,5.000
30.000,1407.000,46.900,380.736,394.418,0.000,90.000,0.001,-0.017,7.785,18.000,0.000,614.000,469.000,5.000,0.000,0.000,0.000,0.100,0.000,0.000,0.900,0.000,2.000,9.512,-0.017,-0.017,5.000
30.000,1408.000,46.933,380.472,394.700,0.000,90.000,0.001,-0.017,7.785,18.000,0.000,614.000,469.000,5.000,0.000,0.000,0.000,0.100,0.000,0.000,0.900,0.000,2.000,9.512,-0.017,-0.017,5.000
30.000,1409.000,46.967,380.276,394.674,0.000,90.000,0.001,-0.017,7.785,18.000,0.000,614.000,469.000,5.000,0.000,0.000,0.000,0.100,0.000,0.000,0.900,0.000,2.000,9.512,-0.017,-0.017,5.000
30.000,1410.000,47.000,380.184,394.862,0.000,90.000,0.001,-0.017,7.785,18.000,0.000,614.000,469.000,5.000,0.000,0.000,0.000,0.100,0.000,0.000,0.900,0.000,2.000,9.512,-0.017,-0.017,5.000
30.000,1411.000,47.033,380.014,394.712,0.000,90.000,0.001,-0.017,7.785,18.000,0.000,614.000,469.000,5.000,0.000,0.000,0.000,0.100,0.000,0.000,0.900,0.000,2.000,9.512,-0.017,-0.017,5.000
30.000,1412.000,47.067,379.923,394.632,0.000,90.000,0.001,-0.017,7.785,18.000,0.000,614.000,469.000,5.000,0.000,0.000,0.000,0.100,0.000,0.000,0.900,0.000,2.000,9.512,-0.017,-0.017,5.000
30.000,1413.000,47.100,379.893,394.875,0.000,90.000,0.001,-0.016,7.785,18.000,0.000,614.000,469.000,5.000,0.000,0.000,0.000,0.100,0.000,0.000,0.900,0.000,2.000,9.187,-0.016,-0.016,5.000
30.000,1414.000,47.133,379.652,394.816,0.000,90.000,0.001,-0.016,7.785,18.000,0.000,614.000,469.000,5.000,0.000,0.000,0.000,0.100,0.000,0.000,0.900,0.000,2.000,9.187,-0.016,-0.016,5.000
30.000,1415.000,47.167,379.432,394.462,0.000,90.000,0.001,-0.016,7.785,18.000,0.000,614.000,469.000,5.000,0.000,0.000,0.000,0.100,0.000,0.000,0.900,0.000,2.000,9.187,-0.016,-0.016,5.000
30.000,1416.000,47.200,379.137,394.809,0.000,90.000,0.001,-0.016,7.785,18.000,0.000,614.000,469.000,5.000,0.000,0.000,0.000,0.100,0.000,0.000,0.900,0.000,2.000,9.187,-0.016,-0.016,5.000
30.000,1417.000,47.233,379.139,394.995,0.000,90.000,0.001,-0.016,7.785,18.000,0.000,614.000,469.000,5.000,0.000,0.000,0.000,0.100,0.000,0.000,0.900,0.000,2.000,9.187,-0.016,-0.016,5.000
30.000,1418.000,47.267,379.182,395.101,0.000,90.000,0.001,-0.016,7.785,18.000,0.000,614.000,469.000,5.000,0.000,0.000,0.000,0.100,0.000,0.000,0.900,0.000,2.000,9.187,-0.016,-0.016,5.000
30.000,1419.000,47.300,379.183,395.062,0.000,90.000,0.001,-0.011,7.785,18.000,0.000,614.000,469.000,5.000,0.000,0.000,0.000,0.100,0.000,0.000,0.900,0.000,2.000,8.828,-0.011,-0.011,5.000
30.000,1420.000,47.333,379.173,395.196,0.000,90.000,0.001,-0.011,7.785,18.000,0.000,614.000,469.000,5.000,0.000,0.000,0.000,0.100,0.000,0.000,0.900,0.000,2.000,8.828,-0.011,-0.011,5.000
30.000,1421.000,47.367,379.007,395.191,0.000,90.000,0.001,-0.011,7.785,18.000,0.000,614.000,469.000,5.000,0.000,0.000,0.000,0.100,0.000,0.000,0.900,0.000,2.000,8.828,-0.011,-0.011,5.000
30.000,1422.000,47.400,378.503,395.402,0.000,90.000,0.001,-0.011,7.785,18.000,0.000,614.000,469.000,5.000,0.000,0.000,0.000,0.100,0.000,0.000,0.900,0.000,2.000,8.828,-0.011,-0.011,5.000
30.000,1423.000,47.433,378.168,395.387,0.000,90.000,0.001,-0.011,7.785,18.000,0.000,614.000,469.000,5.000,0.000,0.000,0.000,0.100,0.000,0.000,0.900,0.000,2.000,8.828,-0.011,-0.011,5.000
30.000,1424.000,47.467,378.315,395.766,0.000,90.000,0.001,-0.011,7.785,18.000,0.000,614.000,469.000,5.000,0.000,0.000,0.000,0.100,0.000,0.000,0.900,0.000,2.000,8.828,-0.011,-0.011,5.000
30.000,1425.000,47.500,378.187,396.069,0.000,90.000,0.001,-0.013,7.785,18.000,0.000,614.000,469.000,5.000,0.000,0.000,0.000,0.100,0.000,0.000,0.900,0.000,2.000,10.054,-0.013,-0.013,5.000
30.000,1426.000,47.533,378.070,396.148,0.000,90.000,0.001,-0.013,7.785,18.000,0.000,614.000,469.000,5.000,0.000,0.000,0.000,0.100,0.000,0.000,0.900,0.000,2.000,10.054,-0.013,-0.013,5.000
30.000,1427.000,47.567,377.781,396.242,0.000,90.000,0.001,-0.013,7.785,18.000,0.000,614.000,469.000,5.000,0.000,0.000,0.000,0.100,0.000,0.000,0.900,0.000,2.000,10.054,-0.013,-0.013,5.000
30.000,1428.000,47.600,377.274,396.412,0.000,90.000,0.001,-0.013,7.785,18.000,0.000,614.000,469.000,5.000,0.000,0.000,0.000,0.100,0.000,0.000,0.900,0.000,2.000,10.054,-0.013,-0.013,5.000
30.000,1429.000,47.633,377.108,396.311,0.000,90.000,0.001,-0.013,7.785,18.000,0.000,614.000,469.000,5.000,0.000,0.000,0.000,0.100,0.000,0.000,0.900,0.000,2.000,10.054,-0.013,-0.013,5.000
30.000,1430.000,47.667,377.106,396.493,0.000,90.000,0.001,-0.013,7.785,18.000,0.000,614.000,469.000,5.000,0.000,0.000,0.000,0.100,0.000,0.000,0.900,0.000,2.000,10.054,-0.013,-0.013,5.000
30.000,1431.000,47.700,377.091,396.509,0.000,90.000,0.001,-0.024,7.785,18.000,0.000,614.000,469.000,5.000,0.000,0.000,0.000,0.100,0.000,0.000,0.900,0.000,2.000,13.497,-0.024,-0.024,5.000
30.000,1432.000,47.733,377.203,396.766,0.000,90.000,0.001,-0.024,7.785,18.000,0.000,614.000,469.000,5.000,0.000,0.000,0.000,0.100,0.000,0.000,0.900,0.000,2.000,13.497,-0.024,-0.024,5.000
30.000,1433.000,47.767,377.007,396.998,0.000,90.000,0.001,-0.024,7.785,18.000,0.000,614.000,469.000,5.000,0.000,0.000,0.000,0.100,0.000,0.000,0.900,0.000,2.000,13.497,-0.024,-0.024,5.000
30.000,1434.000,47.800,376.570,397.259,0.000,90.000,0.001,-0.024,7.785,18.000,0.000,614.000,469.000,5.000,0.000,0.000,0.000,0.100,0.000,0.000,0.900,0.000,2.000,13.497,-0.024,-0.024,5.000
30.000,1435.000,47.833,376.327,397.186,0.000,90.000,0.001,-0.024,7.785,18.000,0.000,614.000,469.000,5.000,0.000,0.000,0.000,0.100,0.000,0.000,0.900,0.000,2.000,13.497,-0.024,-0.024,5.000
30.000,1436.000,47.867,376.643,397.336,0.000,90.000,0.001,-0.024,7.785,18.000,0.000,614.000,469.000,5.000,0.000,0.000,0.000,0.100,0.000,0.000,0.900,0.000,2.000,13.497,-0.024,-0.024,5.000
30.000,1437.000,47.900,376.495,397.352,0.000,90.000,0.001,-0.021,7.785,18.000,0.000,614.000,469.000,5.000,0.000,0.000,0.000,0.100,0.000,0.000,0.900,0.000,2.000,11.257,-0.021,-0.021,5.000
30.000,1438.000,47.933,376.645,397.526,0.000,90.000,0.001,-0.021,7.785,18.000,0.000,614.000,469.000,5.000,0.000,0.000,0.000,0.100,0.000,0.000,0.900,0.000,2.000,11.257,-0.021,-0.021,5.000
30.000,1439.000,47.967,376.764,398.000,0.000,90.000,0.001,-0.021,7.785,18.000,0.000,614.000,469.000,5.000,0.000,0.000,0.000,0.100,0.000,0.000,0.900,0.000,2.000,11.257,-0.021,-0.021,5.000
30.000,1440.000,48.000,376.456,398.142,0.000,90.000,0.001,-0.021,7.785,18.000,0.000,614.000,469.000,5.000,0.000,0.000,0.000,0.100,0.000,0.000,0.900,0.000,2.000,11.257,-0.021,-0.021,5.000
30.000,1441.000,48.033,376.418,398.173,0.000,90.000,0.001,-0.021,7.785,18.000,0.000,614.000,469.000,5.000,0.000,0.000,0.000,0.100,0.000,0.000,0.900,0.000,2.000,11.257,-0.021,-0.021,5.000
30.000,1442.000,48.067,376.477,398.245,0.000,90.000,0.001,-0.021,7.785,18.000,0.000,614.000,469.000,5.000,0.000,0.000,0.000,0.100,0.000,0.000,0.900,0.000,2.000,11.257,-0.021,-0.021,5.000
30.000,1443.000,48.100,376.785,398.065,0.000,90.000,0.001,-0.019,7.785,18.000,0.000,614.000,469.000,5.000,0.000,0.000,0.000,0.100,0.000,0.000,0.900,0.000,2.000,9.521,-0.019,-0.019,5.000
30.000,1444.000,48.133,376.720,397.982,0.000,90.000,0.001,-0.019,7.785,18.000,0.000,614.000,469.000,5.000,0.000,0.000,0.000,0.100,0.000,0.000,0.900,0.000,2.000,9.521,-0.019,-0.019,5.000
30.000,1445.000,48.167,376.416,398.143,0.000,90.000,0.001,-0.019,7.785,18.000,0.000,614.000,469.000,5.000,0.000,0.000,0.000,0.100,0.000,0.000,0.900,0.000,2.000,9.521,-0.019,-0.019,5.000
30.000,1446.000,48.200,376.329,398.192,0.000,90.000,0.001,-0.019,7.785,18.000,0.000,614.000,469.000,5.000,0.000,0.000,0.000,0.100,0.000,0.000,0.900,0.000,2.000,9.521,-0.019,-0.019,5.000
30.000,1447.000,48.233,376.123,398.391,0.000,90.000,0.001,-0.019,7.785,18.000,0.000,614.000,469.000,5.000,0.000,0.000,0.000,0.100,0.000,0.000,0.900,0.000,2.000,9.521,-0.019,-0.019,5.000
30.000,1448.000,48.267,376.044,398.426,0.000,90.000,0.001,-0.019,7.785,18.000,0.000,614.000,469.000,5.000,0.000,0.000,0.000,0.100,0.000,0.000,0.900,0.000,2.000,9.521,-0.019,-0.019,5.000
30.000,1449.000,48.300,376.012,398.631,0.000,90.000,0.001,-0.006,7.785,18.000,0.000,614.000,469.000,5.000,0.000,0.000,0.000,0.100,0.000,0.000,0.900,0.000,2.000,3.524,-0.006,-0.006,5.000
30.000,1450.000,48.333,375.977,398.751,0.000,90.000,0.001,-0.006,7.785,18.000,0.000,614.000,469.000,5.000,0.000,0.000,0.000,0.100,0.000,0.000,0.900,0.000,2.000,3.524,-0.006,-0.006,5.000
30.000,1451.000,48.367,375.923,399.009,0.000,90.000,0.001,-0.006,7.785,18.000,0.000,614.000,469.000,5.000,0.000,0.000,0.000,0.100,0.000,0.000,0.900,0.000,2.000,3.524,-0.006,-0.006,5.000
30.000,1452.000,48.400,375.570,399.121,0.000,90.000,0.001,-0.006,7.785,18.000,0.000,614.000,469.000,5.000,0.000,0.000,0.000,0.100,0.000,0.000,0.900,0.000,2.000,3.524,-0.006,-0.006,5.000
30.000,1453.000,48.433,375.438,399.157,0.000,90.000,0.001,-0.006,7.785,18.000,0.000,614.000,469.000,5.000,0.000,0.000,0.000,0.100,0.000,0.000,0.900,0.000,2.000,3.524,-0.006,-0.006,5.000
30.000,1454.000,48.467,375.213,399.500,0.000,90.000,0.001,-0.006,7.785,18.000,0.000,614.000,469.000,5.000,0.000,0.000,0.000,0.100,0.000,0.000,0.900,0.000,2.000,3.524,-0.006,-0.006,5.000
30.000,1455.000,48.500,375.114,399.762,0.000,90.000,0.001,-0.019,7.785,18.000,0.000,614.000,469.000,5.000,0.000,0.000,0.000,0.100,0.000,0.000,0.900,0.000,2.000,9.861,-0.019,-0.019,5.000
30.000,1456.000,48.533,375.061,399.791,0.000,90.000,0.001,-0.019,7.785,18.000,0.000,614.000,469.000,5.000,0.000,0.000,0.000,0.100,0.000,0.000,0.900,0.000,2.000,9.861,-0.019,-0.019,5.000
30.000,1457.000,48.567,374.757,399.647,0.000,90.000,0.001,-0.019,7.785,18.000,0.000,614.000,469.000,5.000,0.000,0.000,0.000,0.100,0.000,0.000,0.900,0.000,2.000,9.861,-0.019,-0.019,5.000
30.000,1458.000,48.600,374.960,399.859,0.000,90.000,0.001,-0.019,7.785,18.000,0.000,614.000,469.000,5.000,0.000,0.000,0.000,0.100,0.000,0.000,0.900,0.000,2.000,9.861,-0.019,-0.019,5.000
30.000,1459.000,48.633,374.407,399.741,0.000,90.000,0.001,-0.019,7.785,18.000,0.000,614.000,469.000,5.000,0.000,0.000,0.000,0.100,0.000,0.000,0.900,0.000,2.000,9.861,-0.019,-0.019,5.000
30.000,1460.000,48.667,374.166,399.888,0.000,90.000,0.001,-0.019,7.785,18.000,0.000,614.000,469.000,5.000,0.000,0.000,0.000,0.100,0.000,0.000,0.900,0.000,2.000,9.861,-0.019,-0.019,5.000
30.000,1461.000,48.700,374.188,399.847,0.000,90.000,0.001,-0.017,7.785,18.000,0.000,614.000,469.000,5.000,0.000,0.000,0.000,0.100,0.000,0.000,0.900,0.000,2.000,11.377,-0.017,-0.017,5.000
30.000,1462.000,48.733,374.154,400.005,0.000,90.000,0.001,-0.017,7.785,18.000,0.000,614.000,469.000,5.000,0.000,0.000,0.000,0.100,0.000,0.000,0.900,0.000,2.000,11.377,-0.017,-0.017,5.000
30.000,1463.000,48.767,373.890,399.839,0.000,90.000,0.001,-0.017,7.785,18.000,0.000,614.000,469.000,5.000,0.000,0.000,0.000,0.100,0.000,0.000,0.900,0.000,2.000,11.377,-0.017,-0.017,5.000
30.000,1464.000,48.800,373.412,399.963,0.000,90.000,0.001,-0.017,7.785,18.000,0.000,614.000,469.000,5.000,0.000,0.000,0.000,0.100,0.000,0.000,0.900,0.000,2.000,11.377,-0.017,-0.017,5.000
30.000,1465.000,48.833,373.400,399.819,0.000,90.000,0.001,-0.017,7.785,18.000,0.000,614.000,469.000,5.000,0.000,0.000,0.000,0.100,0.000,0.000,0.900,0.000,2.000,11.377,-0.017,-0.017,5.000
30.000,1466.000,48.867,373.532,399.632,0.000,90.000,0.001,-0.017,7.785,18.000,0.000,614.000,469.000,5.000,0.000,0.000,0.000,0.100,0.000,0.000,0.900,0.000,2.000,11.377,-0.017,-0.017,5.000
30.000,1467.000,48.900,373.829,399.766,0.000,90.000,0.001,-0.007,7.785,18.000,0.000,614.000,469.000,5.000,0.000,0.000,0.000,0.100,0.000,0.000,0.900,0.000,2.000,9.692,-0.007,-0.007,5.000
30.000,1468.000,48.933,373.847,399.791,0.000,90.000,0.001,-0.007,7.785,18.000,0.000,614.000,469.000,5.000,0.000,0.000,0.000,0.100,0.000,0.000,0.900,0.000,2.000,9.692,-0.007,-0.007,5.000
30.000,1469.000,48.967,373.685,400.000,0.000,90.000,0.001,-0.007,7.785,18.000,0.000,614.000,469.000,5.000,0.000,0.000,0.000,0.100,0.000,0.000,0.900,0.000,2.000,9.692,-0.007,-0.007,5.000
30.000,1470.000,49.000,373.657,400.139,0.000,90.000,0.001,-0.007,7.785,18.000,0.000,614.000,469.000,5.000,0.000,0.000,0.000,0.100,0.000,0.000,0.900,0.000,2.000,9.692,-0.007,-0.007,5.000
30.000,1471.000,49.033,373.542,400.388,0.000,90.000,0.001,-0.007,7.785,18.000,0.000,614.000,469.000,5.000,0.000,0.000,0.000,0.100,0.000,0.000,0.900,0.000,2.000,9.692,-0.007,-0.007,5.000
30.000,1472.000,49.067,373.437,400.489,0.000,90.000,0.001,-0.007,7.785,18.000,0.000,614.000,469.000,5.000,0.000,0.000,0.000,0.100,0.000,0.000,0.900,0.000,2.000,9.692,-0.007,-0.007,5.000
30.000,1473.000,49.100,373.276,400.556,0.000,90.000,0.001,-0.010,7.785,18.000,0.000,614.000,469.000,5.000,0.000,0.000,0.000,0.100,0.000,0.000,0.900,0.000,2.000,5.637,-0.010,-0.010,5.000
30.000,1474.000,49.133,373.342,400.630,0.000,90.000,0.001,-0.010,7.785,18.000,0.000,614.000,469.000,5.000,0.000,0.000,0.000,0.100,0.000,0.000,0.900,0.000,2.000,5.637,-0.010,-0.010,5.000
30.000,1475.000,49.167,373.353,400.560,0.000,90.000,0.001,-0.010,7.785,18.000,0.000,614.000,469.000,5.000,0.000,0.000,0.000,0.100,0.000,0.000,0.900,0.000,2.000,5.637,-0.010,-0.010,5.000
30.000,1476.000,49.200,373.733,400.658,0.000,90.000,0.001,-0.010,7.785,18.000,0.000,614.000,469.000,5.000,0.000,0.000,0.000,0.100,0.000,0.000,0.900,0.000,2.000,5.637,-0.010,-0.010,5.000
30.000,1477.000,49.233,373.814,400.981,0.000,90.000,0.001,-0.010,7.785,18.000,0.000,614.000,469.000,5.000,0.000,0.000,0.000,0.100,0.000,0.000,0.900,0.000,2.000,5.637,-0.010,-0.010,5.000
30.000,1478.000,49.267,373.684,401.212,0.000,90.000,0.001,-0.010,7.785,18.000,0.000,614.000,469.000,5.000,0.000,0.000,0.000,0.100,0.000,0.000,0.900,0.000,2.000,5.637,-0.010,-0.010,5.000
30.000,1479.000,49.300,373.568,401.318,0.000,90.000,0.001,-0.010,7.785,18.000,0.000,614.000,469.000,5.000,0.000,0.000,0.000,0.100,0.000,0.000,0.900,0.000,2.000,6.264,-0.010,-0.010,5.000
30.000,1480.000,49.333,373.319,401.396,0.000,90.000,0.001,-0.010,7.785,18.000,0.000,614.000,469.000,5.000,0.000,0.000,0.000,0.100,0.000,0.000,0.900,0.000,2.000,6.264,-0.010,-0.010,5.000
30.000,1481.000,49.367,373.231,401.501,0.000,90.000,0.001,-0.010,7.785,18.000,0.000,614.000,469.000,5.000,0.000,0.000,0.000,0.100,0.000,0.000,0.900,0.000,2.000,6.264,-0.010,-0.010,5.000
30.000,1482.000,49.400,373.277,401.579,0.000,90.000,0.001,-0.010,7.785,18.000,0.000,614.000,469.000,5.000,0.000,0.000,0.000,0.100,0.000,0.000,0.900,0.000,2.000,6.264,-0.010,-0.010,5.000
30.000,1483.000,49.433,373.043,401.700,0.000,90.000,0.001,-0.010,7.785,18.000,0.000,614.000,469.000,5.000,0.000,0.000,0.000,0.100,0.000,0.000,0.900,0.000,2.000,6.264,-0.010,-0.010,5.000
30.000,1484.000,49.467,372.821,401.802,0.000,90.000,0.001,-0.010,7.785,18.000,0.000,614.000,469.000,5.000,0.000,0.000,0.000,0.100,0.000,0.000,0.900,0.000,2.000,6.264,-0.010,-0.010,5.000
30.000,1485.000,49.500,372.301,401.815,0.000,90.000,0.001,-0.018,7.785,18.000,0.000,614.000,469.000,5.000,0.000,0.000,0.000,0.100,0.000,0.000,0.900,0.000,2.000,10.119,-0.018,-0.018,5.000
30.000,1486.000,49.533,372.139,402.023,0.000,90.000,0.001,-0.018,7.785,18.000,0.000,614.000,469.000,5.000,0.000,0.000,0.000,0.100,0.000,0.000,0.900,0.000,2.000,10.119,-0.018,-0.018,5.000
30.000,1487.000,49.567,372.075,402.210,0.000,90.000,0.001,-0.018,7.785,18.000,0.000,614.000,469.000,5.000,0.000,0.000,0.000,0.100,0.000,0.000,0.900,0.000,2.000,10.119,-0.018,-0.018,5.000
30.000,1488.000,49.600,372.083,402.414,0.000,90.000,0.001,-0.018,7.785,18.000,0.000,614.000,469.000,5.000,0.000,0.000,0.000,0.100,0.000,0.000,0.900,0.000,2.000,10.119,-0.018,-0.018,5.000
30.000,1489.000,49.633,371.858,402.512,0.000,90.000,0.001,-0.018,7.785,18.000,0.000,614.000,469.000,5.000,0.000,0.000,0.000,0.100,0.000,0.000,0.900,0.000,2.000,10.119,-0.018,-0.018,5.000
30.000,1490.000,49.667,371.210,402.159,0.000,90.000,0.001,-0.018,7.785,18.000,0.000,614.000,469.000,5.000,0.000,0.000,0.000,0.100,0.000,0.000,0.900,0.000,2.000,10.119,-0.018,-0.018,5.000
30.000,1491.000,49.700,371.142,402.167,0.000,90.000,0.001,-0.022,7.785,18.000,0.000,614.000,469.000,5.000,0.000,0.000,0.000,0.100,0.000,0.000,0.900,0.000,2.000,13.790,-0.022,-0.022,5.000
30.000,1492.000,49.733,371.135,402.428,0.000,90.000,0.001,-0.022,7.785,18.000,0.000,614.000,469.000,5.000,0.000,0.000,0.000,0.100,0.000,0.000,0.900,0.000,2.000,13.790,-0.022,-0.022,5.000
30.000,1493.000,49.767,371.044,402.265,0.000,90.000,0.001,-0.022,7.785,18.000,0.000,614.000,469.000,5.000,0.000,0.000,0.000,0.100,0.000,0.000,0.900,0.000,2.000,13.790,-0.022,-0.022,5.000
30.000,1494.000,49.800,371.274,402.441,0.000,90.000,0.001,-0.022,7.785,18.000,0.000,614.000,469.000,5.000,0.000,0.000,0.000,0.100,0.000,0.000,0.900,0.000,2.000,13.790,-0.022,-0.022,5.000
30.000,1495.000,49.833,371.225,402.143,0.000,90.000,0.001,-0.022,7.785,18.000,0.000,614.000,469.000,5.000,0.000,0.000,0.000,0.100,0.000,0.000,0.900,0.000,2.000,13.790,-0.022,-0.022,5.000
30.000,1496.000,49.867,371.072,402.140,0.000,90.000,0.001,-0.022,7.785,18.000,0.000,614.000,469.000,5.000,0.000,0.000,0.000,0.100,0.000,0.000,0.900,0.000,2.000,13.790,-0.022,-0.022,5.000
30.000,1497.000,49.900,370.984,402.240,0.000,90.000,0.001,0.004,7.785,18.000,0.000,614.000,469.000,5.000,0.000,0.000,0.000,0.100,0.000,0.000,0.900,0.000,2.000,7.028,0.004,0.004,5.000
30.000,1498.000,49.933,370.963,402.721,0.000,90.000,0.001,0.004,7.785,18.000,0.000,614.000,469.000,5.000,0.000,0.000,0.000,0.100,0.000,0.000,0.900,0.000,2.000,7.028,0.004,0.004,5.000
30.000,1499.000,49.967,370.797,402.829,0.000,90.000,0.001,0.004,7.785,18.000,0.000,614.000,469.000,5.000,0.000,0.000,0.000,0.100,0.000,0.000,0.900,0.000,2.000,7.028,0.004,0.004,5.000
30.000,1500.000,50.000,370.664,402.876,0.000,90.000,0.001,0.004,7.785,18.000,0.000,614.000,469.000,5.000,0.000,0.000,0.000,0.100,0.000,0.000,0.900,0.000,2.000,7.028,0.004,0.004,5.000
30.000,1501.000,50.033,370.684,403.055,0.000,90.000,0.001,0.004,7.785,18.000,0.000,614.000,469.000,5.000,0.000,0.000,0.000,0.100,0.000,0.000,0.900,0.000,2.000,7.028,0.004,0.004,5.000
30.000,1502.000,50.067,370.540,403.331,0.000,90.000,0.001,0.004,7.785,18.000,0.000,614.000,469.000,5.000,0.000,0.000,0.000,0.100,0.000,0.000,0.900,0.000,2.000,7.028,0.004,0.004,5.000
30.000,1503.000,50.100,370.142,403.321,0.000,90.000,0.001,-0.020,7.785,18.000,0.000,614.000,469.000,5.000,0.000,0.000,0.000,0.100,0.000,0.000,0.900,0.000,2.000,10.185,-0.020,-0.020,5.000
30.000,1504.000,50.133,369.891,403.278,0.000,90.000,0.001,-0.020,7.785,18.000,0.000,614.000,469.000,5.000,0.000,0.000,0.000,0.100,0.000,0.000,0.900,0.000,2.000,10.185,-0.020,-0.020,5.000
30.000,1505.000,50.167,369.872,403.084,0.000,90.000,0.001,-0.020,7.785,18.000,0.000,614.000,469.000,5.000,0.000,0.000,0.000,0.100,0.000,0.000,0.900,0.000,2.000,10.185,-0.020,-0.020,5.000
30.000,1506.000,50.200,369.735,403.207,0.000,90.000,0.001,-0.020,7.785,18.000,0.000,614.000,469.000,5.000,0.000,0.000,0.000,0.100,0.000,0.000,0.900,0.000,2.000,10.185,-0.020,-0.020,5.000
30.000,1507.000,50.233,369.785,403.258,0.000,90.000,0.001,-0.020,7.785,18.000,0.000,614.000,469.000,5.000,0.000,0.000,0.000,0.100,0.000,0.000,0.900,0.000,2.000,10.185,-0.020,-0.020,5.000
30.000,1508.000,50.267,369.431,403.218,0.000,90.000,0.001,-0.020,7.785,18.000,0.000,614.000,469.000,5.000,0.000,0.000,0.000,0.100,0.000,0.000,0.900,0.000,2.000,10.185,-0.020,-0.020,5.000
30.000,1509.000,50.300,369.616,403.204,0.000,90.000,0.001,-0.009,7.785,18.000,0.000,614.000,469.000,5.000,0.000,0.000,0.000,0.100,0.000,0.000,0.900,0.000,2.000,8.847,-0.009,-0.009,5.000
30.000,1510.000,50.333,369.089,403.068,0.000,90.000,0.001,-0.009,7.785,18.000,0.000,614.000,469.000,5.000,0.000,0.000,0.000,0.100,0.000,0.000,0.900,0.000,2.000,8.847,-0.009,-0.009,5.000
30.000,1511.000,50.367,369.056,403.151,0.000,90.000,0.001,-0.009,7.785,18.000,0.000,614.000,469.000,5.000,0.000,0.000,0.000,0.100,0.000,0.000,0.900,0.000,2.000,8.847,-0.009,-0.009,5.000
30.000,1512.000,50.400,369.221,403.282,0.000,90.000,0.001,-0.009,7.785,18.000,0.000,614.000,469.000,5.000,0.000,0.000,0.000,0.100,0.000,0.000,0.900,0.000,2.000,8.847,-0.009,-0.009,5.000
30.000,1513.000,50.433,369.369,403.052,0.000,90.000,0.001,-0.009,7.785,18.000,0.000,614.000,469.000,5.000,0.000,0.000,0.000,0.100,0.000,0.000,0.900,0.000,2.000,8.847,-0.009,-0.009,5.000
30.000,1514.000,50.467,369.453,403.113,0.000,90.000,0.001,-0.009,7.785,18.000,0.000,614.000,469.000,5.000,0.000,0.000,0.000,0.100,0.000,0.000,0.900,0.000,2.000,8.847,-0.009,-0.009,5.000
30.000,1515.000,50.500,369.347,403.314,0.000,90.000,0.001,0.002,7.785,18.000,0.000,614.000,469.000,5.000,0.000,0.000,0.000,0.100,0.000,0.000,0.900,0.000,2.000,4.448,0.002,0.002,5.000
30.000,1516.000,50.533,369.258,403.402,0.000,90.000,0.001,0.002,7.785,18.000,0.000,614.000,469.000,5.000,0.000,0.000,0.000,0.100,0.000,0.000,0.900,0.000,2.000,4.448,0.002,0.002,5.000
30.000,1517.000,50.567,369.108,403.222,0.000,90.000,0.001,0.002,7.785,18.000,0.000,614.000,469.000,5.000,0.000,0.000,0.000,0.100,0.000,0.000,0.900,0.000,2.000,4.448,0.002,0.002,5.000
30.000,1518.000,50.600,368.844,403.267,0.000,90.000,0.001,0.002,7.785,18.000,0.000,614.000,469.000,5.000,0.000,0.000,0.000,0.100,0.000,0.000,0.900,0.000,2.000,4.448,0.002,0.002,5.000
30.000,1519.000,50.633,368.799,403.153,0.000,90.000,0.001,0.002,7.785,18.000,0.000,614.000,469.000,5.000,0.000,0.000,0.000,0.100,0.000,0.000,0.900,0.000,2.000,4.448,0.002,0.002,5.000
30.000,1520.000,50.667,368.659,403.195,0.000,90.000,0.001,0.002,7.785,18.000,0.000,614.000,469.000,5.000,0.000,0.000,0.000,0.100,0.000,0.000,0.900,0.000,2.000,4.448,0.002,0.002,5.000
30.000,1521.000,50.700,368.588,403.313,0.000,90.000,0.001,-0.005,7.785,18.000,0.000,614.000,469.000,5.000,0.000,0.000,0.000,0.100,0.000,0.000,0.900,0.000,2.000,5.565,-0.005,-0.005,5.000
30.000,1522.000,50.733,368.432,403.358,0.000,90.000,0.001,-0.005,7.785,18.000,0.000,614.000,469.000,5.000,0.000,0.000,0.000,0.100,0.000,0.000,0.900,0.000,2.000,5.565,-0.005,-0.005,5.000
30.000,1523.000,50.767,368.178,403.372,0.000,90.000,0.001,-0.005,7.785,18.000,0.000,614.000,469.000,5.000,0.000,0.000,0.000,0.100,0.000,0.000,0.900,0.000,2.000,5.565,-0.005,-0.005,5.000
30.000,1524.000,50.800,368.054,403.508,0.000,90.000,0.001,-0.005,7.785,18.000,0.000,614.000,469.000,5.000,0.000,0.000,0.000,0.100,0.000,0.000,0.900,0.000,2.000,5.565,-0.005,-0.005,5.000
30.000,1525.000,50.833,368.040,403.513,0.000,90.000,0.001,-0.005,7.785,18.000,0.000,614.000,469.000,5.000,0.000,0.000,0.000,0.100,0.000,0.000,0.900,0.000,2.000,5.565,-0.005,-0.005,5.000
30.000,1526.000,50.867,368.007,403.794,0.000,90.000,0.001,-0.005,7.785,18.000,0.000,614.000,469.000,5.000,0.000,0.000,0.000,0.100,0.000,0.000,0.900,0.000,2.000,5.565,-0.005,-0.005,5.000
30.000,1527.000,50.900,367.951,403.935,0.000,90.000,0.001,-0.011,7.785,18.000,0.000,614.000,469.000,5.000,0.000,0.000,0.000,0.100,0.000,0.000,0.900,0.000,2.000,8.063,-0.011,-0.011,5.000
30.000,1528.000,50.933,367.825,403.769,0.000,90.000,0.001,-0.011,7.785,18.000,0.000,614.000,469.000,5.000,0.000,0.000,0.000,0.100,0.000,0.000,0.900,0.000,2.000,8.063,-0.011,-0.011,5.000
30.000,1529.000,50.967,367.906,404.009,0.000,90.000,0.001,-0.011,7.785,18.000,0.000,614.000,469.000,5.000,0.000,0.000,0.000,0.100,0.000,0.000,0.900,0.000,2.000,8.063,-0.011,-0.011,5.000
30.000,1530.000,51.000,367.876,404.191,0.000,90.000,0.001,-0.011,7.785,18.000,0.000,614.000,469.000,5.000,0.000,0.000,0.000,0.100,0.000,0.000,0.900,0.000,2.000,8.063,-0.011,-0.011,5.000
30.000,1531.000,51.033,368.084,404.126,0.000,90.000,0.001,-0.011,7.785,18.000,0.000,614.000,469.000,5.000,0.000,0.000,0.000,0.100,0.000,0.000,0.900,0.000,2.000,8.063,-0.011,-0.011,5.000
30.000,1532.000,51.067,368.038,404.047,0.000,90.000,0.001,-0.011,7.785,18.000,0.000,614.000,469.000,5.000,0.000,0.000,0.000,0.100,0.000,0.000,0.900,0.000,2.000,8.063,-0.011,-0.011,5.000
30.000,1533.000,51.100,368.308,404.210,0.000,90.000,0.001,-0.011,7.785,18.000,0.000,614.000,469.000,5.000,0.000,0.000,0.000,0.100,0.000,0.000,0.900,0.000,2.000,5.903,-0.011,-0.011,5.000
30.000,1534.000,51.133,368.093,404.282,0.000,90.000,0.001,-0.011,7.785,18.000,0.000,614.000,469.000,5.000,0.000,0.000,0.000,0.100,0.000,0.000,0.900,0.000,2.000,5.903,-0.011,-0.011,5.000
30.000,1535.000,51.167,367.649,404.517,0.000,90.000,0.001,-0.011,7.785,18.000,0.000,614.000,469.000,5.000,0.000,0.000,0.000,0.100,0.000,0.000,0.900,0.000,2.000,5.903,-0.011,-0.011,5.000
30.000,1536.000,51.200,367.699,404.530,0.000,90.000,0.001,-0.011,7.785,18.000,0.000,614.000,469.000,5.000,0.000,0.000,0.000,0.100,0.000,0.000,0.900,0.000,2.000,5.903,-0.011,-0.011,5.000
30.000,1537.000,51.233,367.445,404.772,0.000,90.000,0.001,-0.011,7.785,18.000,0.000,614.000,469.000,5.000,0.000,0.000,0.000,0.100,0.000,0.000,0.900,0.000,2.000,5.903,-0.011,-0.011,5.000
30.000,1538.000,51.267,367.075,404.887,0.000,90.000,0.001,-0.011,7.785,18.000,0.000,614.000,469.000,5.000,0.000,0.000,0.000,0.100,0.000,0.000,0.900,0.000,2.000,5.903,-0.011,-0.011,5.000
30.000,1539.000,51.300,367.016,405.077,0.000,90.000,0.001,-0.015,7.785,18.000,0.000,614.000,469.000,5.000,0.000,0.000,0.000,0.100,0.000,0.000,0.900,0.000,2.000,8.723,-0.015,-0.015,5.000
30.000,1540.000,51.333,366.941,404.981,0.000,90.000,0.001,-0.015,7.785,18.000,0.000,614.000,469.000,5.000,0.000,0.000,0.000,0.100,0.000,0.000,0.900,0.000,2.000,8.723,-0.015,-0.015,5.000
30.000,1541.000,51.367,367.040,404.995,0.000,90.000,0.001,-0.015,7.785,18.000,0.000,614.000,469.000,5.000,0.000,0.000,0.000,0.100,0.000,0.000,0.900,0.000,2.000,8.723,-0.015,-0.015,5.000
30.000,1542.000,51.400,367.002,404.921,0.000,90.000,0.001,-0.015,7.785,18.000,0.000,614.000,469.000,5.000,0.000,0.000,0.000,0.100,0.000,0.000,0.900,0.000,2.000,8.723,-0.015,-0.015,5.000
30.000,1543.000,51.433,366.921,405.141,0.000,90.000,0.001,-0.015,7.785,18.000,0.000,614.000,469.000,5.000,0.000,0.000,0.000,0.100,0.000,0.000,0.900,0.000,2.000,8.723,-0.015,-0.015,5.000
30.000,1544.000,51.467,366.902,405.343,0.000,90.000,0.001,-0.015,7.785,18.000,0.000,614.000,469.000,5.000,0.000,0.000,0.000,0.100,0.000,0.000,0.900,0.000,2.000,8.723,-0.015,-0.015,5.000
30.000,1545.000,51.500,366.916,405.451,0.000,90.000,0.001,-0.010,7.785,18.000,0.000,614.000,469.000,5.000,0.000,0.000,0.000,0.100,0.000,0.000,0.900,0.000,2.000,6.147,-0.010,-0.010,5.000
30.000,1546.000,51.533,366.632,405.611,0.000,90.000,0.001,-0.010,7.785,18.000,0.000,614.000,469.000,5.000,0.000,0.000,0.000,0.100,0.000,0.000,0.900,0.000,2.000,6.147,-0.010,-0.010,5.000
30.000,1547.000,51.567,366.390,405.534,0.000,90.000,0.001,-0.010,7.785,18.000,0.000,614.000,469.000,5.000,0.000,0.000,0.000,0.100,0.000,0.000,0.900,0.000,2.000,6.147,-0.010,-0.010,5.000
30.000,1548.000,51.600,366.364,405.904,0.000,90.000,0.001,-0.010,7.785,18.000,0.000,614.000,469.000,5.000,0.000,0.000,0.000,0.100,0.000,0.000,0.900,0.000,2.000,6.147,-0.010,-0.010,5.000
30.000,1549.000,51.633,366.309,406.075,0.000,90.000,0.001,-0.010,7.785,18.000,0.000,614.000,469.000,5.000,0.000,0.000,0.000,0.100,0.000,0.000,0.900,0.000,2.000,6.147,-0.010,-0.010,5.000
30.000,1550.000,51.667,366.198,406.142,0.000,90.000,0.001,-0.010,7.785,18.000,0.000,614.000,469.000,5.000,0.000,0.000,0.000,0.100,0.000,0.000,0.900,0.000,2.000,6.147,-0.010,-0.010,5.000
30.000,1551.000,51.700,366.142,406.256,0.000,90.000,0.001,-0.021,7.785,18.000,0.000,614.000,469.000,5.000,0.000,0.000,0.000,0.100,0.000,0.000,0.900,0.000,2.000,10.722,-0.021,-0.021,5.000
30.000,1552.000,51.733,366.064,406.052,0.000,90.000,0.001,-0.021,7.785,18.000,0.000,614.000,469.000,5.000,0.000,0.000,0.000,0.100,0.000,0.000,0.900,0.000,2.000,10.722,-0.021,-0.021,5.000
30.000,1553.000,51.767,365.678,406.231,0.000,90.000,0.001,-0.021,7.785,18.000,0.000,614.000,469.000,5.000,0.000,0.000,0.000,0.100,0.000,0.000,0.900,0.000,2.000,10.722,-0.021,-0.021,5.000
30.000,1554.000,51.800,365.790,406.463,0.000,90.000,0.001,-0.021,7.785,18.000,0.000,614.000,469.000,5.000,0.000,0.000,0.000,0.100,0.000,0.000,0.900,0.000,2.000,10.722,-0.021,-0.021,5.000
30.000,1555.000,51.833,365.393,406.793,0.000,90.000,0.001,-0.021,7.785,18.000,0.000,614.000,469.000,5.000,0.000,0.000,0.000,0.100,0.000,0.000,0.900,0.000,2.000,10.722,-0.021,-0.021,5.000
30.000,1556.000,51.867,365.567,407.087,0.000,90.000,0.001,-0.021,7.785,18.000,0.000,614.000,469.000,5.000,0.000,0.000,0.000,0.100,0.000,0.000,0.900,0.000,2.000,10.722,-0.021,-0.021,5.000
30.000,1557.000,51.900,365.532,407.287,0.000,90.000,0.001,-0.018,7.785,18.000,0.000,614.000,469.000,5.000,0.000,0.000,0.000,0.100,0.000,0.000,0.900,0.000,2.000,11.175,-0.018,-0.018,5.000
30.000,1558.000,51.933,365.525,407.489,0.000,90.000,0.001,-0.018,7.785,18.000,0.000,614.000,469.000,5.000,0.000,0.000,0.000,0.100,0.000,0.000,0.900,0.000,2.000,11.175,-0.018,-0.018,5.000
30.000,1559.000,51.967,365.219,407.316,0.000,90.000,0.001,-0.018,7.785,18.000,0.000,614.000,469.000,5.000,0.000,0.000,0.000,0.100,0.000,0.000,0.900,0.000,2.000,11.175,-0.018,-0.018,5.000
30.000,1560.000,52.000,365.572,407.551,0.000,90.000,0.001,-0.018,7.785,18.000,0.000,614.000,469.000,5.000,0.000,0.000,0.000,0.100,0.000,0.000,0.900,0.000,2.000,11.175,-0.018,-0.018,5.000
30.000,1561.000,52.033,365.273,407.955,0.000,90.000,0.001,-0.018,7.785,18.000,0.000,614.000,469.000,5.000,0.000,0.000,0.000,0.100,0.000,0.000,0.900,0.000,2.000,11.175,-0.018,-0.018,5.000
30.000,1562.000,52.067,365.393,408.106,0.000,90.000,0.001,-0.018,7.785,18.000,0.000,614.000,469.000,5.000,0.000,0.000,0.000,0.100,0.000,0.000,0.900,0.000,2.000,11.175,-0.018,-0.018,5.000
30.000,1563.000,52.100,365.418,408.201,0.000,90.000,0.001,-0.023,7.785,18.000,0.000,614.000,469.000,5.000,0.000,0.000,0.000,0.100,0.000,0.000,0.900,0.000,2.000,11.218,-0.023,-0.023,5.000
30.000,1564.000,52.133,365.473,408.208,0.000,90.000,0.001,-0.023,7.785,18.000,0.000,614.000,469.000,5.000,0.000,0.000,0.000,0.100,0.000,0.000,0.900,0.000,2.000,11.218,-0.023,-0.023,5.000
30.000,1565.000,52.167,365.248,408.248,0.000,90.000,0.001,-0.023,7.785,18.000,0.000,614.000,469.000,5.000,0.000,0.000,0.000,0.100,0.000,0.000,0.900,0.000,2.000,11.218,-0.023,-0.023,5.000
30.000,1566.000,52.200,365.388,408.569,0.000,90.000,0.001,-0.023,7.785,18.000,0.000,614.000,469.000,5.000,0.000,0.000,0.000,0.100,0.000,0.000,0.900,0.000,2.000,11.218,-0.023,-0.023,5.000
30.000,1567.000,52.233,365.189,408.609,0.000,90.000,0.001,-0.023,7.785,18.000,0.000,614.000,469.000,5.000,0.000,0.000,0.000,0.100,0.000,0.000,0.900,0.000,2.000,11.218,-0.023,-0.023,5.000
30.000,1568.000,52.267,364.817,408.681,0.000,90.000,0.001,-0.023,7.785,18.000,0.000,614.000,469.000,5.000,0.000,0.000,0.000,0.100,0.000,0.000,0.900,0.000,2.000,11.218,-0.023,-0.023,5.000
30.000,1569.000,52.300,365.090,408.877,0.000,90.000,0.001,-0.013,7.785,18.000,0.000,614.000,469.000,5.000,0.000,0.000,0.000,0.100,0.000,0.000,0.900,0.000,2.000,6.328,-0.013,-0.013,5.000
30.000,1570.000,52.333,364.548,408.868,0.000,90.000,0.001,-0.013,7.785,18.000,0.000,614.000,469.000,5.000,0.000,0.000,0.000,0.100,0.000,0.000,0.900,0.000,2.000,6.328,-0.013,-0.013,5.000
30.000,1571.000,52.367,364.544,408.986,0.000,90.000,0.001,-0.013,7.785,18.000,0.000,614.000,469.000,5.000,0.000,0.000,0.000,0.100,0.000,0.000,0.900,0.000,2.000,6.328,-0.013,-0.013,5.000
30.000,1572.000,52.400,364.401,408.958,0.000,90.000,0.001,-0.013,7.785,18.000,0.000,614.000,469.000,5.000,0.000,0.000,0.000,0.100,0.000,0.000,0.900,0.000,2.000,6.328,-0.013,-0.013,5.000
30.000,1573.000,52.433,364.252,409.064,0.000,90.000,0.001,-0.013,7.785,18.000,0.000,614.000,469.000,5.000,0.000,0.000,0.000,0.100,0.000,0.000,0.900,0.000,2.000,6.328,-0.013,-0.013,5.000
30.000,1574.000,52.467,364.059,409.005,0.000,90.000,0.001,-0.013,7.785,18.000,0.000,614.000,469.000,5.000,0.000,0.000,0.000,0.100,0.000,0.000,0.900,0.000,2.000,6.328,-0.013,-0.013,5.000
30.000,1575.000,52.500,364.159,409.063,0.000,90.000,0.001,-0.013,7.785,18.000,0.000,614.000,469.000,5.000,0.000,0.000,0.000,0.100,0.000,0.000,0.900,0.000,2.000,10.001,-0.013,-0.013,5.000
30.000,1576.000,52.533,364.188,409.016,0.000,90.000,0.001,-0.013,7.785,18.000,0.000,614.000,469.000,5.000,0.000,0.000,0.000,0.100,0.000,0.000,0.900,0.000,2.000,10.001,-0.013,-0.013,5.000
30.000,1577.000,52.567,363.991,409.186,0.000,90.000,0.001,-0.013,7.785,18.000,0.000,614.000,469.000,5.000,0.000,0.000,0.000,0.100,0.000,0.000,0.900,0.000,2.000,10.001,-0.013,-0.013,5.000
30.000,1578.000,52.600,363.662,409.222,0.000,90.000,0.001,-0.013,7.785,18.000,0.000,614.000,469.000,5.000,0.000,0.000,0.000,0.100,0.000,0.000,0.900,0.000,2.000,10.001,-0.013,-0.013,5.000
30.000,1579.000,52.633,363.538,409.221,0.000,90.000,0.001,-0.013,7.785,18.000,0.000,614.000,469.000,5.000,0.000,0.000,0.000,0.100,0.000,0.000,0.900,0.000,2.000,10.001,-0.013,-0.013,5.000
30.000,1580.000,52.667,363.525,409.221,0.000,90.000,0.001,-0.013,7.785,18.000,0.000,614.000,469.000,5.000,0.000,0.000,0.000,0.100,0.000,0.000,0.900,0.000,2.000,10.001,-0.013,-0.013,5.000
30.000,1581.000,52.700,363.355,409.360,0.000,90.000,0.001,-0.006,7.785,18.000,0.000,614.000,469.000,5.000,0.000,0.000,0.000,0.100,0.000,0.000,0.900,0.000,2.000,7.021,-0.006,-0.006,5.000
30.000,1582.000,52.733,363.384,409.597,0.000,90.000,0.001,-0.006,7.785,18.000,0.000,614.000,469.000,5.000,0.000,0.000,0.000,0.100,0.000,0.000,0.900,0.000,2.000,7.021,-0.006,-0.006,5.000
30.000,1583.000,52.767,363.145,409.781,0.000,90.000,0.001,-0.006,7.785,18.000,0.000,614.000,469.000,5.000,0.000,0.000,0.000,0.100,0.000,0.000,0.900,0.000,2.000,7.021,-0.006,-0.006,5.000
30.000,1584.000,52.800,362.909,409.871,0.000,90.000,0.001,-0.006,7.785,18.000,0.000,614.000,469.000,5.000,0.000,0.000,0.000,0.100,0.000,0.000,0.900,0.000,2.000,7.021,-0.006,-0.006,5.000
30.000,1585.000,52.833,362.473,409.867,0.000,90.000,0.001,-0.006,7.785,18.000,0.000,614.000,469.000,5.000,0.000,0.000,0.000,0.100,0.000,0.000,0.900,0.000,2.000,7.021,-0.006,-0.006,5.000
30.000,1586.000,52.867,362.464,410.038,0.000,90.000,0.001,-0.006,7.785,18.000,0.000,614.000,469.000,5.000,0.000,0.000,0.000,0.100,0.000,0.000,0.900,0.000,2.000,7.021,-0.006,-0.006,5.000
30.000,1587.000,52.900,362.400,410.028,0.000,90.000,0.001,-0.017,7.785,18.000,0.000,614.000,469.000,5.000,0.000,0.000,0.000,0.100,0.000,0.000,0.900,0.000,2.000,11.959,-0.017,-0.017,5.000
30.000,1588.000,52.933,362.419,410.059,0.000,90.000,0.001,-0.017,7.785,18.000,0.000,614.000,469.000,5.000,0.000,0.000,0.000,0.100,0.000,0.000,0.900,0.000,2.000,11.959,-0.017,-0.017,5.000
30.000,1589.000,52.967,362.459,410.122,0.000,90.000,0.001,-0.017,7.785,18.000,0.000,614.000,469.000,5.000,0.000,0.000,0.000,0.100,0.000,0.000,0.900,0.000,2.000,11.959,-0.017,-0.017,5.000
30.000,1590.000,53.000,362.318,410.045,0.000,90.000,0.001,-0.017,7.785,18.000,0.000,614.000,469.000,5.000,0.000,0.000,0.000,0.100,0.000,0.000,0.900,0.000,2.000,11.959,-0.017,-0.017,5.000
30.000,1591.000,53.033,362.066,410.109,0.000,90.000,0.001,-0.017,7.785,18.000,0.000,614.000,469.000,5.000,0.000,0.000,0.000,0.100,0.000,0.000,0.900,0.000,2.000,11.959,-0.017,-0.017,5.000
30.000,1592.000,53.067,362.091,410.463,0.000,90.000,0.001,-0.017,7.785,18.000,0.000,614.000,469.000,5.000,0.000,0.000,0.000,0.100,0.000,0.000,0.900,0.000,2.000,11.959,-0.017,-0.017,5.000
30.000,1593.000,53.100,361.962,410.467,0.000,90.000,0.001,-0.006,7.785,18.000,0.000,614.000,469.000,5.000,0.000,0.000,0.000,0.100,0.000,0.000,0.900,0.000,2.000,4.540,-0.006,-0.006,5.000
30.000,1594.000,53.133,361.969,410.637,0.000,90.000,0.001,-0.006,7.785,18.000,0.000,614.000,469.000,5.000,0.000,0.000,0.000,0.100,0.000,0.000,0.900,0.000,2.000,4.540,-0.006,-0.006,5.000
30.000,1595.000,53.167,362.009,411.165,0.000,90.000,0.001,-0.006,7.785,18.000,0.000,614.000,469.000,5.000,0.000,0.000,0.000,0.100,0.000,0.000,0.900,0.000,2.000,4.540,-0.006,-0.006,5.000
30.000,1596.000,53.200,361.903,411.436,0.000,90.000,0.001,-0.006,7.785,18.000,0.000,614.000,469.000,5.000,0.000,0.000,0.000,0.100,0.000,0.000,0.900,0.000,2.000,4.540,-0.006,-0.006,5.000
30.000,1597.000,53.233,361.569,411.325,0.000,90.000,0.001,-0.006,7.785,18.000,0.000,614.000,469.000,5.000,0.000,0.000,0.000,0.100,0.000,0.000,0.900,0.000,2.000,4.540,-0.006,-0.006,5.000
30.000,1598.000,53.267,361.504,411.232,0.000,90.000,0.001,-0.006,7.785,18.000,0.000,614.000,469.000,5.000,0.000,0.000,0.000,0.100,0.000,0.000,0.900,0.000,2.000,4.540,-0.006,-0.006,5.000
30.000,1599.000,53.300,361.369,411.426,0.000,90.000,0.001,-0.025,7.785,18.000,0.000,614.000,469.000,5.000,0.000,0.000,0.000,0.100,0.000,0.000,0.900,0.000,2.000,12.618,-0.025,-0.025,5.000
30.000,1600.000,53.333,361.615,411.667,0.000,90.000,0.001,-0.025,7.785,18.000,0.000,614.000,469.000,5.000,0.000,0.000,0.000,0.100,0.000,0.000,0.900,0.000,2.000,12.618,-0.025,-0.025,5.000
30.000,1601.000,53.367,361.306,411.751,0.000,90.000,0.001,-0.025,7.785,18.000,0.000,614.000,469.000,5.000,0.000,0.000,0.000,0.100,0.000,0.000,0.900,0.000,2.000,12.618,-0.025,-0.025,5.000
30.000,1602.000,53.400,361.031,411.817,0.000,90.000,0.001,-0.025,7.785,18.000,0.000,614.000,469.000,5.000,0.000,0.000,0.000,0.100,0.000,0.000,0.900,0.000,2.000,12.618,-0.025,-0.025,5.000
30.000,1603.000,53.433,361.019,411.915,0.000,90.000,0.001,-0.025,7.785,18.000,0.000,614.000,469.000,5.000,0.000,0.000,0.000,0.100,0.000,0.000,0.900,0.000,2.000,12.618,-0.025,-0.025,5.000
30.000,1604.000,53.467,360.757,411.913,0.000,90.000,0.001,-0.025,7.785,18.000,0.000,614.000,469.000,5.000,0.000,0.000,0.000,0.100,0.000,0.000,0.900,0.000,2.000,12.618,-0.025,-0.025,5.000
30.010,1605.000,53.483,360.658,411.913,0.000,90.000,0.001,-0.013,7.785,18.000,0.000,614.000,469.000,5.000,0.000,0.000,0.000,0.100,0.000,0.000,0.900,0.000,2.000,7.737,-0.013,-0.013,5.000
30.010,1606.000,53.516,360.619,411.762,0.000,90.000,0.001,-0.013,7.785,18.000,0.000,614.000,469.000,5.000,0.000,0.000,0.000,0.100,0.000,0.000,0.900,0.000,2.000,7.737,-0.013,-0.013,5.000
30.010,1607.000,53.549,360.471,411.917,0.000,90.000,0.001,-0.013,7.785,18.000,0.000,614.000,469.000,5.000,0.000,0.000,0.000,0.100,0.000,0.000,0.900,0.000,2.000,7.737,-0.013,-0.013,5.000
30.010,1608.000,53.583,360.074,412.000,0.000,90.000,0.001,-0.013,7.785,18.000,0.000,614.000,469.000,5.000,0.000,0.000,0.000,0.100,0.000,0.000,0.900,0.000,2.000,7.737,-0.013,-0.013,5.000
30.010,1609.000,53.616,360.038,412.132,0.000,90.000,0.001,-0.013,7.785,18.000,0.000,614.000,469.000,5.000,0.000,0.000,0.000,0.100,0.000,0.000,0.900,0.000,2.000,7.737,-0.013,-0.013,5.000
30.010,1610.000,53.649,360.103,412.298,0.000,90.000,0.001,-0.013,7.785,18.000,0.000,614.000,469.000,5.000,0.000,0.000,0.000,0.100,0.000,0.000,0.900,0.000,2.000,7.737,-0.013,-0.013,5.000
30.010,1611.000,53.683,359.671,412.343,0.000,90.000,0.001,-0.008,7.785,18.000,0.000,614.000,469.000,5.000,0.000,0.000,0.000,0.100,0.000,0.000,0.900,0.000,2.000,9.648,-0.008,-0.008,5.000
30.010,1612.000,53.716,360.076,412.203,0.000,90.000,0.001,-0.008,7.785,18.000,0.000,614.000,469.000,5.000,0.000,0.000,0.000,0.100,0.000,0.000,0.900,0.000,2.000,9.648,-0.008,-0.008,5.000
30.010,1613.000,53.749,359.912,412.425,0.000,90.000,0.001,-0.008,7.785,18.000,0.000,614.000,469.000,5.000,0.000,0.000,0.000,0.100,0.000,0.000,0.900,0.000,2.000,9.648,-0.008,-0.008,5.000
30.010,1614.000,53.783,359.695,412.374,0.000,90.000,0.001,-0.008,7.785,18.000,0.000,614.000,469.000,5.000,0.000,0.000,0.000,0.100,0.000,0.000,0.900,0.000,2.000,9.648,-0.008,-0.008,5.000
30.010,1615.000,53.816,359.700,412.429,0.000,90.000,0.001,-0.008,7.785,18.000,0.000,614.000,469.000,5.000,0.000,0.000,0.000,0.100,0.000,0.000,0.900,0.000,2.000,9.648,-0.008,-0.008,5.000
30.010,1616.000,53.849,359.368,412.656,0.000,90.000,0.001,-0.008,7.785,18.000,0.000,614.000,469.000,5.000,0.000,0.000,0.000,0.100,0.000,0.000,0.900,0.000,2.000,9.648,-0.008,-0.008,5.000
30.010,1617.000,53.883,359.305,412.587,0.000,90.000,0.001,-0.007,7.785,18.000,0.000,614.000,469.000,5.000,0.000,0.000,0.000,0.100,0.000,0.000,0.900,0.000,2.000,4.314,-0.007,-0.007,5.000
30.010,1618.000,53.916,359.293,412.431,0.000,90.000,0.001,-0.007,7.785,18.000,0.000,614.000,469.000,5.000,0.000,0.000,0.000,0.100,0.000,0.000,0.900,0.000,2.000,4.314,-0.007,-0.007,5.000
30.010,1619.000,53.949,359.465,412.520,0.000,90.000,0.001,-0.007,7.785,18.000,0.000,614.000,469.000,5.000,0.000,0.000,0.000,0.100,0.000,0.000,0.900,0.000,2.000,4.314,-0.007,-0.007,5.000
30.010,1620.000,53.983,359.345,412.559,0.000,90.000,0.001,-0.007,7.785,18.000,0.000,614.000,469.000,5.000,0.000,0.000,0.000,0.100,0.000,0.000,0.900,0.000,2.000,4.314,-0.007,-0.007,5.000
30.010,1621.000,54.016,359.264,412.619,0.000,90.000,0.001,-0.007,7.785,18.000,0.000,614.000,469.000,5.000,0.000,0.000,0.000,0.100,0.000,0.000,0.900,0.000,2.000,4.314,-0.007,-0.007,5.000
30.010,1622.000,54.049,359.185,412.474,0.000,90.000,0.001,-0.007,7.785,18.000,0.000,614.000,469.000,5.000,0.000,0.000,0.000,0.100,0.000,0.000,0.900,0.000,2.000,4.314,-0.007,-0.007,5.000
30.010,1623.000,54.083,359.132,412.657,0.000,90.000,0.001,-0.005,7.785,18.000,0.000,614.000,469.000,5.000,0.000,0.000,0.000,0.100,0.000,0.000,0.900,0.000,2.000,4.568,-0.005,-0.005,5.000
30.010,1624.000,54.116,359.139,412.588,0.000,90.000,0.001,-0.005,7.785,18.000,0.000,614.000,469.000,5.000,0.000,0.000,0.000,0.100,0.000,0.000,0.900,0.000,2.000,4.568,-0.005,-0.005,5.000
30.010,1625.000,54.149,359.043,412.872,0.000,90.000,0.001,-0.005,7.785,18.000,0.000,614.000,469.000,5.000,0.000,0.000,0.000,0.100,0.000,0.000,0.900,0.000,2.000,4.568,-0.005,-0.005,5.000
30.010,1626.000,54.183,358.649,412.910,0.000,90.000,0.001,-0.005,7.785,18.000,0.000,614.000,469.000,5.000,0.000,0.000,0.000,0.100,0.000,0.000,0.900,0.000,2.000,4.568,-0.005,-0.005,5.000
30.010,1627.000,54.216,358.449,412.995,0.000,90.000,0.001,-0.005,7.785,18.000,0.000,614.000,469.000,5.000,0.000,0.000,0.000,0.100,0.000,0.000,0.900,0.000,2.000,4.568,-0.005,-0.005,5.000
30.010,1628.000,54.249,358.351,412.915,0.000,90.000,0.001,-0.005,7.785,18.000,0.000,614.000,469.000,5.000,0.000,0.000,0.000,0.100,0.000,0.000,0.900,0.000,2.000,4.568,-0.005,-0.005,5.000
30.010,1629.000,54.282,358.442,413.081,0.000,90.000,0.001,-0.010,7.785,18.000,0.000,614.000,469.000,5.000,0.000,0.000,0.000,0.100,0.000,0.000,0.900,0.000,2.000,8.617,-0.010,-0.010,5.000
30.010,1630.000,54.316,358.549,412.806,0.000,90.000,0.001,-0.010,7.785,18.000,0.000,614.000,469.000,5.000,0.000,0.000,0.000,0.100,0.000,0.000,0.900,0.000,2.000,8.617,-0.010,-0.010,5.000
30.010,1631.000,54.349,358.199,414.549,0.000,90.000,0.001,-0.010,7.785,18.000,0.000,614.000,469.000,5.000,0.000,0.000,0.000,0.100,0.000,0.000,0.900,0.000,2.000,8.617,-0.010,-0.010,5.000
30.010,1632.000,54.382,358.201,411.809,0.000,90.000,0.001,-0.010,7.785,18.000,0.000,614.000,469.000,5.000,0.000,0.000,0.000,0.100,0.000,0.000,0.900,0.000,2.000,8.617,-0.010,-0.010,5.000
30.010,1633.000,54.416,357.955,414.451,0.000,90.000,0.001,-0.010,7.785,18.000,0.000,614.000,469.000,5.000,0.000,0.000,0.000,0.100,0.000,0.000,0.900,0.000,2.000,8.617,-0.010,-0.010,5.000
30.010,1634.000,54.449,357.587,414.542,0.000,90.000,0.001,-0.010,7.785,18.000,0.000,614.000,469.000,5.000,0.000,0.000,0.000,0.100,0.000,0.000,0.900,0.000,2.000,8.617,-0.010,-0.010,5.000
30.000,1635.000,54.500,357.505,413.148,0.000,90.000,0.001,-0.029,7.785,18.000,0.000,614.000,469.000,5.000,0.000,0.000,0.000,0.100,0.000,0.000,0.900,0.000,2.000,14.761,-0.029,-0.029,5.000
30.000,1636.000,54.533,357.529,413.923,0.000,90.000,0.001,-0.029,7.785,18.000,0.000,614.000,469.000,5.000,0.000,0.000,0.000,0.100,0.000,0.000,0.900,0.000,2.000,14.761,-0.029,-0.029,5.000
30.000,1637.000,54.567,357.368,413.972,0.000,90.000,0.001,-0.029,7.785,18.000,0.000,614.000,469.000,5.000,0.000,0.000,0.000,0.100,0.000,0.000,0.900,0.000,2.000,14.761,-0.029,-0.029,5.000
30.000,1638.000,54.600,357.188,413.810,0.000,90.000,0.001,-0.029,7.785,18.000,0.000,614.000,469.000,5.000,0.000,0.000,0.000,0.100,0.000,0.000,0.900,0.000,2.000,14.761,-0.029,-0.029,5.000
30.000,1639.000,54.633,357.244,414.024,0.000,90.000,0.001,-0.029,7.785,18.000,0.000,614.000,469.000,5.000,0.000,0.000,0.000,0.100,0.000,0.000,0.900,0.000,2.000,14.761,-0.029,-0.029,5.000
30.000,1640.000,54.667,356.636,414.158,0.000,90.000,0.001,-0.029,7.785,18.000,0.000,614.000,469.000,5.000,0.000,0.000,0.000,0.100,0.000,0.000,0.900,0.000,2.000,14.761,-0.029,-0.029,5.000
30.000,1641.000,54.700,356.433,414.195,0.000,90.000,0.001,0.005,7.785,18.000,0.000,614.000,469.000,5.000,0.000,0.000,0.000,0.100,0.000,0.000,0.900,0.000,2.000,7.963,0.005,0.005,5.000
30.000,1642.000,54.733,356.289,414.317,0.000,90.000,0.001,0.005,7.785,18.000,0.000,614.000,469.000,5.000,0.000,0.000,0.000,0.100,0.000,0.000,0.900,0.000,2.000,7.963,0.005,0.005,5.000
30.000,1643.000,54.767,356.224,414.309,0.000,90.000,0.001,0.005,7.785,18.000,0.000,614.000,469.000,5.000,0.000,0.000,0.000,0.100,0.000,0.000,0.900,0.000,2.000,7.963,0.005,0.005,5.000
30.000,1644.000,54.800,356.064,413.969,0.000,90.000,0.001,0.005,7.785,18.000,0.000,614.000,469.000,5.000,0.000,0.000,0.000,0.100,0.000,0.000,0.900,0.000,2.000,7.963,0.005,0.005,5.000
30.000,1645.000,54.833,356.128,414.551,0.000,90.000,0.001,0.005,7.785,18.000,0.000,614.000,469.000,5.000,0.000,0.000,0.000,0.100,0.000,0.000,0.900,0.000,2.000,7.963,0.005,0.005,5.000
30.000,1646.000,54.867,355.932,414.552,0.000,90.000,0.001,0.005,7.785,18.000,0.000,614.000,469.000,5.000,0.000,0.000,0.000,0.100,0.000,0.000,0.900,0.000,2.000,7.963,0.005,0.005,5.000
30.000,1647.000,54.900,355.496,414.133,0.000,90.000,0.001,-0.014,7.785,18.000,0.000,614.000,469.000,5.000,0.000,0.000,0.000,0.100,0.000,0.000,0.900,0.000,2.000,11.849,-0.014,-0.014,5.000
30.000,1648.000,54.933,355.845,414.141,0.000,90.000,0.001,-0.014,7.785,18.000,0.000,614.000,469.000,5.000,0.000,0.000,0.000,0.100,0.000,0.000,0.900,0.000,2.000,11.849,-0.014,-0.014,5.000
30.000,1649.000,54.967,355.461,414.172,0.000,90.000,0.001,-0.014,7.785,18.000,0.000,614.000,469.000,5.000,0.000,0.000,0.000,0.100,0.000,0.000,0.900,0.000,2.000,11.849,-0.014,-0.014,5.000
30.000,1650.000,55.000,355.462,414.428,0.000,90.000,0.001,-0.014,7.785,18.000,0.000,614.000,469.000,5.000,0.000,0.000,0.000,0.100,0.000,0.000,0.900,0.000,2.000,11.849,-0.014,-0.014,5.000
30.000,1651.000,55.033,355.580,414.838,0.000,90.000,0.001,-0.014,7.785,18.000,0.000,614.000,469.000,5.000,0.000,0.000,0.000,0.100,0.000,0.000,0.900,0.000,2.000,11.849,-0.014,-0.014,5.000
30.000,1652.000,55.067,355.538,414.510,0.000,90.000,0.001,-0.014,7.785,18.000,0.000,614.000,469.000,5.000,0.000,0.000,0.000,0.100,0.000,0.000,0.900,0.000,2.000,11.849,-0.014,-0.014,5.000
30.000,1653.000,55.100,355.781,414.774,0.000,90.000,0.001,-0.007,7.785,18.000,0.000,614.000,469.000,5.000,0.000,0.000,0.000,0.100,0.000,0.000,0.900,0.000,2.000,5.939,-0.007,-0.007,5.000
30.000,1654.000,55.133,355.394,414.783,0.000,90.000,0.001,-0.007,7.785,18.000,0.000,614.000,469.000,5.000,0.000,0.000,0.000,0.100,0.000,0.000,0.900,0.000,2.000,5.939,-0.007,-0.007,5.000
30.000,1655.000,55.167,355.158,414.983,0.000,90.000,0.001,-0.007,7.785,18.000,0.000,614.000,469.000,5.000,0.000,0.000,0.000,0.100,0.000,0.000,0.900,0.000,2.000,5.939,-0.007,-0.007,5.000
30.000,1656.000,55.200,355.012,414.979,0.000,90.000,0.001,-0.007,7.785,18.000,0.000,614.000,469.000,5.000,0.000,0.000,0.000,0.100,0.000,0.000,0.900,0.000,2.000,5.939,-0.007,-0.007,5.000
30.000,1657.000,55.233,354.871,415.087,0.000,90.000,0.001,-0.007,7.785,18.000,0.000,614.000,469.000,5.000,0.000,0.000,0.000,0.100,0.000,0.000,0.900,0.000,2.000,5.939,-0.007,-0.007,5.000
30.000,1658.000,55.267,354.689,415.036,0.000,90.000,0.001,-0.007,7.785,18.000,0.000,614.000,469.000,5.000,0.000,0.000,0.000,0.100,0.000,0.000,0.900,0.000,2.000,5.939,-0.007,-0.007,5.000
30.000,1659.000,55.300,354.547,415.093,0.000,90.000,0.001,-0.007,7.785,18.000,0.000,614.000,469.000,5.000,0.000,0.000,0.000,0.100,0.000,0.000,0.900,0.000,2.000,7.218,-0.007,-0.007,5.000
30.000,1660.000,55.333,354.482,415.043,0.000,90.000,0.001,-0.007,7.785,18.000,0.000,614.000,469.000,5.000,0.000,0.000,0.000,0.100,0.000,0.000,0.900,0.000,2.000,7.218,-0.007,-0.007,5.000
30.000,1661.000,55.367,354.393,415.247,0.000,90.000,0.001,-0.007,7.785,18.000,0.000,614.000,469.000,5.000,0.000,0.000,0.000,0.100,0.000,0.000,0.900,0.000,2.000,7.218,-0.007,-0.007,5.000
30.000,1662.000,55.400,354.341,415.175,0.000,90.000,0.001,-0.007,7.785,18.000,0.000,614.000,469.000,5.000,0.000,0.000,0.000,0.100,0.000,0.000,0.900,0.000,2.000,7.218,-0.007,-0.007,5.000
30.000,1663.000,55.433,354.243,415.426,0.000,90.000,0.001,-0.007,7.785,18.000,0.000,614.000,469.000,5.000,0.000,0.000,0.000,0.100,0.000,0.000,0.900,0.000,2.000,7.218,-0.007,-0.007,5.000
30.000,1664.000,55.467,353.773,415.185,0.000,90.000,0.001,-0.007,7.785,18.000,0.000,614.000,469.000,5.000,0.000,0.000,0.000,0.100,0.000,0.000,0.900,0.000,2.000,7.218,-0.007,-0.007,5.000
30.000,1665.000,55.500,353.667,415.335,0.000,90.000,0.001,-0.009,7.785,18.000,0.000,614.000,469.000,5.000,0.000,0.000,0.000,0.100,0.000,0.000,0.900,0.000,2.000,6.849,-0.009,-0.009,5.000
30.000,1666.000,55.533,353.553,415.408,0.000,90.000,0.001,-0.009,7.785,18.000,0.000,614.000,469.000,5.000,0.000,0.000,0.000,0.100,0.000,0.000,0.900,0.000,2.000,6.849,-0.009,-0.009,5.000
30.000,1667.000,55.567,353.451,415.344,0.000,90.000,0.001,-0.009,7.785,18.000,0.000,614.000,469.000,5.000,0.000,0.000,0.000,0.100,0.000,0.000,0.900,0.000,2.000,6.849,-0.009,-0.009,5.000
30.000,1668.000,55.600,353.208,415.618,0.000,90.000,0.001,-0.009,7.785,18.000,0.000,614.000,469.000,5.000,0.000,0.000,0.000,0.100,0.000,0.000,0.900,0.000,2.000,6.849,-0.009,-0.009,5.000
30.000,1669.000,55.633,353.218,415.864,0.000,90.000,0.001,-0.009,7.785,18.000,0.000,614.000,469.000,5.000,0.000,0.000,0.000,0.100,0.000,0.000,0.900,0.000,2.000,6.849,-0.009,-0.009,5.000
30.000,1670.000,55.667,353.216,416.007,0.000,90.000,0.001,-0.009,7.785,18.000,0.000,614.000,469.000,5.000,0.000,0.000,0.000,0.100,0.000,0.000,0.900,0.000,2.000,6.849,-0.009,-0.009,5.000
30.000,1671.000,55.700,353.238,416.363,0.000,90.000,0.001,-0.012,7.785,18.000,0.000,614.000,469.000,5.000,0.000,0.000,0.000,0.100,0.000,0.000,0.900,0.000,2.000,10.700,-0.012,-0.012,5.000
30.000,1672.000,55.733,353.150,416.796,0.000,90.000,0.001,-0.012,7.785,18.000,0.000,614.000,469.000,5.000,0.000,0.000,0.000,0.100,0.000,0.000,0.900,0.000,2.000,10.700,-0.012,-0.012,5.000
30.000,1673.000,55.767,353.043,416.857,0.000,90.000,0.001,-0.012,7.785,18.000,0.000,614.000,469.000,5.000,0.000,0.000,0.000,0.100,0.000,0.000,0.900,0.000,2.000,10.700,-0.012,-0.012,5.000
30.000,1674.000,55.800,352.979,417.157,0.000,90.000,0.001,-0.012,7.785,18.000,0.000,614.000,469.000,5.000,0.000,0.000,0.000,0.100,0.000,0.000,0.900,0.000,2.000,10.700,-0.012,-0.012,5.000
30.000,1675.000,55.833,352.826,417.604,0.000,90.000,0.001,-0.012,7.785,18.000,0.000,614.000,469.000,5.000,0.000,0.000,0.000,0.100,0.000,0.000,0.900,0.000,2.000,10.700,-0.012,-0.012,5.000
30.000,1676.000,55.867,353.051,417.560,0.000,90.000,0.001,-0.012,7.785,18.000,0.000,614.000,469.000,5.000,0.000,0.000,0.000,0.100,0.000,0.000,0.900,0.000,2.000,10.700,-0.012,-0.012,5.000
30.000,1677.000,55.900,352.756,417.495,0.000,90.000,0.001,-0.033,7.785,18.000,0.000,614.000,469.000,5.000,0.000,0.000,0.000,0.100,0.000,0.000,0.900,0.000,2.000,17.124,-0.033,-0.033,5.000
30.000,1678.000,55.933,352.378,417.734,0.000,90.000,0.001,-0.033,7.785,18.000,0.000,614.000,469.000,5.000,0.000,0.000,0.000,0.100,0.000,0.000,0.900,0.000,2.000,17.124,-0.033,-0.033,5.000
30.000,1679.000,55.967,352.091,417.643,0.000,90.000,0.001,-0.033,7.785,18.000,0.000,614.000,469.000,5.000,0.000,0.000,0.000,0.100,0.000,0.000,0.900,0.000,2.000,17.124,-0.033,-0.033,5.000
30.000,1680.000,56.000,351.751,417.688,0.000,90.000,0.001,-0.033,7.785,18.000,0.000,614.000,469.000,5.000,0.000,0.000,0.000,0.100,0.000,0.000,0.900,0.000,2.000,17.124,-0.033,-0.033,5.000
30.000,1681.000,56.033,351.568,417.780,0.000,90.000,0.001,-0.033,7.785,18.000,0.000,614.000,469.000,5.000,0.000,0.000,0.000,0.100,0.000,0.000,0.900,0.000,2.000,17.124,-0.033,-0.033,5.000
30.000,1682.000,56.067,351.274,417.680,0.000,90.000,0.001,-0.033,7.785,18.000,0.000,614.000,469.000,5.000,0.000,0.000,0.000,0.100,0.000,0.000,0.900,0.000,2.000,17.124,-0.033,-0.033,5.000
30.000,1683.000,56.100,351.007,417.673,0.000,90.000,0.001,-0.008,7.785,18.000,0.000,614.000,469.000,5.000,0.000,0.000,0.000,0.100,0.000,0.000,0.900,0.000,2.000,12.193,-0.008,-0.008,5.000
30.000,1684.000,56.133,350.889,417.817,0.000,90.000,0.001,-0.008,7.785,18.000,0.000,614.000,469.000,5.000,0.000,0.000,0.000,0.100,0.000,0.000,0.900,0.000,2.000,12.193,-0.008,-0.008,5.000
30.000,1685.000,56.167,350.668,417.915,0.000,90.000,0.001,-0.008,7.785,18.000,0.000,614.000,469.000,5.000,0.000,0.000,0.000,0.100,0.000,0.000,0.900,0.000,2.000,12.193,-0.008,-0.008,5.000
30.000,1686.000,56.200,350.529,418.064,0.000,90.000,0.001,-0.008,7.785,18.000,0.000,614.000,469.000,5.000,0.000,0.000,0.000,0.100,0.000,0.000,0.900,0.000,2.000,12.193,-0.008,-0.008,5.000
30.000,1687.000,56.233,350.431,417.807,0.000,90.000,0.001,-0.008,7.785,18.000,0.000,614.000,469.000,5.000,0.000,0.000,0.000,0.100,0.000,0.000,0.900,0.000,2.000,12.193,-0.008,-0.008,5.000
30.000,1688.000,56.267,350.159,417.685,0.000,90.000,0.001,-0.008,7.785,18.000,0.000,614.000,469.000,5.000,0.000,0.000,0.000,0.100,0.000,0.000,0.900,0.000,2.000,12.193,-0.008,-0.008,5.000
30.000,1689.000,56.300,350.033,417.964,0.000,90.000,0.001,-0.005,7.785,18.000,0.000,614.000,469.000,5.000,0.000,0.000,0.000,0.100,0.000,0.000,0.900,0.000,2.000,10.919,-0.005,-0.005,5.000
30.000,1690.000,56.333,349.619,418.194,0.000,90.000,0.001,-0.005,7.785,18.000,0.000,614.000,469.000,5.000,0.000,0.000,0.000,0.100,0.000,0.000,0.900,0.000,2.000,10.919,-0.005,-0.005,5.000
30.000,1691.000,56.367,349.714,418.459,0.000,90.000,0.001,-0.005,7.785,18.000,0.000,614.000,469.000,5.000,0.000,0.000,0.000,0.100,0.000,0.000,0.900,0.000,2.000,10.919,-0.005,-0.005,5.000
30.000,1692.000,56.400,349.417,418.602,0.000,90.000,0.001,-0.005,7.785,18.000,0.000,614.000,469.000,5.000,0.000,0.000,0.000,0.100,0.000,0.000,0.900,0.000,2.000,10.919,-0.005,-0.005,5.000
30.000,1693.000,56.433,349.360,418.703,0.000,90.000,0.001,-0.005,7.785,18.000,0.000,614.000,469.000,5.000,0.000,0.000,0.000,0.100,0.000,0.000,0.900,0.000,2.000,10.919,-0.005,-0.005,5.000
30.000,1694.000,56.467,349.182,418.936,0.000,90.000,0.001,-0.005,7.785,18.000,0.000,614.000,469.000,5.000,0.000,0.000,0.000,0.100,0.000,0.000,0.900,0.000,2.000,10.919,-0.005,-0.005,5.000
30.000,1695.000,56.500,349.236,419.029,0.000,90.000,0.001,-0.020,7.785,18.000,0.000,614.000,469.000,5.000,0.000,0.000,0.000,0.100,0.000,0.000,0.900,0.000,2.000,13.404,-0.020,-0.020,5.000
30.000,1696.000,56.533,348.998,419.264,0.000,90.000,0.001,-0.020,7.785,18.000,0.000,614.000,469.000,5.000,0.000,0.000,0.000,0.100,0.000,0.000,0.900,0.000,2.000,13.404,-0.020,-0.020,5.000
30.000,1697.000,56.567,348.653,419.105,0.000,90.000,0.001,-0.020,7.785,18.000,0.000,614.000,469.000,5.000,0.000,0.000,0.000,0.100,0.000,0.000,0.900,0.000,2.000,13.404,-0.020,-0.020,5.000
30.000,1698.000,56.600,348.378,419.019,0.000,90.000,0.001,-0.020,7.785,18.000,0.000,614.000,469.000,5.000,0.000,0.000,0.000,0.100,0.000,0.000,0.900,0.000,2.000,13.404,-0.020,-0.020,5.000
30.000,1699.000,56.633,348.472,419.048,0.000,90.000,0.001,-0.020,7.785,18.000,0.000,614.000,469.000,5.000,0.000,0.000,0.000,0.100,0.000,0.000,0.900,0.000,2.000,13.404,-0.020,-0.020,5.000
30.000,1700.000,56.667,348.415,419.067,0.000,90.000,0.001,-0.020,7.785,18.000,0.000,614.000,469.000,5.000,0.000,0.000,0.000,0.100,0.000,0.000,0.900,0.000,2.000,13.404,-0.020,-0.020,5.000
30.000,1701.000,56.700,348.392,419.026,0.000,90.000,0.001,-0.009,7.785,18.000,0.000,614.000,469.000,5.000,0.000,0.000,0.000,0.100,0.000,0.000,0.900,0.000,2.000,9.140,-0.009,-0.009,5.000
30.000,1702.000,56.733,348.154,418.981,0.000,90.000,0.001,-0.009,7.785,18.000,0.000,614.000,469.000,5.000,0.000,0.000,0.000,0.100,0.000,0.000,0.900,0.000,2.000,9.140,-0.009,-0.009,5.000
30.000,1703.000,56.767,347.774,419.076,0.000,90.000,0.001,-0.009,7.785,18.000,0.000,614.000,469.000,5.000,0.000,0.000,0.000,0.100,0.000,0.000,0.900,0.000,2.000,9.140,-0.009,-0.009,5.000
30.000,1704.000,56.800,347.915,419.191,0.000,90.000,0.001,-0.009,7.785,18.000,0.000,614.000,469.000,5.000,0.000,0.000,0.000,0.100,0.000,0.000,0.900,0.000,2.000,9.140,-0.009,-0.009,5.000
30.000,1705.000,56.833,347.724,419.238,0.000,90.000,0.001,-0.009,7.785,18.000,0.000,614.000,469.000,5.000,0.000,0.000,0.000,0.100,0.000,0.000,0.900,0.000,2.000,9.140,-0.009,-0.009,5.000
30.000,1706.000,56.867,347.770,419.244,0.000,90.000,0.001,-0.009,7.785,18.000,0.000,614.000,469.000,5.000,0.000,0.000,0.000,0.100,0.000,0.000,0.900,0.000,2.000,9.140,-0.009,-0.009,5.000
30.000,1707.000,56.900,347.743,419.306,0.000,90.000,0.001,-0.006,7.785,18.000,0.000,614.000,469.000,5.000,0.000,0.000,0.000,0.100,0.000,0.000,0.900,0.000,2.000,7.415,-0.006,-0.006,5.000
30.000,1708.000,56.933,347.651,419.467,0.000,90.000,0.001,-0.006,7.785,18.000,0.000,614.000,469.000,5.000,0.000,0.000,0.000,0.100,0.000,0.000,0.900,0.000,2.000,7.415,-0.006,-0.006,5.000
30.000,1709.000,56.967,347.254,419.585,0.000,90.000,0.001,-0.006,7.785,18.000,0.000,614.000,469.000,5.000,0.000,0.000,0.000,0.100,0.000,0.000,0.900,0.000,2.000,7.415,-0.006,-0.006,5.000
30.000,1710.000,57.000,347.094,419.663,0.000,90.000,0.001,-0.006,7.785,18.000,0.000,614.000,469.000,5.000,0.000,0.000,0.000,0.100,0.000,0.000,0.900,0.000,2.000,7.415,-0.006,-0.006,5.000
30.000,1712.000,57.067,346.754,419.893,0.000,90.000,0.001,-0.006,7.785,18.000,0.000,614.000,469.000,5.000,0.000,0.000,0.000,0.100,0.000,0.000,0.900,0.000,2.000,7.415,-0.006,-0.006,5.000
30.000,1713.000,57.100,346.652,420.133,0.000,90.000,0.001,-0.010,7.785,18.000,0.000,614.000,469.000,5.000,0.000,0.000,0.000,0.100,0.000,0.000,0.900,0.000,2.000,7.292,-0.010,-0.010,5.000
30.000,1714.000,57.133,346.382,420.138,0.000,90.000,0.001,-0.010,7.785,18.000,0.000,614.000,469.000,5.000,0.000,0.000,0.000,0.100,0.000,0.000,0.900,0.000,2.000,7.292,-0.010,-0.010,5.000
30.000,1715.000,57.167,346.112,420.050,0.000,90.000,0.001,-0.010,7.785,18.000,0.000,614.000,469.000,5.000,0.000,0.000,0.000,0.100,0.000,0.000,0.900,0.000,2.000,7.292,-0.010,-0.010,5.000
30.000,1716.000,57.200,346.007,419.833,0.000,90.000,0.001,-0.010,7.785,18.000,0.000,614.000,469.000,5.000,0.000,0.000,0.000,0.100,0.000,0.000,0.900,0.000,2.000,7.292,-0.010,-0.010,5.000
30.000,1717.000,57.233,345.957,419.736,0.000,90.000,0.001,-0.010,7.785,18.000,0.000,614.000,469.000,5.000,0.000,0.000,0.000,0.100,0.000,0.000,0.900,0.000,2.000,7.292,-0.010,-0.010,5.000
30.000,1718.000,57.267,345.783,419.557,0.000,90.000,0.001,-0.010,7.785,18.000,0.000,614.000,469.000,5.000,0.000,0.000,0.000,0.100,0.000,0.000,0.900,0.000,2.000,7.292,-0.010,-0.010,5.000
30.000,1719.000,57.300,345.610,419.749,0.000,90.000,0.001,-0.005,7.785,18.000,0.000,614.000,469.000,5.000,0.000,0.000,0.000,0.100,0.000,0.000,0.900,0.000,2.000,10.940,-0.005,-0.005,5.000
30.000,1720.000,57.333,345.550,419.676,0.000,90.000,0.001,-0.005,7.785,18.000,0.000,614.000,469.000,5.000,0.000,0.000,0.000,0.100,0.000,0.000,0.900,0.000,2.000,10.940,-0.005,-0.005,5.000
30.000,1721.000,57.367,345.298,419.850,0.000,90.000,0.001,-0.005,7.785,18.000,0.000,614.000,469.000,5.000,0.000,0.000,0.000,0.100,0.000,0.000,0.900,0.000,2.000,10.940,-0.005,-0.005,5.000
30.000,1722.000,57.400,345.352,420.117,0.000,90.000,0.001,-0.005,7.785,18.000,0.000,614.000,469.000,5.000,0.000,0.000,0.000,0.100,0.000,0.000,0.900,0.000,2.000,10.940,-0.005,-0.005,5.000
30.000,1723.000,57.433,345.281,420.314,0.000,90.000,0.001,-0.005,7.785,18.000,0.000,614.000,469.000,5.000,0.000,0.000,0.000,0.100,0.000,0.000,0.900,0.000,2.000,10.940,-0.005,-0.005,5.000
30.000,1724.000,57.467,345.104,420.431,0.000,90.000,0.001,-0.005,7.785,18.000,0.000,614.000,469.000,5.000,0.000,0.000,0.000,0.100,0.000,0.000,0.900,0.000,2.000,10.940,-0.005,-0.005,5.000
30.000,1725.000,57.500,345.118,420.594,0.000,90.000,0.001,-0.013,7.785,18.000,0.000,614.000,469.000,5.000,0.000,0.000,0.000,0.100,0.000,0.000,0.900,0.000,2.000,8.543,-0.013,-0.013,5.000
30.000,1726.000,57.533,345.079,420.630,0.000,90.000,0.001,-0.013,7.785,18.000,0.000,614.000,469.000,5.000,0.000,0.000,0.000,0.100,0.000,0.000,0.900,0.000,2.000,8.543,-0.013,-0.013,5.000
30.000,1727.000,57.567,345.026,420.615,0.000,90.000,0.001,-0.013,7.785,18.000,0.000,614.000,469.000,5.000,0.000,0.000,0.000,0.100,0.000,0.000,0.900,0.000,2.000,8.543,-0.013,-0.013,5.000
30.000,1728.000,57.600,344.933,420.988,0.000,90.000,0.001,-0.013,7.785,18.000,0.000,614.000,469.000,5.000,0.000,0.000,0.000,0.100,0.000,0.000,0.900,0.000,2.000,8.543,-0.013,-0.013,5.000
30.000,1729.000,57.633,344.513,421.120,0.000,90.000,0.001,-0.013,7.785,18.000,0.000,614.000,469.000,5.000,0.000,0.000,0.000,0.100,0.000,0.000,0.900,0.000,2.000,8.543,-0.013,-0.013,5.000
30.000,1730.000,57.667,344.519,421.105,0.000,90.000,0.001,-0.013,7.785,18.000,0.000,614.000,469.000,5.000,0.000,0.000,0.000,0.100,0.000,0.000,0.900,0.000,2.000,8.543,-0.013,-0.013,5.000
30.000,1731.000,57.700,344.524,421.158,0.000,90.000,0.001,-0.017,7.785,18.000,0.000,614.000,469.000,5.000,0.000,0.000,0.000,0.100,0.000,0.000,0.900,0.000,2.000,10.682,-0.017,-0.017,5.000
30.000,1732.000,57.733,344.417,421.156,0.000,90.000,0.001,-0.017,7.785,18.000,0.000,614.000,469.000,5.000,0.000,0.000,0.000,0.100,0.000,0.000,0.900,0.000,2.000,10.682,-0.017,-0.017,5.000
30.000,1733.000,57.767,344.267,421.274,0.000,90.000,0.001,-0.017,7.785,18.000,0.000,614.000,469.000,5.000,0.000,0.000,0.000,0.100,0.000,0.000,0.900,0.000,2.000,10.682,-0.017,-0.017,5.000
30.000,1734.000,57.800,344.254,421.316,0.000,90.000,0.001,-0.017,7.785,18.000,0.000,614.000,469.000,5.000,0.000,0.000,0.000,0.100,0.000,0.000,0.900,0.000,2.000,10.682,-0.017,-0.017,5.000
30.000,1735.000,57.833,344.092,421.439,0.000,90.000,0.001,-0.017,7.785,18.000,0.000,614.000,469.000,5.000,0.000,0.000,0.000,0.100,0.000,0.000,0.900,0.000,2.000,10.682,-0.017,-0.017,5.000
30.000,1736.000,57.867,344.137,421.423,0.000,90.000,0.001,-0.017,7.785,18.000,0.000,614.000,469.000,5.000,0.000,0.000,0.000,0.100,0.000,0.000,0.900,0.000,2.000,10.682,-0.017,-0.017,5.000
30.000,1737.000,57.900,344.111,421.562,0.000,90.000,0.001,-0.007,7.785,18.000,0.000,614.000,469.000,5.000,0.000,0.000,0.000,0.100,0.000,0.000,0.900,0.000,2.000,5.074,-0.007,-0.007,5.000
30.000,1738.000,57.933,343.854,421.470,0.000,90.000,0.001,-0.007,7.785,18.000,0.000,614.000,469.000,5.000,0.000,0.000,0.000,0.100,0.000,0.000,0.900,0.000,2.000,5.074,-0.007,-0.007,5.000
30.000,1739.000,57.967,343.800,421.574,0.000,90.000,0.001,-0.007,7.785,18.000,0.000,614.000,469.000,5.000,0.000,0.000,0.000,0.100,0.000,0.000,0.900,0.000,2.000,5.074,-0.007,-0.007,5.000
30.000,1740.000,58.000,343.854,421.680,0.000,90.000,0.001,-0.007,7.785,18.000,0.000,614.000,469.000,5.000,0.000,0.000,0.000,0.100,0.000,0.000,0.900,0.000,2.000,5.074,-0.007,-0.007,5.000
30.000,1741.000,58.033,343.776,421.622,0.000,90.000,0.001,-0.007,7.785,18.000,0.000,614.000,469.000,5.000,0.000,0.000,0.000,0.100,0.000,0.000,0.900,0.000,2.000,5.074,-0.007,-0.007,5.000
30.000,1742.000,58.067,343.430,421.600,0.000,90.000,0.001,-0.007,7.785,18.000,0.000,614.000,469.000,5.000,0.000,0.000,0.000,0.100,0.000,0.000,0.900,0.000,2.000,5.074,-0.007,-0.007,5.000
30.000,1743.000,58.100,343.494,421.671,0.000,90.000,0.001,-0.004,7.785,18.000,0.000,614.000,469.000,5.000,0.000,0.000,0.000,0.100,0.000,0.000,0.900,0.000,2.000,3.499,-0.004,-0.004,5.000
30.000,1744.000,58.133,343.495,421.756,0.000,90.000,0.001,-0.004,7.785,18.000,0.000,614.000,469.000,5.000,0.000,0.000,0.000,0.100,0.000,0.000,0.900,0.000,2.000,3.499,-0.004,-0.004,5.000
30.000,1745.000,58.167,343.322,421.979,0.000,90.000,0.001,-0.004,7.785,18.000,0.000,614.000,469.000,5.000,0.000,0.000,0.000,0.100,0.000,0.000,0.900,0.000,2.000,3.499,-0.004,-0.004,5.000
30.000,1746.000,58.200,343.282,422.130,0.000,90.000,0.001,-0.004,7.785,18.000,0.000,614.000,469.000,5.000,0.000,0.000,0.000,0.100,0.000,0.000,0.900,0.000,2.000,3.499,-0.004,-0.004,5.000
30.000,1747.000,58.233,343.322,422.492,0.000,90.000,0.001,-0.004,7.785,18.000,0.000,614.000,469.000,5.000,0.000,0.000,0.000,0.100,0.000,0.000,0.900,0.000,2.000,3.499,-0.004,-0.004,5.000
30.000,1748.000,58.267,343.039,422.569,0.000,90.000,0.001,-0.004,7.785,18.000,0.000,614.000,469.000,5.000,0.000,0.000,0.000,0.100,0.000,0.000,0.900,0.000,2.000,3.499,-0.004,-0.004,5.000
30.000,1749.000,58.300,342.981,422.916,0.000,90.000,0.001,-0.017,7.785,18.000,0.000,614.000,469.000,5.000,0.000,0.000,0.000,0.100,0.000,0.000,0.900,0.000,2.000,9.422,-0.017,-0.017,5.000
30.000,1750.000,58.333,342.505,423.031,0.000,90.000,0.001,-0.017,7.785,18.000,0.000,614.000,469.000,5.000,0.000,0.000,0.000,0.100,0.000,0.000,0.900,0.000,2.000,9.422,-0.017,-0.017,5.000
30.000,1751.000,58.367,342.361,423.074,0.000,90.000,0.001,-0.017,7.785,18.000,0.000,614.000,469.000,5.000,0.000,0.000,0.000,0.100,0.000,0.000,0.900,0.000,2.000,9.422,-0.017,-0.017,5.000
30.000,1752.000,58.400,342.439,423.153,0.000,90.000,0.001,-0.017,7.785,18.000,0.000,614.000,469.000,5.000,0.000,0.000,0.000,0.100,0.000,0.000,0.900,0.000,2.000,9.422,-0.017,-0.017,5.000
30.000,1753.000,58.433,342.295,423.345,0.000,90.000,0.001,-0.017,7.785,18.000,0.000,614.000,469.000,5.000,0.000,0.000,0.000,0.100,0.000,0.000,0.900,0.000,2.000,9.422,-0.017,-0.017,5.000
30.000,1754.000,58.467,341.823,423.496,0.000,90.000,0.001,-0.017,7.785,18.000,0.000,614.000,469.000,5.000,0.000,0.000,0.000,0.100,0.000,0.000,0.900,0.000,2.000,9.422,-0.017,-0.017,5.000
30.000,1755.000,58.500,341.901,423.397,0.000,90.000,0.001,-0.018,7.785,18.000,0.000,614.000,469.000,5.000,0.000,0.000,0.000,0.100,0.000,0.000,0.900,0.000,2.000,12.819,-0.018,-0.018,5.000
30.010,1756.000,58.514,341.789,423.460,0.000,90.000,0.001,-0.018,7.785,18.000,0.000,614.000,469.000,5.000,0.000,0.000,0.000,0.100,0.000,0.000,0.900,0.000,2.000,12.819,-0.018,-0.018,5.000
30.010,1757.000,58.548,341.498,423.486,0.000,90.000,0.001,-0.018,7.785,18.000,0.000,614.000,469.000,5.000,0.000,0.000,0.000,0.100,0.000,0.000,0.900,0.000,2.000,12.819,-0.018,-0.018,5.000
30.010,1758.000,58.581,341.261,423.616,0.000,90.000,0.001,-0.018,7.785,18.000,0.000,614.000,469.000,5.000,0.000,0.000,0.000,0.100,0.000,0.000,0.900,0.000,2.000,12.819,-0.018,-0.018,5.000
30.010,1759.000,58.614,341.026,423.811,0.000,90.000,0.001,-0.018,7.785,18.000,0.000,614.000,469.000,5.000,0.000,0.000,0.000,0.100,0.000,0.000,0.900,0.000,2.000,12.819,-0.018,-0.018,5.000
30.010,1760.000,58.648,341.134,423.969,0.000,90.000,0.001,-0.018,7.785,18.000,0.000,614.000,469.000,5.000,0.000,0.000,0.000,0.100,0.000,0.000,0.900,0.000,2.000,12.819,-0.018,-0.018,5.000
30.010,1761.000,58.681,340.751,424.002,0.000,90.000,0.001,-0.012,7.785,18.000,0.000,614.000,469.000,5.000,0.000,0.000,0.000,0.100,0.000,0.000,0.900,0.000,2.000,12.976,-0.012,-0.012,5.000
30.010,1762.000,58.714,340.297,423.981,0.000,90.000,0.001,-0.012,7.785,18.000,0.000,614.000,469.000,5.000,0.000,0.000,0.000,0.100,0.000,0.000,0.900,0.000,2.000,12.976,-0.012,-0.012,5.000
30.010,1763.000,58.748,340.236,424.174,0.000,90.000,0.001,-0.012,7.785,18.000,0.000,614.000,469.000,5.000,0.000,0.000,0.000,0.100,0.000,0.000,0.900,0.000,2.000,12.976,-0.012,-0.012,5.000
30.010,1764.000,58.781,339.513,424.180,0.000,90.000,0.001,-0.012,7.785,18.000,0.000,614.000,469.000,5.000,0.000,0.000,0.000,0.100,0.000,0.000,0.900,0.000,2.000,12.976,-0.012,-0.012,5.000
30.010,1765.000,58.814,339.198,424.427,0.000,90.000,0.001,-0.012,7.785,18.000,0.000,614.000,469.000,5.000,0.000,0.000,0.000,0.100,0.000,0.000,0.900,0.000,2.000,12.976,-0.012,-0.012,5.000
30.010,1766.000,58.848,339.062,424.567,0.000,90.000,0.001,-0.012,7.785,18.000,0.000,614.000,469.000,5.000,0.000,0.000,0.000,0.100,0.000,0.000,0.900,0.000,2.000,12.976,-0.012,-0.012,5.000
30.010,1767.000,58.881,338.836,424.582,0.000,90.000,0.001,-0.016,7.785,18.000,0.000,614.000,469.000,5.000,0.000,0.000,0.000,0.100,0.000,0.000,0.900,0.000,2.000,18.523,-0.016,-0.016,5.000
30.010,1768.000,58.914,338.424,424.895,0.000,90.000,0.001,-0.016,7.785,18.000,0.000,614.000,469.000,5.000,0.000,0.000,0.000,0.100,0.000,0.000,0.900,0.000,2.000,18.523,-0.016,-0.016,5.000
30.010,1769.000,58.948,338.429,425.193,0.000,90.000,0.001,-0.016,7.785,18.000,0.000,614.000,469.000,5.000,0.000,0.000,0.000,0.100,0.000,0.000,0.900,0.000,2.000,18.523,-0.016,-0.016,5.000
30.010,1770.000,58.981,338.442,425.373,0.000,90.000,0.001,-0.016,7.785,18.000,0.000,614.000,469.000,5.000,0.000,0.000,0.000,0.100,0.000,0.000,0.900,0.000,2.000,18.523,-0.016,-0.016,5.000
30.010,1771.000,59.014,338.413,425.202,0.000,90.000,0.001,-0.016,7.785,18.000,0.000,614.000,469.000,5.000,0.000,0.000,0.000,0.100,0.000,0.000,0.900,0.000,2.000,18.523,-0.016,-0.016,5.000
30.010,1772.000,59.048,338.390,425.321,0.000,90.000,0.001,-0.016,7.785,18.000,0.000,614.000,469.000,5.000,0.000,0.000,0.000,0.100,0.000,0.000,0.900,0.000,2.000,18.523,-0.016,-0.016,5.000
30.010,1773.000,59.081,337.931,425.579,0.000,90.000,0.001,-0.016,7.785,18.000,0.000,614.000,469.000,5.000,0.000,0.000,0.000,0.100,0.000,0.000,0.900,0.000,2.000,10.588,-0.016,-0.016,5.000
30.010,1774.000,59.114,337.552,425.537,0.000,90.000,0.001,-0.016,7.785,18.000,0.000,614.000,469.000,5.000,0.000,0.000,0.000,0.100,0.000,0.000,0.900,0.000,2.000,10.588,-0.016,-0.016,5.000
30.010,1775.000,59.148,337.713,425.957,0.000,90.000,0.001,-0.016,7.785,18.000,0.000,614.000,469.000,5.000,0.000,0.000,0.000,0.100,0.000,0.000,0.900,0.000,2.000,10.588,-0.016,-0.016,5.000
30.010,1776.000,59.181,337.506,425.988,0.000,90.000,0.001,-0.016,7.785,18.000,0.000,614.000,469.000,5.000,0.000,0.000,0.000,0.100,0.000,0.000,0.900,0.000,2.000,10.588,-0.016,-0.016,5.000
30.010,1777.000,59.214,337.547,425.908,0.000,90.000,0.001,-0.016,7.785,18.000,0.000,614.000,469.000,5.000,0.000,0.000,0.000,0.100,0.000,0.000,0.900,0.000,2.000,10.588,-0.016,-0.016,5.000
30.010,1778.000,59.248,337.355,425.943,0.000,90.000,0.001,-0.016,7.785,18.000,0.000,614.000,469.000,5.000,0.000,0.000,0.000,0.100,0.000,0.000,0.900,0.000,2.000,10.588,-0.016,-0.016,5.000
30.010,1779.000,59.281,337.210,425.811,0.000,90.000,0.001,-0.015,7.785,18.000,0.000,614.000,469.000,5.000,0.000,0.000,0.000,0.100,0.000,0.000,0.900,0.000,2.000,10.724,-0.015,-0.015,5.000
30.010,1780.000,59.314,337.368,426.201,0.000,90.000,0.001,-0.015,7.785,18.000,0.000,614.000,469.000,5.000,0.000,0.000,0.000,0.100,0.000,0.000,0.900,0.000,2.000,10.724,-0.015,-0.015,5.000
30.010,1781.000,59.348,337.108,426.417,0.000,90.000,0.001,-0.015,7.785,18.000,0.000,614.000,469.000,5.000,0.000,0.000,0.000,0.100,0.000,0.000,0.900,0.000,2.000,10.724,-0.015,-0.015,5.000
30.010,1782.000,59.381,337.069,426.220,0.000,90.000,0.001,-0.015,7.785,18.000,0.000,614.000,469.000,5.000,0.000,0.000,0.000,0.100,0.000,0.000,0.900,0.000,2.000,10.724,-0.015,-0.015,5.000
30.010,1783.000,59.414,336.971,426.417,0.000,90.000,0.001,-0.015,7.785,18.000,0.000,614.000,469.000,5.000,0.000,0.000,0.000,0.100,0.000,0.000,0.900,0.000,2.000,10.724,-0.015,-0.015,5.000
30.010,1784.000,59.447,336.703,426.289,0.000,90.000,0.001,-0.015,7.785,18.000,0.000,614.000,469.000,5.000,0.000,0.000,0.000,0.100,0.000,0.000,0.900,0.000,2.000,10.724,-0.015,-0.015,5.000
30.010,1785.000,59.481,336.337,426.581,0.000,90.000,0.001,-0.011,7.785,18.000,0.000,614.000,469.000,5.000,0.000,0.000,0.000,0.100,0.000,0.000,0.900,0.000,2.000,7.380,-0.011,-0.011,5.000
30.000,1786.000,59.533,336.058,426.682,0.000,90.000,0.001,-0.011,7.785,18.000,0.000,614.000,469.000,5.000,0.000,0.000,0.000,0.100,0.000,0.000,0.900,0.000,2.000,7.380,-0.011,-0.011,5.000
30.000,1787.000,59.567,336.031,426.780,0.000,90.000,0.001,-0.011,7.785,18.000,0.000,614.000,469.000,5.000,0.000,0.000,0.000,0.100,0.000,0.000,0.900,0.000,2.000,7.380,-0.011,-0.011,5.000
30.000,1788.000,59.600,335.900,426.851,0.000,90.000,0.001,-0.011,7.785,18.000,0.000,614.000,469.000,5.000,0.000,0.000,0.000,0.100,0.000,0.000,0.900,0.000,2.000,7.380,-0.011,-0.011,5.000
30.000,1789.000,59.633,335.823,427.041,0.000,90.000,0.001,-0.011,7.785,18.000,0.000,614.000,469.000,5.000,0.000,0.000,0.000,0.100,0.000,0.000,0.900,0.000,2.000,7.380,-0.011,-0.011,5.000
30.000,1790.000,59.667,335.477,427.102,0.000,90.000,0.001,-0.011,7.785,18.000,0.000,614.000,469.000,5.000,0.000,0.000,0.000,0.100,0.000,0.000,0.900,0.000,2.000,7.380,-0.011,-0.011,5.000
30.000,1791.000,59.700,335.414,427.199,0.000,90.000,0.001,-0.014,7.785,18.000,0.000,614.000,469.000,5.000,0.000,0.000,0.000,0.100,0.000,0.000,0.900,0.000,2.000,12.544,-0.014,-0.014,5.000
30.000,1792.000,59.733,335.391,427.434,0.000,90.000,0.001,-0.014,7.785,18.000,0.000,614.000,469.000,5.000,0.000,0.000,0.000,0.100,0.000,0.000,0.900,0.000,2.000,12.544,-0.014,-0.014,5.000
30.000,1793.000,59.767,335.225,427.319,0.000,90.000,0.001,-0.014,7.785,18.000,0.000,614.000,469.000,5.000,0.000,0.000,0.000,0.100,0.000,0.000,0.900,0.000,2.000,12.544,-0.014,-0.014,5.000
30.000,1794.000,59.800,334.653,427.398,0.000,90.000,0.001,-0.014,7.785,18.000,0.000,614.000,469.000,5.000,0.000,0.000,0.000,0.100,0.000,0.000,0.900,0.000,2.000,12.544,-0.014,-0.014,5.000
30.000,1795.000,59.833,334.613,427.680,0.000,90.000,0.001,-0.014,7.785,18.000,0.000,614.000,469.000,5.000,0.000,0.000,0.000,0.100,0.000,0.000,0.900,0.000,2.000,12.544,-0.014,-0.014,5.000
30.000,1796.000,59.867,334.512,427.570,0.000,90.000,0.001,-0.014,7.785,18.000,0.000,614.000,469.000,5.000,0.000,0.000,0.000,0.100,0.000,0.000,0.900,0.000,2.000,12.544,-0.014,-0.014,5.000
30.000,1797.000,59.900,334.378,427.677,0.000,90.000,0.001,-0.014,7.785,18.000,0.000,614.000,469.000,5.000,0.000,0.000,0.000,0.100,0.000,0.000,0.900,0.000,2.000,13.139,-0.014,-0.014,5.000
30.000,1798.000,59.933,334.296,427.788,0.000,90.000,0.001,-0.014,7.785,18.000,0.000,614.000,469.000,5.000,0.000,0.000,0.000,0.100,0.000,0.000,0.900,0.000,2.000,13.139,-0.014,-0.014,5.000
30.000,1799.000,59.967,334.164,427.746,0.000,90.000,0.001,-0.014,7.785,18.000,0.000,614.000,469.000,5.000,0.000,0.000,0.000,0.100,0.000,0.000,0.900,0.000,2.000,13.139,-0.014,-0.014,5.000
30.000,1800.000,60.000,334.100,427.715,0.000,90.000,0.001,-0.014,7.785,18.000,0.000,614.000,469.000,5.000,0.000,0.000,0.000,0.100,0.000,0.000,0.900,0.000,2.000,13.139,-0.014,-0.014,5.000
30.000,1801.000,60.033,334.005,427.607,0.000,90.000,0.001,-0.014,7.785,18.000,0.000,614.000,469.000,5.000,0.000,0.000,0.000,0.100,0.000,0.000,0.900,0.000,2.000,13.139,-0.014,-0.014,5.000
30.000,1802.000,60.067,333.480,427.667,0.000,90.000,0.001,-0.014,7.785,18.000,0.000,614.000,469.000,5.000,0.000,0.000,0.000,0.100,0.000,0.000,0.900,0.000,2.000,13.139,-0.014,-0.014,5.000
30.000,1803.000,60.100,333.464,427.524,0.000,90.000,0.001,-0.000,7.785,18.000,0.000,614.000,469.000,5.000,0.000,0.000,0.000,0.100,0.000,0.000,0.900,0.000,2.000,5.884,-0.000,-0.000,5.000
30.000,1804.000,60.133,333.300,427.567,0.000,90.000,0.001,-0.000,7.785,18.000,0.000,614.000,469.000,5.000,0.000,0.000,0.000,0.100,0.000,0.000,0.900,0.000,2.000,5.884,-0.000,-0.000,5.000
30.000,1805.000,60.167,333.002,427.530,0.000,90.000,0.001,-0.000,7.785,18.000,0.000,614.000,469.000,5.000,0.000,0.000,0.000,0.100,0.000,0.000,0.900,0.000,2.000,5.884,-0.000,-0.000,5.000
30.000,1806.000,60.200,333.000,427.526,0.000,90.000,0.001,-0.000,7.785,18.000,0.000,614.000,469.000,5.000,0.000,0.000,0.000,0.100,0.000,0.000,0.900,0.000,2.000,5.884,-0.000,-0.000,5.000
30.000,1807.000,60.233,332.725,427.490,0.000,90.000,0.001,-0.000,7.785,18.000,0.000,614.000,469.000,5.000,0.000,0.000,0.000,0.100,0.000,0.000,0.900,0.000,2.000,5.884,-0.000,-0.000,5.000
30.000,1808.000,60.267,332.525,427.458,0.000,90.000,0.001,-0.000,7.785,18.000,0.000,614.000,469.000,5.000,0.000,0.000,0.000,0.100,0.000,0.000,0.900,0.000,2.000,5.884,-0.000,-0.000,5.000
30.000,1809.000,60.300,332.405,427.888,0.000,90.000,0.001,-0.001,7.785,18.000,0.000,614.000,469.000,5.000,0.000,0.000,0.000,0.100,0.000,0.000,0.900,0.000,2.000,12.338,-0.001,-0.001,5.000
30.000,1810.000,60.333,332.232,427.862,0.000,90.000,0.001,-0.001,7.785,18.000,0.000,614.000,469.000,5.000,0.000,0.000,0.000,0.100,0.000,0.000,0.900,0.000,2.000,12.338,-0.001,-0.001,5.000
30.000,1811.000,60.367,331.833,428.085,0.000,90.000,0.001,-0.001,7.785,18.000,0.000,614.000,469.000,5.000,0.000,0.000,0.000,0.100,0.000,0.000,0.900,0.000,2.000,12.338,-0.001,-0.001,5.000
30.000,1812.000,60.400,331.489,428.124,0.000,90.000,0.001,-0.001,7.785,18.000,0.000,614.000,469.000,5.000,0.000,0.000,0.000,0.100,0.000,0.000,0.900,0.000,2.000,12.338,-0.001,-0.001,5.000
30.000,1813.000,60.433,331.683,428.206,0.000,90.000,0.001,-0.001,7.785,18.000,0.000,614.000,469.000,5.000,0.000,0.000,0.000,0.100,0.000,0.000,0.900,0.000,2.000,12.338,-0.001,-0.001,5.000
30.000,1814.000,60.467,331.560,428.281,0.000,90.000,0.001,-0.001,7.785,18.000,0.000,614.000,469.000,5.000,0.000,0.000,0.000,0.100,0.000,0.000,0.900,0.000,2.000,12.338,-0.001,-0.001,5.000
30.000,1815.000,60.500,331.663,428.482,0.000,90.000,0.001,-0.015,7.785,18.000,0.000,614.000,469.000,5.000,0.000,0.000,0.000,0.100,0.000,0.000,0.900,0.000,2.000,12.130,-0.015,-0.015,5.000
29.970,1816.000,60.594,331.829,428.627,0.000,90.000,0.001,-0.015,7.785,18.000,0.000,614.000,469.000,5.000,0.000,0.000,0.000,0.100,0.000,0.000,0.900,0.000,2.000,12.130,-0.015,-0.015,5.000
29.970,1817.000,60.627,331.739,428.598,0.000,90.000,0.001,-0.015,7.785,18.000,0.000,614.000,469.000,5.000,0.000,0.000,0.000,0.100,0.000,0.000,0.900,0.000,2.000,12.130,-0.015,-0.015,5.000
29.970,1818.000,60.661,331.436,428.566,0.000,90.000,0.001,-0.015,7.785,18.000,0.000,614.000,469.000,5.000,0.000,0.000,0.000,0.100,0.000,0.000,0.900,0.000,2.000,12.130,-0.015,-0.015,5.000
29.970,1819.000,60.694,331.180,428.550,0.000,90.000,0.001,-0.015,7.785,18.000,0.000,614.000,469.000,5.000,0.000,0.000,0.000,0.100,0.000,0.000,0.900,0.000,2.000,12.130,-0.015,-0.015,5.000
29.970,1820.000,60.727,331.106,428.607,0.000,90.000,0.001,-0.015,7.785,18.000,0.000,614.000,469.000,5.000,0.000,0.000,0.000,0.100,0.000,0.000,0.900,0.000,2.000,12.130,-0.015,-0.015,5.000
29.970,1821.000,60.761,331.220,428.588,0.000,90.000,0.001,-0.007,7.785,18.000,0.000,614.000,469.000,5.000,0.000,0.000,0.000,0.100,0.000,0.000,0.900,0.000,2.000,5.854,-0.007,-0.007,5.000
29.970,1822.000,60.794,331.079,428.755,0.000,90.000,0.001,-0.007,7.785,18.000,0.000,614.000,469.000,5.000,0.000,0.000,0.000,0.100,0.000,0.000,0.900,0.000,2.000,5.854,-0.007,-0.007,5.000
29.970,1823.000,60.827,330.857,428.803,0.000,90.000,0.001,-0.007,7.785,18.000,0.000,614.000,469.000,5.000,0.000,0.000,0.000,0.100,0.000,0.000,0.900,0.000,2.000,5.854,-0.007,-0.007,5.000
29.970,1824.000,60.861,330.540,429.106,0.000,90.000,0.001,-0.007,7.785,18.000,0.000,614.000,469.000,5.000,0.000,0.000,0.000,0.100,0.000,0.000,0.900,0.000,2.000,5.854,-0.007,-0.007,5.000
29.970,1825.000,60.894,330.504,429.205,0.000,90.000,0.001,-0.007,7.785,18.000,0.000,614.000,469.000,5.000,0.000,0.000,0.000,0.100,0.000,0.000,0.900,0.000,2.000,5.854,-0.007,-0.007,5.000
29.970,1826.000,60.928,330.500,429.498,0.000,90.000,0.001,-0.007,7.785,18.000,0.000,614.000,469.000,5.000,0.000,0.000,0.000,0.100,0.000,0.000,0.900,0.000,2.000,5.854,-0.007,-0.007,5.000
29.970,1827.000,60.961,330.487,429.576,0.000,90.000,0.001,-0.013,7.785,18.000,0.000,614.000,469.000,5.000,0.000,0.000,0.000,0.100,0.000,0.000,0.900,0.000,2.000,9.040,-0.013,-0.013,5.000
29.970,1828.000,60.994,330.266,429.843,0.000,90.000,0.001,-0.013,7.785,18.000,0.000,614.000,469.000,5.000,0.000,0.000,0.000,0.100,0.000,0.000,0.900,0.000,2.000,9.040,-0.013,-0.013,5.000
29.970,1829.000,61.028,330.094,429.667,0.000,90.000,0.001,-0.013,7.785,18.000,0.000,614.000,469.000,5.000,0.000,0.000,0.000,0.100,0.000,0.000,0.900,0.000,2.000,9.040,-0.013,-0.013,5.000
29.970,1830.000,61.061,330.128,429.767,0.000,90.000,0.001,-0.013,7.785,18.000,0.000,614.000,469.000,5.000,0.000,0.000,0.000,0.100,0.000,0.000,0.900,0.000,2.000,9.040,-0.013,-0.013,5.000
29.970,1831.000,61.094,329.848,429.914,0.000,90.000,0.001,-0.013,7.785,18.000,0.000,614.000,469.000,5.000,0.000,0.000,0.000,0.100,0.000,0.000,0.900,0.000,2.000,9.040,-0.013,-0.013,5.000
29.970,1832.000,61.128,329.688,429.960,0.000,90.000,0.001,-0.013,7.785,18.000,0.000,614.000,469.000,5.000,0.000,0.000,0.000,0.100,0.000,0.000,0.900,0.000,2.000,9.040,-0.013,-0.013,5.000
29.970,1833.000,61.161,329.903,430.045,0.000,90.000,0.001,-0.014,7.785,18.000,0.000,614.000,469.000,5.000,0.000,0.000,0.000,0.100,0.000,0.000,0.900,0.000,2.000,9.273,-0.014,-0.014,5.000
29.970,1834.000,61.194,329.672,430.230,0.000,90.000,0.001,-0.014,7.785,18.000,0.000,614.000,469.000,5.000,0.000,0.000,0.000,0.100,0.000,0.000,0.900,0.000,2.000,9.273,-0.014,-0.014,5.000
29.970,1835.000,61.228,329.348,430.154,0.000,90.000,0.001,-0.014,7.785,18.000,0.000,614.000,469.000,5.000,0.000,0.000,0.000,0.100,0.000,0.000,0.900,0.000,2.000,9.273,-0.014,-0.014,5.000
29.970,1836.000,61.261,329.097,430.083,0.000,90.000,0.001,-0.014,7.785,18.000,0.000,614.000,469.000,5.000,0.000,0.000,0.000,0.100,0.000,0.000,0.900,0.000,2.000,9.273,-0.014,-0.014,5.000
29.970,1837.000,61.295,328.875,430.216,0.000,90.000,0.001,-0.014,7.785,18.000,0.000,614.000,469.000,5.000,0.000,0.000,0.000,0.100,0.000,0.000,0.900,0.000,2.000,9.273,-0.014,-0.014,5.000
29.970,1838.000,61.328,328.876,430.164,0.000,90.000,0.001,-0.014,7.785,18.000,0.000,614.000,469.000,5.000,0.000,0.000,0.000,0.100,0.000,0.000,0.900,0.000,2.000,9.273,-0.014,-0.014,5.000
29.970,1839.000,61.361,328.598,430.352,0.000,90.000,0.001,-0.008,7.785,18.000,0.000,614.000,469.000,5.000,0.000,0.000,0.000,0.100,0.000,0.000,0.900,0.000,2.000,9.775,-0.008,-0.008,5.000
29.970,1840.000,61.395,328.439,430.219,0.000,90.000,0.001,-0.008,7.785,18.000,0.000,614.000,469.000,5.000,0.000,0.000,0.000,0.100,0.000,0.000,0.900,0.000,2.000,9.775,-0.008,-0.008,5.000
29.970,1841.000,61.428,328.334,430.517,0.000,90.000,0.001,-0.008,7.785,18.000,0.000,614.000,469.000,5.000,0.000,0.000,0.000,0.100,0.000,0.000,0.900,0.000,2.000,9.775,-0.008,-0.008,5.000
29.970,1842.000,61.461,328.133,430.602,0.000,90.000,0.001,-0.008,7.785,18.000,0.000,614.000,469.000,5.000,0.000,0.000,0.000,0.100,0.000,0.000,0.900,0.000,2.000,9.775,-0.008,-0.008,5.000
29.970,1843.000,61.495,328.174,430.545,0.000,90.000,0.001,-0.008,7.785,18.000,0.000,614.000,469.000,5.000,0.000,0.000,0.000,0.100,0.000,0.000,0.900,0.000,2.000,9.775,-0.008,-0.008,5.000
29.970,1844.000,61.528,328.031,430.559,0.000,90.000,0.001,-0.008,7.785,18.000,0.000,614.000,469.000,5.000,0.000,0.000,0.000,0.100,0.000,0.000,0.900,0.000,2.000,9.775,-0.008,-0.008,5.000
29.970,1845.000,61.562,328.093,430.752,0.000,90.000,0.001,-0.007,7.785,18.000,0.000,614.000,469.000,5.000,0.000,0.000,0.000,0.100,0.000,0.000,0.900,0.000,2.000,7.431,-0.007,-0.007,5.000
29.970,1846.000,61.595,327.974,430.703,0.000,90.000,0.001,-0.007,7.785,18.000,0.000,614.000,469.000,5.000,0.000,0.000,0.000,0.100,0.000,0.000,0.900,0.000,2.000,7.431,-0.007,-0.007,5.000
30.010,1847.000,61.547,327.910,431.048,0.000,90.000,0.001,-0.007,7.785,18.000,0.000,614.000,469.000,5.000,0.000,0.000,0.000,0.100,0.000,0.000,0.900,0.000,2.000,7.431,-0.007,-0.007,5.000
30.010,1848.000,61.580,327.746,431.332,0.000,90.000,0.001,-0.007,7.785,18.000,0.000,614.000,469.000,5.000,0.000,0.000,0.000,0.100,0.000,0.000,0.900,0.000,2.000,7.431,-0.007,-0.007,5.000
30.010,1849.000,61.613,327.828,431.456,0.000,90.000,0.001,-0.007,7.785,18.000,0.000,614.000,469.000,5.000,0.000,0.000,0.000,0.100,0.000,0.000,0.900,0.000,2.000,7.431,-0.007,-0.007,5.000
30.010,1850.000,61.647,327.964,431.528,0.000,90.000,0.001,-0.007,7.785,18.000,0.000,614.000,469.000,5.000,0.000,0.000,0.000,0.100,0.000,0.000,0.900,0.000,2.000,7.431,-0.007,-0.007,5.000
30.010,1851.000,61.680,328.132,431.576,0.000,90.000,0.001,-0.016,7.785,18.000,0.000,614.000,469.000,5.000,0.000,0.000,0.000,0.100,0.000,0.000,0.900,0.000,2.000,9.356,-0.016,-0.016,5.000
30.010,1852.000,61.713,328.046,431.605,0.000,90.000,0.001,-0.016,7.785,18.000,0.000,614.000,469.000,5.000,0.000,0.000,0.000,0.100,0.000,0.000,0.900,0.000,2.000,9.356,-0.016,-0.016,5.000
30.010,1853.000,61.747,327.923,431.635,0.000,90.000,0.001,-0.016,7.785,18.000,0.000,614.000,469.000,5.000,0.000,0.000,0.000,0.100,0.000,0.000,0.900,0.000,2.000,9.356,-0.016,-0.016,5.000
30.010,1854.000,61.780,327.487,431.616,0.000,90.000,0.001,-0.016,7.785,18.000,0.000,614.000,469.000,5.000,0.000,0.000,0.000,0.100,0.000,0.000,0.900,0.000,2.000,9.356,-0.016,-0.016,5.000
30.010,1855.000,61.813,327.424,431.640,0.000,90.000,0.001,-0.016,7.785,18.000,0.000,614.000,469.000,5.000,0.000,0.000,0.000,0.100,0.000,0.000,0.900,0.000,2.000,9.356,-0.016,-0.016,5.000
30.010,1856.000,61.847,327.447,431.924,0.000,180.000,0.001,-0.016,7.785,18.000,0.000,614.000,469.000,5.000,0.000,0.000,0.000,0.100,0.000,0.000,0.900,0.000,2.000,9.356,-0.016,-0.016,5.000
30.010,1857.000,61.880,327.560,431.988,0.000,180.000,0.001,-0.004,7.785,18.000,0.000,614.000,469.000,5.000,0.000,0.000,0.000,0.100,0.000,0.000,0.900,0.000,2.000,4.261,-0.004,-0.004,5.000
30.010,1858.000,61.913,327.634,432.114,0.000,180.000,0.001,-0.004,7.785,18.000,0.000,614.000,469.000,5.000,0.000,0.000,0.000,0.100,0.000,0.000,0.900,0.000,2.000,4.261,-0.004,-0.004,5.000
30.010,1859.000,61.947,327.568,432.153,0.000,180.000,0.001,-0.004,7.785,18.000,0.000,614.000,469.000,5.000,0.000,0.000,0.000,0.100,0.000,0.000,0.900,0.000,2.000,4.261,-0.004,-0.004,5.000
30.010,1860.000,61.980,327.538,432.291,0.000,180.000,0.001,-0.004,7.785,18.000,0.000,614.000,469.000,5.000,0.000,0.000,0.000,0.100,0.000,0.000,0.900,0.000,2.000,4.261,-0.004,-0.004,5.000
30.010,1861.000,62.013,327.762,432.686,0.000,180.000,0.001,-0.004,7.785,18.000,0.000,614.000,469.000,5.000,0.000,0.000,0.000,0.100,0.000,0.000,0.900,0.000,2.000,4.261,-0.004,-0.004,5.000
30.010,1862.000,62.047,327.683,432.799,0.000,180.000,0.001,-0.004,7.785,18.000,0.000,614.000,469.000,5.000,0.000,0.000,0.000,0.100,0.000,0.000,0.900,0.000,2.000,4.261,-0.004,-0.004,5.000
30.010,1863.000,62.080,327.588,433.260,0.000,180.000,0.001,-0.017,7.785,18.000,0.000,614.000,469.000,5.000,0.000,0.000,0.000,0.100,0.000,0.000,0.900,0.000,2.000,10.554,-0.017,-0.017,5.000
30.010,1864.000,62.113,327.584,433.521,0.000,180.000,0.001,-0.017,7.785,18.000,0.000,614.000,469.000,5.000,0.000,0.000,0.000,0.100,0.000,0.000,0.900,0.000,2.000,10.554,-0.017,-0.017,5.000
30.010,1865.000,62.147,327.320,433.723,0.000,180.000,0.001,-0.017,7.785,18.000,0.000,614.000,469.000,5.000,0.000,0.000,0.000,0.100,0.000,0.000,0.900,0.000,2.000,10.554,-0.017,-0.017,5.000
30.010,1866.000,62.180,327.141,433.737,0.000,180.000,0.001,-0.017,7.785,18.000,0.000,614.000,469.000,5.000,0.000,0.000,0.000,0.100,0.000,0.000,0.900,0.000,2.000,10.554,-0.017,-0.017,5.000
30.010,1867.000,62.213,327.012,433.842,0.000,180.000,0.001,-0.017,7.785,18.000,0.000,614.000,469.000,5.000,0.000,0.000,0.000,0.100,0.000,0.000,0.900,0.000,2.000,10.554,-0.017,-0.017,5.000
30.010,1868.000,62.247,327.074,433.771,0.000,180.000,0.001,-0.017,7.785,18.000,0.000,614.000,469.000,5.000,0.000,0.000,0.000,0.100,0.000,0.000,0.900,0.000,2.000,10.554,-0.017,-0.017,5.000
30.010,1869.000,62.280,326.760,433.628,0.000,180.000,0.001,-0.021,7.785,18.000,0.000,614.000,469.000,5.000,0.000,0.000,0.000,0.100,0.000,0.000,0.900,0.000,2.000,13.225,-0.021,-0.021,5.000
30.010,1870.000,62.313,326.948,433.934,0.000,180.000,0.001,-0.021,7.785,18.000,0.000,614.000,469.000,5.000,0.000,0.000,0.000,0.100,0.000,0.000,0.900,0.000,2.000,13.225,-0.021,-0.021,5.000
30.010,1871.000,62.347,326.520,433.925,0.000,180.000,0.001,-0.021,7.785,18.000,0.000,614.000,469.000,5.000,0.000,0.000,0.000,0.100,0.000,0.000,0.900,0.000,2.000,13.225,-0.021,-0.021,5.000
30.010,1872.000,62.380,326.381,433.863,0.000,180.000,0.001,-0.021,7.785,18.000,0.000,614.000,469.000,5.000,0.000,0.000,0.000,0.100,0.000,0.000,0.900,0.000,2.000,13.225,-0.021,-0.021,5.000
30.010,1873.000,62.413,326.342,434.158,0.000,180.000,0.001,-0.021,7.785,18.000,0.000,614.000,469.000,5.000,0.000,0.000,0.000,0.100,0.000,0.000,0.900,0.000,2.000,13.225,-0.021,-0.021,5.000
30.010,1874.000,62.447,325.905,434.123,0.000,180.000,0.001,-0.021,7.785,18.000,0.000,614.000,469.000,5.000,0.000,0.000,0.000,0.100,0.000,0.000,0.900,0.000,2.000,13.225,-0.021,-0.021,5.000
30.010,1875.000,62.480,325.695,434.177,0.000,180.000,0.001,-0.007,7.785,18.000,0.000,614.000,469.000,5.000,0.000,0.000,0.000,0.100,0.000,0.000,0.900,0.000,2.000,7.110,-0.007,-0.007,5.000
30.010,1876.000,62.513,325.573,434.461,0.000,180.000,0.001,-0.007,7.785,18.000,0.000,614.000,469.000,5.000,0.000,0.000,0.000,0.100,0.000,0.000,0.900,0.000,2.000,7.110,-0.007,-0.007,5.000
30.000,1877.000,62.567,325.394,434.464,0.000,180.000,0.001,-0.007,7.785,18.000,0.000,614.000,469.000,5.000,0.000,0.000,0.000,0.100,0.000,0.000,0.900,0.000,2.000,7.110,-0.007,-0.007,5.000
30.000,1878.000,62.600,325.249,434.612,0.000,180.000,0.001,-0.007,7.785,18.000,0.000,614.000,469.000,5.000,0.000,0.000,0.000,0.100,0.000,0.000,0.900,0.000,2.000,7.110,-0.007,-0.007,5.000
30.000,1879.000,62.633,324.986,434.514,0.000,180.000,0.001,-0.007,7.785,18.000,0.000,614.000,469.000,5.000,0.000,0.000,0.000,0.100,0.000,0.000,0.900,0.000,2.000,7.110,-0.007,-0.007,5.000
30.000,1880.000,62.667,324.913,434.338,0.000,180.000,0.001,-0.007,7.785,18.000,0.000,614.000,469.000,5.000,0.000,0.000,0.000,0.100,0.000,0.000,0.900,0.000,2.000,7.110,-0.007,-0.007,5.000
30.000,1881.000,62.700,324.663,434.276,0.000,180.000,0.001,-0.009,7.785,18.000,0.000,614.000,469.000,5.000,0.000,0.000,0.000,0.100,0.000,0.000,0.900,0.000,2.000,13.466,-0.009,-0.009,5.000
30.000,1882.000,62.733,324.523,434.306,0.000,180.000,0.001,-0.009,7.785,18.000,0.000,614.000,469.000,5.000,0.000,0.000,0.000,0.100,0.000,0.000,0.900,0.000,2.000,13.466,-0.009,-0.009,5.000
30.000,1883.000,62.767,324.554,434.714,0.000,180.000,0.001,-0.009,7.785,18.000,0.000,614.000,469.000,5.000,0.000,0.000,0.000,0.100,0.000,0.000,0.900,0.000,2.000,13.466,-0.009,-0.009,5.000
30.000,1884.000,62.800,324.462,434.596,0.000,180.000,0.001,-0.009,7.785,18.000,0.000,614.000,469.000,5.000,0.000,0.000,0.000,0.100,0.000,0.000,0.900,0.000,2.000,13.466,-0.009,-0.009,5.000
30.000,1885.000,62.833,324.181,434.618,0.000,180.000,0.001,-0.009,7.785,18.000,0.000,614.000,469.000,5.000,0.000,0.000,0.000,0.100,0.000,0.000,0.900,0.000,2.000,13.466,-0.009,-0.009,5.000
30.000,1886.000,62.867,323.801,434.516,0.000,180.000,0.001,-0.009,7.785,18.000,0.000,614.000,469.000,5.000,0.000,0.000,0.000,0.100,0.000,0.000,0.900,0.000,2.000,13.466,-0.009,-0.009,5.000
30.000,1887.000,62.900,323.534,434.570,0.000,180.000,0.001,-0.003,7.785,18.000,0.000,614.000,469.000,5.000,0.000,0.000,0.000,0.100,0.000,0.000,0.900,0.000,2.000,7.783,-0.003,-0.003,5.000
30.000,1888.000,62.933,323.401,434.589,0.000,180.000,0.001,-0.003,7.785,18.000,0.000,614.000,469.000,5.000,0.000,0.000,0.000,0.100,0.000,0.000,0.900,0.000,2.000,7.783,-0.003,-0.003,5.000
30.000,1889.000,62.967,323.292,434.418,0.000,180.000,0.001,-0.003,7.785,18.000,0.000,614.000,469.000,5.000,0.000,0.000,0.000,0.100,0.000,0.000,0.900,0.000,2.000,7.783,-0.003,-0.003,5.000
30.000,1890.000,63.000,323.096,434.383,0.000,180.000,0.001,-0.003,7.785,18.000,0.000,614.000,469.000,5.000,0.000,0.000,0.000,0.100,0.000,0.000,0.900,0.000,2.000,7.783,-0.003,-0.003,5.000
30.000,1891.000,63.033,322.796,434.530,0.000,180.000,0.001,-0.003,7.785,18.000,0.000,614.000,469.000,5.000,0.000,0.000,0.000,0.100,0.000,0.000,0.900,0.000,2.000,7.783,-0.003,-0.003,5.000
30.000,1892.000,63.067,322.382,434.421,0.000,180.000,0.001,-0.003,7.785,18.000,0.000,614.000,469.000,5.000,0.000,0.000,0.000,0.100,0.000,0.000,0.900,0.000,2.000,7.783,-0.003,-0.003,5.000
30.000,1893.000,63.100,322.364,434.272,0.000,180.000,0.001,-0.001,7.785,18.000,0.000,614.000,469.000,5.000,0.000,0.000,0.000,0.100,0.000,0.000,0.900,0.000,2.000,13.325,-0.001,-0.001,5.000
30.000,1894.000,63.133,322.312,434.075,0.000,180.000,0.001,-0.001,7.785,18.000,0.000,614.000,469.000,5.000,0.000,0.000,0.000,0.100,0.000,0.000,0.900,0.000,2.000,13.325,-0.001,-0.001,5.000
30.000,1895.000,63.167,322.273,434.039,0.000,180.000,0.001,-0.001,7.785,18.000,0.000,614.000,469.000,5.000,0.000,0.000,0.000,0.100,0.000,0.000,0.900,0.000,2.000,13.325,-0.001,-0.001,5.000
30.000,1896.000,63.200,322.048,433.899,0.000,180.000,0.001,-0.001,7.785,18.000,0.000,614.000,469.000,5.000,0.000,0.000,0.000,0.100,0.000,0.000,0.900,0.000,2.000,13.325,-0.001,-0.001,5.000
30.000,1897.000,63.233,321.797,434.041,0.000,180.000,0.001,-0.001,7.785,18.000,0.000,614.000,469.000,5.000,0.000,0.000,0.000,0.100,0.000,0.000,0.900,0.000,2.000,13.325,-0.001,-0.001,5.000
30.000,1898.000,63.267,321.608,433.827,0.000,180.000,0.001,-0.001,7.785,18.000,0.000,614.000,469.000,5.000,0.000,0.000,0.000,0.100,0.000,0.000,0.900,0.000,2.000,13.325,-0.001,-0.001,5.000
30.000,1899.000,63.300,321.495,433.819,0.000,180.000,0.001,0.006,7.785,18.000,0.000,614.000,469.000,5.000,0.000,0.000,0.000,0.100,0.000,0.000,0.900,0.000,2.000,10.682,0.006,0.006,5.000
30.000,1900.000,63.333,321.450,433.809,0.000,180.000,0.001,0.006,7.785,18.000,0.000,614.000,469.000,5.000,0.000,0.000,0.000,0.100,0.000,0.000,0.900,0.000,2.000,10.682,0.006,0.006,5.000
30.000,1901.000,63.367,321.459,433.694,0.000,180.000,0.001,0.006,7.785,18.000,0.000,614.000,469.000,5.000,0.000,0.000,0.000,0.100,0.000,0.000,0.900,0.000,2.000,10.682,0.006,0.006,5.000
30.000,1902.000,63.400,321.432,433.787,0.000,180.000,0.001,0.006,7.785,18.000,0.000,614.000,469.000,5.000,0.000,0.000,0.000,0.100,0.000,0.000,0.900,0.000,2.000,10.682,0.006,0.006,5.000
30.000,1903.000,63.433,321.330,433.600,0.000,180.000,0.001,0.006,7.785,18.000,0.000,614.000,469.000,5.000,0.000,0.000,0.000,0.100,0.000,0.000,0.900,0.000,2.000,10.682,0.006,0.006,5.000
30.000,1904.000,63.467,321.130,433.641,0.000,180.000,0.001,0.006,7.785,18.000,0.000,614.000,469.000,5.000,0.000,0.000,0.000,0.100,0.000,0.000,0.900,0.000,2.000,10.682,0.006,0.006,5.000
30.000,1905.000,63.500,320.923,433.755,0.000,180.000,0.001,0.006,7.785,18.000,0.000,614.000,469.000,5.000,0.000,0.000,0.000,0.100,0.000,0.000,0.900,0.000,2.000,6.160,0.006,0.006,5.000
30.000,1906.000,63.533,321.125,433.659,0.000,180.000,0.001,0.006,7.785,18.000,0.000,614.000,469.000,5.000,0.000,0.000,0.000,0.100,0.000,0.000,0.900,0.000,2.000,6.160,0.006,0.006,5.000
30.000,1907.000,63.567,321.031,433.428,0.000,180.000,0.001,0.006,7.785,18.000,0.000,614.000,469.000,5.000,0.000,0.000,0.000,0.100,0.000,0.000,0.900,0.000,2.000,6.160,0.006,0.006,5.000
30.000,1908.000,63.600,320.779,433.224,0.000,180.000,0.001,0.006,7.785,18.000,0.000,614.000,469.000,5.000,0.000,0.000,0.000,0.100,0.000,0.000,0.900,0.000,2.000,6.160,0.006,0.006,5.000
30.000,1909.000,63.633,320.608,433.065,0.000,180.000,0.001,0.006,7.785,18.000,0.000,614.000,469.000,5.000,0.000,0.000,0.000,0.100,0.000,0.000,0.900,0.000,2.000,6.160,0.006,0.006,5.000
30.000,1910.000,63.667,320.452,432.822,0.000,180.000,0.001,0.006,7.785,18.000,0.000,614.000,469.000,5.000,0.000,0.000,0.000,0.100,0.000,0.000,0.900,0.000,2.000,6.160,0.006,0.006,5.000
30.000,1911.000,63.700,320.180,432.413,0.000,180.000,0.001,0.008,7.785,18.000,0.000,614.000,469.000,5.000,0.000,0.000,0.000,0.100,0.000,0.000,0.900,0.000,2.000,8.630,0.008,0.008,5.000
30.000,1912.000,63.733,319.730,432.427,0.000,180.000,0.001,0.008,7.785,18.000,0.000,614.000,469.000,5.000,0.000,0.000,0.000,0.100,0.000,0.000,0.900,0.000,2.000,8.630,0.008,0.008,5.000
30.000,1913.000,63.767,319.501,432.465,0.000,180.000,0.001,0.008,7.785,18.000,0.000,614.000,469.000,5.000,0.000,0.000,0.000,0.100,0.000,0.000,0.900,0.000,2.000,8.630,0.008,0.008,5.000
30.000,1914.000,63.800,319.526,432.423,0.000,180.000,0.001,0.008,7.785,18.000,0.000,614.000,469.000,5.000,0.000,0.000,0.000,0.100,0.000,0.000,0.900,0.000,2.000,8.630,0.008,0.008,5.000
30.000,1915.000,63.833,319.337,432.266,0.000,180.000,0.001,0.008,7.785,18.000,0.000,614.000,469.000,5.000,0.000,0.000,0.000,0.100,0.000,0.000,0.900,0.000,2.000,8.630,0.008,0.008,5.000
30.000,1916.000,63.867,319.319,432.333,0.000,180.000,0.001,0.008,7.785,18.000,0.000,614.000,469.000,5.000,0.000,0.000,0.000,0.100,0.000,0.000,0.900,0.000,2.000,8.630,0.008,0.008,5.000
30.000,1917.000,63.900,319.250,432.107,0.000,180.000,0.001,0.011,7.785,18.000,0.000,614.000,469.000,5.000,0.000,0.000,0.000,0.100,0.000,0.000,0.900,0.000,2.000,14.416,0.011,0.011,5.000
30.000,1918.000,63.933,318.967,431.950,0.000,180.000,0.001,0.011,7.785,18.000,0.000,614.000,469.000,5.000,0.000,0.000,0.000,0.100,0.000,0.000,0.900,0.000,2.000,14.416,0.011,0.011,5.000
30.000,1919.000,63.967,319.124,431.895,0.000,180.000,0.001,0.011,7.785,18.000,0.000,614.000,469.000,5.000,0.000,0.000,0.000,0.100,0.000,0.000,0.900,0.000,2.000,14.416,0.011,0.011,5.000
30.000,1920.000,64.000,318.710,431.804,0.000,180.000,0.001,0.011,7.785,18.000,0.000,614.000,469.000,5.000,0.000,0.000,0.000,0.100,0.000,0.000,0.900,0.000,2.000,14.416,0.011,0.011,5.000
30.000,1921.000,64.033,318.507,431.756,0.000,180.000,0.001,0.011,7.785,18.000,0.000,614.000,469.000,5.000,0.000,0.000,0.000,0.100,0.000,0.000,0.900,0.000,2.000,14.416,0.011,0.011,5.000
30.000,1922.000,64.067,318.311,431.744,0.000,180.000,0.001,0.011,7.785,18.000,0.000,614.000,469.000,5.000,0.000,0.000,0.000,0.100,0.000,0.000,0.900,0.000,2.000,14.416,0.011,0.011,5.000
30.000,1923.000,64.100,317.869,431.623,0.000,180.000,0.001,0.007,7.785,18.000,0.000,614.000,469.000,5.000,0.000,0.000,0.000,0.100,0.000,0.000,0.900,0.000,2.000,9.347,0.007,0.007,5.000
30.000,1924.000,64.133,317.572,431.648,0.000,180.000,0.001,0.007,7.785,18.000,0.000,614.000,469.000,5.000,0.000,0.000,0.000,0.100,0.000,0.000,0.900,0.000,2.000,9.347,0.007,0.007,5.000
30.000,1925.000,64.167,317.448,431.536,0.000,180.000,0.001,0.007,7.785,18.000,0.000,614.000,469.000,5.000,0.000,0.000,0.000,0.100,0.000,0.000,0.900,0.000,2.000,9.347,0.007,0.007,5.000
30.000,1926.000,64.200,317.504,431.527,0.000,180.000,0.001,0.007,7.785,18.000,0.000,614.000,469.000,5.000,0.000,0.000,0.000,0.100,0.000,0.000,0.900,0.000,2.000,9.347,0.007,0.007,5.000
30.000,1927.000,64.233,317.263,431.566,0.000,180.000,0.001,0.007,7.785,18.000,0.000,614.000,469.000,5.000,0.000,0.000,0.000,0.100,0.000,0.000,0.900,0.000,2.000,9.347,0.007,0.007,5.000
30.000,1928.000,64.267,317.211,431.677,0.000,180.000,0.001,0.007,7.785,18.000,0.000,614.000,469.000,5.000,0.000,0.000,0.000,0.100,0.000,0.000,0.900,0.000,2.000,9.347,0.007,0.007,5.000
30.000,1929.000,64.300,316.986,431.578,0.000,180.000,0.001,0.001,7.785,18.000,0.000,614.000,469.000,5.000,0.000,0.000,0.000,0.100,0.000,0.000,0.900,0.000,2.000,12.087,0.001,0.001,5.000
30.000,1930.000,64.333,316.708,431.331,0.000,180.000,0.001,0.001,7.785,18.000,0.000,614.000,469.000,5.000,0.000,0.000,0.000,0.100,0.000,0.000,0.900,0.000,2.000,12.087,0.001,0.001,5.000
30.000,1931.000,64.367,316.885,431.399,0.000,180.000,0.001,0.001,7.785,18.000,0.000,614.000,469.000,5.000,0.000,0.000,0.000,0.100,0.000,0.000,0.900,0.000,2.000,12.087,0.001,0.001,5.000
30.000,1932.000,64.400,316.875,431.300,0.000,180.000,0.001,0.001,7.785,18.000,0.000,614.000,469.000,5.000,0.000,0.000,0.000,0.100,0.000,0.000,0.900,0.000,2.000,12.087,0.001,0.001,5.000
30.000,1933.000,64.433,316.777,431.240,0.000,180.000,0.001,0.001,7.785,18.000,0.000,614.000,469.000,5.000,0.000,0.000,0.000,0.100,0.000,0.000,0.900,0.000,2.000,12.087,0.001,0.001,5.000
30.000,1934.000,64.467,316.570,430.816,0.000,180.000,0.001,0.001,7.785,18.000,0.000,614.000,469.000,5.000,0.000,0.000,0.000,0.100,0.000,0.000,0.900,0.000,2.000,12.087,0.001,0.001,5.000
30.000,1935.000,64.500,316.087,430.886,0.000,180.000,0.001,0.004,7.785,18.000,0.000,614.000,469.000,5.000,0.000,0.000,0.000,0.100,0.000,0.000,0.900,0.000,2.000,5.612,0.004,0.004,5.000
30.000,1936.000,64.533,315.976,430.945,0.000,180.000,0.001,0.004,7.785,18.000,0.000,614.000,469.000,5.000,0.000,0.000,0.000,0.100,0.000,0.000,0.900,0.000,2.000,5.612,0.004,0.004,5.000
30.000,1937.000,64.567,316.007,430.682,0.000,180.000,0.001,0.004,7.785,18.000,0.000,614.000,469.000,5.000,0.000,0.000,0.000,0.100,0.000,0.000,0.900,0.000,2.000,5.612,0.004,0.004,5.000
30.010,1938.000,64.579,316.256,430.363,0.000,180.000,0.001,0.004,7.785,18.000,0.000,614.000,469.000,5.000,0.000,0.000,0.000,0.100,0.000,0.000,0.900,0.000,2.000,5.612,0.004,0.004,5.000
30.010,1939.000,64.612,315.737,430.379,0.000,180.000,0.001,0.004,7.785,18.000,0.000,614.000,469.000,5.000,0.000,0.000,0.000,0.100,0.000,0.000,0.900,0.000,2.000,5.612,0.004,0.004,5.000
30.010,1940.000,64.646,315.573,430.324,0.000,180.000,0.001,0.004,7.785,18.000,0.000,614.000,469.000,5.000,0.000,0.000,0.000,0.100,0.000,0.000,0.900,0.000,2.000,5.612,0.004,0.004,5.000
30.010,1941.000,64.679,315.274,430.340,0.000,180.000,0.001,0.012,7.785,18.000,0.000,614.000,469.000,5.000,0.000,0.000,0.000,0.100,0.000,0.000,0.900,0.000,2.000,12.962,0.012,0.012,5.000
30.010,1942.000,64.712,314.768,430.387,0.000,180.000,0.001,0.012,7.785,18.000,0.000,614.000,469.000,5.000,0.000,0.000,0.000,0.100,0.000,0.000,0.900,0.000,2.000,12.962,0.012,0.012,5.000
30.010,1943.000,64.746,314.708,430.273,0.000,180.000,0.001,0.012,7.785,18.000,0.000,614.000,469.000,5.000,0.000,0.000,0.000,0.100,0.000,0.000,0.900,0.000,2.000,12.962,0.012,0.012,5.000
30.010,1944.000,64.779,314.707,430.154,0.000,180.000,0.001,0.012,7.785,18.000,0.000,614.000,469.000,5.000,0.000,0.000,0.000,0.100,0.000,0.000,0.900,0.000,2.000,12.962,0.012,0.012,5.000
30.010,1945.000,64.812,314.809,430.100,0.000,180.000,0.001,0.012,7.785,18.000,0.000,614.000,469.000,5.000,0.000,0.000,0.000,0.100,0.000,0.000,0.900,0.000,2.000,12.962,0.012,0.012,5.000
30.010,1946.000,64.846,314.523,429.988,0.000,180.000,0.001,0.012,7.785,18.000,0.000,614.000,469.000,5.000,0.000,0.000,0.000,0.100,0.000,0.000,0.900,0.000,2.000,12.962,0.012,0.012,5.000
30.010,1947.000,64.879,314.474,429.888,0.000,180.000,0.001,0.003,7.785,18.000,0.000,614.000,469.000,5.000,0.000,0.000,0.000,0.100,0.000,0.000,0.900,0.000,2.000,9.297,0.003,0.003,5.000
30.010,1948.000,64.912,314.220,429.881,0.000,180.000,0.001,0.003,7.785,18.000,0.000,614.000,469.000,5.000,0.000,0.000,0.000,0.100,0.000,0.000,0.900,0.000,2.000,9.297,0.003,0.003,5.000
30.010,1949.000,64.946,314.136,429.838,0.000,180.000,0.001,0.003,7.785,18.000,0.000,614.000,469.000,5.000,0.000,0.000,0.000,0.100,0.000,0.000,0.900,0.000,2.000,9.297,0.003,0.003,5.000
30.010,1950.000,64.979,314.163,429.854,0.000,180.000,0.001,0.003,7.785,18.000,0.000,614.000,469.000,5.000,0.000,0.000,0.000,0.100,0.000,0.000,0.900,0.000,2.000,9.297,0.003,0.003,5.000
30.010,1951.000,65.012,313.998,429.782,0.000,180.000,0.001,0.003,7.785,18.000,0.000,614.000,469.000,5.000,0.000,0.000,0.000,0.100,0.000,0.000,0.900,0.000,2.000,9.297,0.003,0.003,5.000
30.010,1952.000,65.046,314.007,429.553,0.000,180.000,0.001,0.003,7.785,18.000,0.000,614.000,469.000,5.000,0.000,0.000,0.000,0.100,0.000,0.000,0.900,0.000,2.000,9.297,0.003,0.003,5.000
30.010,1953.000,65.079,313.470,429.350,0.000,180.000,0.001,0.003,7.785,18.000,0.000,614.000,469.000,5.000,0.000,0.000,0.000,0.100,0.000,0.000,0.900,0.000,2.000,8.370,0.003,0.003,5.000
30.010,1954.000,65.112,313.301,429.103,0.000,180.000,0.001,0.003,7.785,18.000,0.000,614.000,469.000,5.000,0.000,0.000,0.000,0.100,0.000,0.000,0.900,0.000,2.000,8.370,0.003,0.003,5.000
30.010,1955.000,65.146,313.316,428.974,0.000,180.000,0.001,0.003,7.785,18.000,0.000,614.000,469.000,5.000,0.000,0.000,0.000,0.100,0.000,0.000,0.900,0.000,2.000,8.370,0.003,0.003,5.000
30.010,1956.000,65.179,313.392,428.969,0.000,180.000,0.001,0.003,7.785,18.000,0.000,614.000,469.000,5.000,0.000,0.000,0.000,0.100,0.000,0.000,0.900,0.000,2.000,8.370,0.003,0.003,5.000
30.010,1957.000,65.212,313.522,428.843,0.000,180.000,0.001,0.003,7.785,18.000,0.000,614.000,469.000,5.000,0.000,0.000,0.000,0.100,0.000,0.000,0.900,0.000,2.000,8.370,0.003,0.003,5.000
30.010,1958.000,65.246,313.353,428.796,0.000,180.000,0.001,0.003,7.785,18.000,0.000,614.000,469.000,5.000,0.000,0.000,0.000,0.100,0.000,0.000,0.900,0.000,2.000,8.370,0.003,0.003,5.000
30.010,1959.000,65.279,313.171,428.703,0.000,180.000,0.001,0.014,7.785,18.000,0.000,614.000,469.000,5.000,0.000,0.000,0.000,0.100,0.000,0.000,0.900,0.000,2.000,10.106,0.014,0.014,5.000
30.010,1960.000,65.312,313.024,428.701,0.000,180.000,0.001,0.014,7.785,18.000,0.000,614.000,469.000,5.000,0.000,0.000,0.000,0.100,0.000,0.000,0.900,0.000,2.000,10.106,0.014,0.014,5.000
30.010,1961.000,65.346,313.040,428.805,0.000,180.000,0.001,0.014,7.785,18.000,0.000,614.000,469.000,5.000,0.000,0.000,0.000,0.100,0.000,0.000,0.900,0.000,2.000,10.106,0.014,0.014,5.000
30.010,1962.000,65.379,312.862,428.689,0.000,180.000,0.001,0.014,7.785,18.000,0.000,614.000,469.000,5.000,0.000,0.000,0.000,0.100,0.000,0.000,0.900,0.000,2.000,10.106,0.014,0.014,5.000
30.010,1963.000,65.412,312.882,428.851,0.000,180.000,0.001,0.014,7.785,18.000,0.000,614.000,469.000,5.000,0.000,0.000,0.000,0.100,0.000,0.000,0.900,0.000,2.000,10.106,0.014,0.014,5.000
30.010,1964.000,65.446,312.690,428.615,0.000,180.000,0.001,0.014,7.785,18.000,0.000,614.000,469.000,5.000,0.000,0.000,0.000,0.100,0.000,0.000,0.900,0.000,2.000,10.106,0.014,0.014,5.000
30.010,1965.000,65.479,312.554,428.554,0.000,180.000,0.001,-0.002,7.785,18.000,0.000,614.000,469.000,5.000,0.000,0.000,0.000,0.100,0.000,0.000,0.900,0.000,2.000,6.140,-0.002,-0.002,5.000
30.010,1966.000,65.512,312.375,428.224,0.000,180.000,0.001,-0.002,7.785,18.000,0.000,614.000,469.000,5.000,0.000,0.000,0.000,0.100,0.000,0.000,0.900,0.000,2.000,6.140,-0.002,-0.002,5.000
30.010,1967.000,65.546,312.342,428.251,0.000,180.000,0.001,-0.002,7.785,18.000,0.000,614.000,469.000,5.000,0.000,0.000,0.000,0.100,0.000,0.000,0.900,0.000,2.000,6.140,-0.002,-0.002,5.000
30.000,1968.000,65.600,312.385,428.207,0.000,180.000,0.001,-0.002,7.785,18.000,0.000,614.000,469.000,5.000,0.000,0.000,0.000,0.100,0.000,0.000,0.900,0.000,2.000,6.140,-0.002,-0.002,5.000
30.000,1969.000,65.633,312.346,428.224,0.000,180.000,0.001,-0.002,7.785,18.000,0.000,614.000,469.000,5.000,0.000,0.000,0.000,0.100,0.000,0.000,0.900,0.000,2.000,6.140,-0.002,-0.002,5.000
30.000,1970.000,65.667,312.377,428.151,0.000,180.000,0.001,-0.002,7.785,18.000,0.000,614.000,469.000,5.000,0.000,0.000,0.000,0.100,0.000,0.000,0.900,0.000,2.000,6.140,-0.002,-0.002,5.000
30.000,1971.000,65.700,312.359,428.198,0.000,180.000,0.001,0.009,7.785,18.000,0.000,614.000,469.000,5.000,0.000,0.000,0.000,0.100,0.000,0.000,0.900,0.000,2.000,7.922,0.009,0.009,5.000
30.000,1972.000,65.733,312.370,428.171,0.000,180.000,0.001,0.009,7.785,18.000,0.000,614.000,469.000,5.000,0.000,0.000,0.000,0.100,0.000,0.000,0.900,0.000,2.000,7.922,0.009,0.009,5.000
30.000,1973.000,65.767,312.423,427.908,0.000,180.000,0.001,0.009,7.785,18.000,0.000,614.000,469.000,5.000,0.000,0.000,0.000,0.100,0.000,0.000,0.900,0.000,2.000,7.922,0.009,0.009,5.000
30.000,1974.000,65.800,312.404,427.731,0.000,180.000,0.001,0.009,7.785,18.000,0.000,614.000,469.000,5.000,0.000,0.000,0.000,0.100,0.000,0.000,0.900,0.000,2.000,7.922,0.009,0.009,5.000
30.000,1975.000,65.833,312.207,427.526,0.000,180.000,0.001,0.009,7.785,18.000,0.000,614.000,469.000,5.000,0.000,0.000,0.000,0.100,0.000,0.000,0.900,0.000,2.000,7.922,0.009,0.009,5.000
30.000,1976.000,65.867,311.800,427.448,0.000,180.000,0.001,0.009,7.785,18.000,0.000,614.000,469.000,5.000,0.000,0.000,0.000,0.100,0.000,0.000,0.900,0.000,2.000,7.922,0.009,0.009,5.000
30.000,1977.000,65.900,311.885,427.320,0.000,180.000,0.001,0.011,7.785,18.000,0.000,614.000,469.000,5.000,0.000,0.000,0.000,0.100,0.000,0.000,0.900,0.000,2.000,6.833,0.011,0.011,5.000
30.000,1978.000,65.933,311.961,427.269,0.000,180.000,0.001,0.011,7.785,18.000,0.000,614.000,469.000,5.000,0.000,0.000,0.000,0.100,0.000,0.000,0.900,0.000,2.000,6.833,0.011,0.011,5.000
30.000,1979.000,65.967,311.587,427.229,0.000,180.000,0.001,0.011,7.785,18.000,0.000,614.000,469.000,5.000,0.000,0.000,0.000,0.100,0.000,0.000,0.900,0.000,2.000,6.833,0.011,0.011,5.000
30.000,1980.000,66.000,311.623,427.336,0.000,180.000,0.001,0.011,7.785,18.000,0.000,614.000,469.000,5.000,0.000,0.000,0.000,0.100,0.000,0.000,0.900,0.000,2.000,6.833,0.011,0.011,5.000
30.000,1981.000,66.033,311.483,427.226,0.000,180.000,0.001,0.011,7.785,18.000,0.000,614.000,469.000,5.000,0.000,0.000,0.000,0.100,0.000,0.000,0.900,0.000,2.000,6.833,0.011,0.011,5.000
30.000,1982.000,66.067,311.590,427.241,0.000,180.000,0.001,0.011,7.785,18.000,0.000,614.000,469.000,5.000,0.000,0.000,0.000,0.100,0.000,0.000,0.900,0.000,2.000,6.833,0.011,0.011,5.000
30.000,1983.000,66.100,311.505,427.115,0.000,180.000,0.001,0.003,7.785,18.000,0.000,614.000,469.000,5.000,0.000,0.000,0.000,0.100,0.000,0.000,0.900,0.000,2.000,7.519,0.003,0.003,5.000
30.000,1984.000,66.133,311.349,427.014,0.000,180.000,0.001,0.003,7.785,18.000,0.000,614.000,469.000,5.000,0.000,0.000,0.000,0.100,0.000,0.000,0.900,0.000,2.000,7.519,0.003,0.003,5.000
30.000,1985.000,66.167,311.245,427.122,0.000,180.000,0.001,0.003,7.785,18.000,0.000,614.000,469.000,5.000,0.000,0.000,0.000,0.100,0.000,0.000,0.900,0.000,2.000,7.519,0.003,0.003,5.000
30.000,1986.000,66.200,311.300,427.175,0.000,180.000,0.001,0.003,7.785,18.000,0.000,614.000,469.000,5.000,0.000,0.000,0.000,0.100,0.000,0.000,0.900,0.000,2.000,7.519,0.003,0.003,5.000
30.000,1987.000,66.233,310.847,427.048,0.000,180.000,0.001,0.003,7.785,18.000,0.000,614.000,469.000,5.000,0.000,0.000,0.000,0.100,0.000,0.000,0.900,0.000,2.000,7.519,0.003,0.003,5.000
30.000,1988.000,66.267,310.743,426.892,0.000,180.000,0.001,0.003,7.785,18.000,0.000,614.000,469.000,5.000,0.000,0.000,0.000,0.100,0.000,0.000,0.900,0.000,2.000,7.519,0.003,0.003,5.000
30.000,1989.000,66.300,310.682,426.548,0.000,180.000,0.001,0.001,7.785,18.000,0.000,614.000,469.000,5.000,0.000,0.000,0.000,0.100,0.000,0.000,0.900,0.000,2.000,6.346,0.001,0.001,5.000
30.000,1990.000,66.333,310.536,426.118,0.000,180.000,0.001,0.001,7.785,18.000,0.000,614.000,469.000,5.000,0.000,0.000,0.000,0.100,0.000,0.000,0.900,0.000,2.000,6.346,0.001,0.001,5.000
30.000,1991.000,66.367,310.619,426.099,0.000,180.000,0.001,0.001,7.785,18.000,0.000,614.000,469.000,5.000,0.000,0.000,0.000,0.100,0.000,0.000,0.900,0.000,2.000,6.346,0.001,0.001,5.000
30.000,1992.000,66.400,310.441,426.046,0.000,180.000,0.001,0.001,7.785,18.000,0.000,614.000,469.000,5.000,0.000,0.000,0.000,0.100,0.000,0.000,0.900,0.000,2.000,6.346,0.001,0.001,5.000
30.000,1993.000,66.433,310.087,426.061,0.000,180.000,0.001,0.001,7.785,18.000,0.000,614.000,469.000,5.000,0.000,0.000,0.000,0.100,0.000,0.000,0.900,0.000,2.000,6.346,0.001,0.001,5.000
30.000,1994.000,66.467,310.202,426.024,0.000,180.000,0.001,0.001,7.785,18.000,0.000,614.000,469.000,5.000,0.000,0.000,0.000,0.100,0.000,0.000,0.900,0.000,2.000,6.346,0.001,0.001,5.000
30.000,1995.000,66.500,310.101,425.959,0.000,180.000,0.001,0.014,7.785,18.000,0.000,614.000,469.000,5.000,0.000,0.000,0.000,0.100,0.000,0.000,0.900,0.000,2.000,11.958,0.014,0.014,5.000
30.000,1996.000,66.533,310.005,425.695,0.000,180.000,0.001,0.014,7.785,18.000,0.000,614.000,469.000,5.000,0.000,0.000,0.000,0.100,0.000,0.000,0.900,0.000,2.000,11.958,0.014,0.014,5.000
30.000,1997.000,66.567,309.783,425.302,0.000,180.000,0.001,0.014,7.785,18.000,0.000,614.000,469.000,5.000,0.000,0.000,0.000,0.100,0.000,0.000,0.900,0.000,2.000,11.958,0.014,0.014,5.000
30.000,1998.000,66.600,310.056,425.244,0.000,180.000,0.001,0.014,7.785,18.000,0.000,614.000,469.000,5.000,0.000,0.000,0.000,0.100,0.000,0.000,0.900,0.000,2.000,11.958,0.014,0.014,5.000
30.000,1999.000,66.633,309.748,425.366,0.000,180.000,0.001,0.014,7.785,18.000,0.000,614.000,469.000,5.000,0.000,0.000,0.000,0.100,0.000,0.000,0.900,0.000,2.000,11.958,0.014,0.014,5.000
30.000,2000.000,66.667,309.466,425.242,0.000,180.000,0.001,0.014,7.785,18.000,0.000,614.000,469.000,5.000,0.000,0.000,0.000,0.100,0.000,0.000,0.900,0.000,2.000,11.958,0.014,0.014,5.000
30.000,2001.000,66.700,309.750,425.512,0.000,180.000,0.001,0.010,7.785,18.000,0.000,614.000,469.000,5.000,0.000,0.000,0.000,0.100,0.000,0.000,0.900,0.000,2.000,7.423,0.010,0.010,5.000
30.000,2002.000,66.733,309.821,425.199,0.000,180.000,0.001,0.010,7.785,18.000,0.000,614.000,469.000,5.000,0.000,0.000,0.000,0.100,0.000,0.000,0.900,0.000,2.000,7.423,0.010,0.010,5.000
30.000,2003.000,66.767,310.117,425.020,0.000,180.000,0.001,0.010,7.785,18.000,0.000,614.000,469.000,5.000,0.000,0.000,0.000,0.100,0.000,0.000,0.900,0.000,2.000,7.423,0.010,0.010,5.000
30.000,2004.000,66.800,309.981,425.159,0.000,180.000,0.001,0.010,7.785,18.000,0.000,614.000,469.000,5.000,0.000,0.000,0.000,0.100,0.000,0.000,0.900,0.000,2.000,7.423,0.010,0.010,5.000
30.000,2005.000,66.833,309.592,425.460,0.000,180.000,0.001,0.010,7.785,18.000,0.000,614.000,469.000,5.000,0.000,0.000,0.000,0.100,0.000,0.000,0.900,0.000,2.000,7.423,0.010,0.010,5.000
30.000,2006.000,66.867,309.578,425.230,0.000,180.000,0.001,0.010,7.785,18.000,0.000,614.000,469.000,5.000,0.000,0.000,0.000,0.100,0.000,0.000,0.900,0.000,2.000,7.423,0.010,0.010,5.000
30.000,2007.000,66.900,309.656,425.212,0.000,180.000,0.001,-0.002,7.785,18.000,0.000,614.000,469.000,5.000,0.000,0.000,0.000,0.100,0.000,0.000,0.900,0.000,2.000,1.753,-0.002,-0.002,5.000
30.000,2008.000,66.933,309.609,425.163,0.000,180.000,0.001,-0.002,7.785,18.000,0.000,614.000,469.000,5.000,0.000,0.000,0.000,0.100,0.000,0.000,0.900,0.000,2.000,1.753,-0.002,-0.002,5.000
30.000,2009.000,66.967,310.096,425.065,0.000,180.000,0.001,-0.002,7.785,18.000,0.000,614.000,469.000,5.000,0.000,0.000,0.000,0.100,0.000,0.000,0.900,0.000,2.000,1.753,-0.002,-0.002,5.000
30.000,2010.000,67.000,309.744,425.087,0.000,180.000,0.001,-0.002,7.785,18.000,0.000,614.000,469.000,5.000,0.000,0.000,0.000,0.100,0.000,0.000,0.900,0.000,2.000,1.753,-0.002,-0.002,5.000
30.000,2011.000,67.033,309.604,424.954,0.000,180.000,0.001,-0.002,7.785,18.000,0.000,614.000,469.000,5.000,0.000,0.000,0.000,0.100,0.000,0.000,0.900,0.000,2.000,1.753,-0.002,-0.002,5.000
30.000,2012.000,67.067,309.493,424.853,0.000,180.000,0.001,-0.002,7.785,18.000,0.000,614.000,469.000,5.000,0.000,0.000,0.000,0.100,0.000,0.000,0.900,0.000,2.000,1.753,-0.002,-0.002,5.000
30.000,2013.000,67.100,309.749,424.598,0.000,180.000,0.001,0.008,7.785,18.000,0.000,614.000,469.000,5.000,0.000,0.000,0.000,0.100,0.000,0.000,0.900,0.000,2.000,4.855,0.008,0.008,5.000
30.000,2014.000,67.133,309.653,424.611,0.000,180.000,0.001,0.008,7.785,18.000,0.000,614.000,469.000,5.000,0.000,0.000,0.000,0.100,0.000,0.000,0.900,0.000,2.000,4.855,0.008,0.008,5.000
30.000,2015.000,67.167,309.620,424.699,0.000,180.000,0.001,0.008,7.785,18.000,0.000,614.000,469.000,5.000,0.000,0.000,0.000,0.100,0.000,0.000,0.900,0.000,2.000,4.855,0.008,0.008,5.000
30.000,2016.000,67.200,309.549,424.340,0.000,180.000,0.001,0.008,7.785,18.000,0.000,614.000,469.000,5.000,0.000,0.000,0.000,0.100,0.000,0.000,0.900,0.000,2.000,4.855,0.008,0.008,5.000
30.000,2017.000,67.233,309.390,424.182,0.000,180.000,0.001,0.008,7.785,18.000,0.000,614.000,469.000,5.000,0.000,0.000,0.000,0.100,0.000,0.000,0.900,0.000,2.000,4.855,0.008,0.008,5.000
30.000,2018.000,67.267,309.370,423.903,0.000,180.000,0.001,0.008,7.785,18.000,0.000,614.000,469.000,5.000,0.000,0.000,0.000,0.100,0.000,0.000,0.900,0.000,2.000,4.855,0.008,0.008,5.000
30.000,2019.000,67.300,309.328,423.681,0.000,180.000,0.001,0.012,7.785,18.000,0.000,614.000,469.000,5.000,0.000,0.000,0.000,0.100,0.000,0.000,0.900,0.000,2.000,7.695,0.012,0.012,5.000
30.000,2020.000,67.333,309.272,423.583,0.000,180.000,0.001,0.012,7.785,18.000,0.000,614.000,469.000,5.000,0.000,0.000,0.000,0.100,0.000,0.000,0.900,0.000,2.000,7.695,0.012,0.012,5.000
30.000,2021.000,67.367,309.327,423.447,0.000,180.000,0.001,0.012,7.785,18.000,0.000,614.000,469.000,5.000,0.000,0.000,0.000,0.100,0.000,0.000,0.900,0.000,2.000,7.695,0.012,0.012,5.000
30.000,2022.000,67.400,309.291,423.214,0.000,180.000,0.001,0.012,7.785,18.000,0.000,614.000,469.000,5.000,0.000,0.000,0.000,0.100,0.000,0.000,0.900,0.000,2.000,7.695,0.012,0.012,5.000
30.000,2023.000,67.433,309.249,423.237,0.000,180.000,0.001,0.012,7.785,18.000,0.000,614.000,469.000,5.000,0.000,0.000,0.000,0.100,0.000,0.000,0.900,0.000,2.000,7.695,0.012,0.012,5.000
30.000,2024.000,67.467,309.114,423.191,0.000,180.000,0.001,0.012,7.785,18.000,0.000,614.000,469.000,5.000,0.000,0.000,0.000,0.100,0.000,0.000,0.900,0.000,2.000,7.695,0.012,0.012,5.000
30.000,2025.000,67.500,308.525,423.058,0.000,180.000,0.001,0.015,7.785,18.000,0.000,614.000,469.000,5.000,0.000,0.000,0.000,0.100,0.000,0.000,0.900,0.000,2.000,9.165,0.015,0.015,5.000
30.000,2026.000,67.533,308.672,422.869,0.000,180.000,0.001,0.015,7.785,18.000,0.000,614.000,469.000,5.000,0.000,0.000,0.000,0.100,0.000,0.000,0.900,0.000,2.000,9.165,0.015,0.015,5.000
30.000,2027.000,67.567,308.713,423.002,0.000,180.000,0.001,0.015,7.785,18.000,0.000,614.000,469.000,5.000,0.000,0.000,0.000,0.100,0.000,0.000,0.900,0.000,2.000,9.165,0.015,0.015,5.000
30.000,2028.000,67.600,308.835,422.677,0.000,180.000,0.001,0.015,7.785,18.000,0.000,614.000,469.000,5.000,0.000,0.000,0.000,0.100,0.000,0.000,0.900,0.000,2.000,9.165,0.015,0.015,5.000
30.000,2029.000,67.633,308.624,422.563,0.000,180.000,0.001,0.015,7.785,18.000,0.000,614.000,469.000,5.000,0.000,0.000,0.000,0.100,0.000,0.000,0.900,0.000,2.000,9.165,0.015,0.015,5.000
30.000,2030.000,67.667,308.677,422.451,0.000,180.000,0.001,0.015,7.785,18.000,0.000,614.000,469.000,5.000,0.000,0.000,0.000,0.100,0.000,0.000,0.900,0.000,2.000,9.165,0.015,0.015,5.000
30.000,2031.000,67.700,308.538,422.458,0.000,180.000,0.001,0.009,7.785,18.000,0.000,614.000,469.000,5.000,0.000,0.000,0.000,0.100,0.000,0.000,0.900,0.000,2.000,8.831,0.009,0.009,5.000
30.000,2032.000,67.733,308.583,422.515,0.000,180.000,0.001,0.009,7.785,18.000,0.000,614.000,469.000,5.000,0.000,0.000,0.000,0.100,0.000,0.000,0.900,0.000,2.000,8.831,0.009,0.009,5.000
30.000,2033.000,67.767,308.522,422.756,0.000,180.000,0.001,0.009,7.785,18.000,0.000,614.000,469.000,5.000,0.000,0.000,0.000,0.100,0.000,0.000,0.900,0.000,2.000,8.831,0.009,0.009,5.000
30.000,2034.000,67.800,308.449,422.571,0.000,180.000,0.001,0.009,7.785,18.000,0.000,614.000,469.000,5.000,0.000,0.000,0.000,0.100,0.000,0.000,0.900,0.000,2.000,8.831,0.009,0.009,5.000
30.000,2035.000,67.833,308.575,422.367,0.000,180.000,0.001,0.009,7.785,18.000,0.000,614.000,469.000,5.000,0.000,0.000,0.000,0.100,0.000,0.000,0.900,0.000,2.000,8.831,0.009,0.009,5.000
30.000,2036.000,67.867,308.392,422.184,0.000,180.000,0.001,0.009,7.785,18.000,0.000,614.000,469.000,5.000,0.000,0.000,0.000,0.100,0.000,0.000,0.900,0.000,2.000,8.831,0.009,0.009,5.000
30.000,2037.000,67.900,308.284,422.053,0.000,180.000,0.001,0.003,7.785,18.000,0.000,614.000,469.000,5.000,0.000,0.000,0.000,0.100,0.000,0.000,0.900,0.000,2.000,1.940,0.003,0.003,5.000
30.000,2038.000,67.933,308.316,421.730,0.000,180.000,0.001,0.003,7.785,18.000,0.000,614.000,469.000,5.000,0.000,0.000,0.000,0.100,0.000,0.000,0.900,0.000,2.000,1.940,0.003,0.003,5.000
30.000,2039.000,67.967,308.389,421.604,0.000,180.000,0.001,0.003,7.785,18.000,0.000,614.000,469.000,5.000,0.000,0.000,0.000,0.100,0.000,0.000,0.900,0.000,2.000,1.940,0.003,0.003,5.000
30.000,2040.000,68.000,308.420,421.148,0.000,180.000,0.001,0.003,7.785,18.000,0.000,614.000,469.000,5.000,0.000,0.000,0.000,0.100,0.000,0.000,0.900,0.000,2.000,1.940,0.003,0.003,5.000
30.000,2041.000,68.033,308.248,421.104,0.000,180.000,0.001,0.003,7.785,18.000,0.000,614.000,469.000,5.000,0.000,0.000,0.000,0.100,0.000,0.000,0.900,0.000,2.000,1.940,0.003,0.003,5.000
30.000,2042.000,68.067,308.146,421.136,0.000,180.000,0.001,0.003,7.785,18.000,0.000,614.000,469.000,5.000,0.000,0.000,0.000,0.100,0.000,0.000,0.900,0.000,2.000,1.940,0.003,0.003,5.000
30.000,2043.000,68.100,308.211,421.051,0.000,180.000,0.001,0.019,7.785,18.000,0.000,614.000,469.000,5.000,0.000,0.000,0.000,0.100,0.000,0.000,0.900,0.000,2.000,12.519,0.019,0.019,5.000
30.000,2044.000,68.133,307.583,420.882,0.000,180.000,0.001,0.019,7.785,18.000,0.000,614.000,469.000,5.000,0.000,0.000,0.000,0.100,0.000,0.000,0.900,0.000,2.000,12.519,0.019,0.019,5.000
30.000,2045.000,68.167,307.602,420.801,0.000,180.000,0.001,0.019,7.785,18.000,0.000,614.000,469.000,5.000,0.000,0.000,0.000,0.100,0.000,0.000,0.900,0.000,2.000,12.519,0.019,0.019,5.000
30.000,2046.000,68.200,307.667,420.654,0.000,180.000,0.001,0.019,7.785,18.000,0.000,614.000,469.000,5.000,0.000,0.000,0.000,0.100,0.000,0.000,0.900,0.000,2.000,12.519,0.019,0.019,5.000
30.000,2047.000,68.233,307.680,420.596,0.000,180.000,0.001,0.019,7.785,18.000,0.000,614.000,469.000,5.000,0.000,0.000,0.000,0.100,0.000,0.000,0.900,0.000,2.000,12.519,0.019,0.019,5.000
30.000,2048.000,68.267,307.727,420.859,0.000,180.000,0.001,0.019,7.785,18.000,0.000,614.000,469.000,5.000,0.000,0.000,0.000,0.100,0.000,0.000,0.900,0.000,2.000,12.519,0.019,0.019,5.000
30.000,2049.000,68.300,308.102,420.812,0.000,180.000,0.001,0.007,7.785,18.000,0.000,614.000,469.000,5.000,0.000,0.000,0.000,0.100,0.000,0.000,0.900,0.000,2.000,7.316,0.007,0.007,5.000
30.000,2050.000,68.333,308.148,420.388,0.000,180.000,0.001,0.007,7.785,18.000,0.000,614.000,469.000,5.000,0.000,0.000,0.000,0.100,0.000,0.000,0.900,0.000,2.000,7.316,0.007,0.007,5.000
30.000,2051.000,68.367,308.183,420.473,0.000,180.000,0.001,0.007,7.785,18.000,0.000,614.000,469.000,5.000,0.000,0.000,0.000,0.100,0.000,0.000,0.900,0.000,2.000,7.316,0.007,0.007,5.000
30.000,2052.000,68.400,308.219,420.297,0.000,180.000,0.001,0.007,7.785,18.000,0.000,614.000,469.000,5.000,0.000,0.000,0.000,0.100,0.000,0.000,0.900,0.000,2.000,7.316,0.007,0.007,5.000
30.000,2053.000,68.433,308.126,420.155,0.000,180.000,0.001,0.007,7.785,18.000,0.000,614.000,469.000,5.000,0.000,0.000,0.000,0.100,0.000,0.000,0.900,0.000,2.000,7.316,0.007,0.007,5.000
30.000,2054.000,68.467,307.878,420.207,0.000,180.000,0.001,0.007,7.785,18.000,0.000,614.000,469.000,5.000,0.000,0.000,0.000,0.100,0.000,0.000,0.900,0.000,2.000,7.316,0.007,0.007,5.000
30.000,2055.000,68.500,307.816,419.900,0.000,180.000,0.001,0.008,7.785,18.000,0.000,614.000,469.000,5.000,0.000,0.000,0.000,0.100,0.000,0.000,0.900,0.000,2.000,6.023,0.008,0.008,5.000
30.000,2056.000,68.533,307.819,419.870,0.000,180.000,0.001,0.008,7.785,18.000,0.000,614.000,469.000,5.000,0.000,0.000,0.000,0.100,0.000,0.000,0.900,0.000,2.000,6.023,0.008,0.008,5.000
30.000,2057.000,68.567,307.442,419.791,0.000,180.000,0.001,0.008,7.785,18.000,0.000,614.000,469.000,5.000,0.000,0.000,0.000,0.100,0.000,0.000,0.900,0.000,2.000,6.023,0.008,0.008,5.000
30.000,2058.000,68.600,307.245,419.901,0.000,180.000,0.001,0.008,7.785,18.000,0.000,614.000,469.000,5.000,0.000,0.000,0.000,0.100,0.000,0.000,0.900,0.000,2.000,6.023,0.008,0.008,5.000
30.010,2059.000,68.611,307.065,419.913,0.000,180.000,0.001,0.008,7.785,18.000,0.000,614.000,469.000,5.000,0.000,0.000,0.000,0.100,0.000,0.000,0.900,0.000,2.000,6.023,0.008,0.008,5.000
30.010,2060.000,68.645,306.746,419.934,0.000,180.000,0.001,0.008,7.785,18.000,0.000,614.000,469.000,5.000,0.000,0.000,0.000,0.100,0.000,0.000,0.900,0.000,2.000,6.023,0.008,0.008,5.000
30.010,2061.000,68.678,306.748,419.768,0.000,180.000,0.001,0.001,7.785,18.000,0.000,614.000,469.000,5.000,0.000,0.000,0.000,0.100,0.000,0.000,0.900,0.000,2.000,10.443,0.001,0.001,5.000
30.010,2062.000,68.711,306.520,419.844,0.000,180.000,0.001,0.001,7.785,18.000,0.000,614.000,469.000,5.000,0.000,0.000,0.000,0.100,0.000,0.000,0.900,0.000,2.000,10.443,0.001,0.001,5.000
30.010,2063.000,68.744,306.640,419.729,0.000,180.000,0.001,0.001,7.785,18.000,0.000,614.000,469.000,5.000,0.000,0.000,0.000,0.100,0.000,0.000,0.900,0.000,2.000,10.443,0.001,0.001,5.000
30.010,2064.000,68.778,306.606,419.423,0.000,180.000,0.001,0.001,7.785,18.000,0.000,614.000,469.000,5.000,0.000,0.000,0.000,0.100,0.000,0.000,0.900,0.000,2.000,10.443,0.001,0.001,5.000
30.010,2065.000,68.811,306.353,419.397,0.000,180.000,0.001,0.001,7.785,18.000,0.000,614.000,469.000,5.000,0.000,0.000,0.000,0.100,0.000,0.000,0.900,0.000,2.000,10.443,0.001,0.001,5.000
30.010,2066.000,68.844,306.527,419.398,0.000,180.000,0.001,0.001,7.785,18.000,0.000,614.000,469.000,5.000,0.000,0.000,0.000,0.100,0.000,0.000,0.900,0.000,2.000,10.443,0.001,0.001,5.000
30.010,2067.000,68.878,306.417,419.456,0.000,180.000,0.001,0.006,7.785,18.000,0.000,614.000,469.000,5.000,0.000,0.000,0.000,0.100,0.000,0.000,0.900,0.000,2.000,8.447,0.006,0.006,5.000
30.010,2068.000,68.911,306.335,419.138,0.000,180.000,0.001,0.006,7.785,18.000,0.000,614.000,469.000,5.000,0.000,0.000,0.000,0.100,0.000,0.000,0.900,0.000,2.000,8.447,0.006,0.006,5.000
30.010,2069.000,68.944,306.208,418.874,0.000,180.000,0.001,0.006,7.785,18.000,0.000,614.000,469.000,5.000,0.000,0.000,0.000,0.100,0.000,0.000,0.900,0.000,2.000,8.447,0.006,0.006,5.000
30.010,2070.000,68.978,306.259,418.893,0.000,180.000,0.001,0.006,7.785,18.000,0.000,614.000,469.000,5.000,0.000,0.000,0.000,0.100,0.000,0.000,0.900,0.000,2.000,8.447,0.006,0.006,5.000
30.010,2071.000,69.011,306.313,418.782,0.000,180.000,0.001,0.006,7.785,18.000,0.000,614.000,469.000,5.000,0.000,0.000,0.000,0.100,0.000,0.000,0.900,0.000,2.000,8.447,0.006,0.006,5.000
30.010,2072.000,69.044,306.206,418.593,0.000,180.000,0.001,0.006,7.785,18.000,0.000,614.000,469.000,5.000,0.000,0.000,0.000,0.100,0.000,0.000,0.900,0.000,2.000,8.447,0.006,0.006,5.000
30.010,2073.000,69.078,306.209,418.432,0.000,180.000,0.001,0.010,7.785,18.000,0.000,614.000,469.000,5.000,0.000,0.000,0.000,0.100,0.000,0.000,0.900,0.000,2.000,5.917,0.010,0.010,5.000
30.010,2074.000,69.111,305.715,418.378,0.000,180.000,0.001,0.010,7.785,18.000,0.000,614.000,469.000,5.000,0.000,0.000,0.000,0.100,0.000,0.000,0.900,0.000,2.000,5.917,0.010,0.010,5.000
30.010,2075.000,69.144,305.422,418.426,0.000,180.000,0.001,0.010,7.785,18.000,0.000,614.000,469.000,5.000,0.000,0.000,0.000,0.100,0.000,0.000,0.900,0.000,2.000,5.917,0.010,0.010,5.000
30.010,2076.000,69.178,304.873,418.428,0.000,180.000,0.001,0.010,7.785,18.000,0.000,614.000,469.000,5.000,0.000,0.000,0.000,0.100,0.000,0.000,0.900,0.000,2.000,5.917,0.010,0.010,5.000
30.010,2077.000,69.211,304.761,418.075,0.000,180.000,0.001,0.010,7.785,18.000,0.000,614.000,469.000,5.000,0.000,0.000,0.000,0.100,0.000,0.000,0.900,0.000,2.000,5.917,0.010,0.010,5.000
30.010,2078.000,69.244,304.995,417.988,0.000,180.000,0.001,0.010,7.785,18.000,0.000,614.000,469.000,5.000,0.000,0.000,0.000,0.100,0.000,0.000,0.900,0.000,2.000,5.917,0.010,0.010,5.000
30.010,2079.000,69.278,305.027,418.140,0.000,180.000,0.001,0.007,7.785,18.000,0.000,614.000,469.000,5.000,0.000,0.000,0.000,0.100,0.000,0.000,0.900,0.000,2.000,16.373,0.007,0.007,5.000
30.010,2080.000,69.311,304.628,417.962,0.000,180.000,0.001,0.007,7.785,18.000,0.000,614.000,469.000,5.000,0.000,0.000,0.000,0.100,0.000,0.000,0.900,0.000,2.000,16.373,0.007,0.007,5.000
30.010,2081.000,69.344,304.740,417.820,0.000,180.000,0.001,0.007,7.785,18.000,0.000,614.000,469.000,5.000,0.000,0.000,0.000,0.100,0.000,0.000,0.900,0.000,2.000,16.373,0.007,0.007,5.000
30.010,2082.000,69.378,304.479,417.725,0.000,180.000,0.001,0.007,7.785,18.000,0.000,614.000,469.000,5.000,0.000,0.000,0.000,0.100,0.000,0.000,0.900,0.000,2.000,16.373,0.007,0.007,5.000
30.010,2083.000,69.411,304.468,417.891,0.000,180.000,0.001,0.007,7.785,18.000,0.000,614.000,469.000,5.000,0.000,0.000,0.000,0.100,0.000,0.000,0.900,0.000,2.000,16.373,0.007,0.007,5.000
30.010,2084.000,69.444,304.566,417.942,0.000,180.000,0.001,0.007,7.785,18.000,0.000,614.000,469.000,5.000,0.000,0.000,0.000,0.100,0.000,0.000,0.900,0.000,2.000,16.373,0.007,0.007,5.000
30.010,2085.000,69.478,304.525,418.002,0.000,180.000,0.001,0.002,7.785,18.000,0.000,614.000,469.000,5.000,0.000,0.000,0.000,0.100,0.000,0.000,0.900,0.000,2.000,3.317,0.002,0.002,5.000
30.010,2086.000,69.511,304.416,417.966,0.000,180.000,0.001,0.002,7.785,18.000,0.000,614.000,469.000,5.000,0.000,0.000,0.000,0.100,0.000,0.000,0.900,0.000,2.000,3.317,0.002,0.002,5.000
30.010,2087.000,69.544,304.341,418.114,0.000,180.000,0.001,0.002,7.785,18.000,0.000,614.000,469.000,5.000,0.000,0.000,0.000,0.100,0.000,0.000,0.900,0.000,2.000,3.317,0.002,0.002,5.000
30.010,2088.000,69.578,304.150,417.886,0.000,180.000,0.001,0.002,7.785,18.000,0.000,614.000,469.000,5.000,0.000,0.000,0.000,0.100,0.000,0.000,0.900,0.000,2.000,3.317,0.002,0.002,5.000
30.000,2089.000,69.633,304.150,417.862,0.000,180.000,0.001,0.002,7.785,18.000,0.000,614.000,469.000,5.000,0.000,0.000,0.000,0.100,0.000,0.000,0.900,0.000,2.000,3.317,0.002,0.002,5.000
30.000,2090.000,69.667,304.060,417.867,0.000,180.000,0.001,0.002,7.785,18.000,0.000,614.000,469.000,5.000,0.000,0.000,0.000,0.100,0.000,0.000,0.900,0.000,2.000,3.317,0.002,0.002,5.000
30.000,2091.000,69.700,304.037,417.865,0.000,180.000,0.001,-0.000,7.785,18.000,0.000,614.000,469.000,5.000,0.000,0.000,0.000,0.100,0.000,0.000,0.900,0.000,2.000,3.072,-0.000,-0.000,5.000
30.000,2092.000,69.733,303.727,417.790,0.000,180.000,0.001,-0.000,7.785,18.000,0.000,614.000,469.000,5.000,0.000,0.000,0.000,0.100,0.000,0.000,0.900,0.000,2.000,3.072,-0.000,-0.000,5.000
30.000,2093.000,69.767,303.650,417.635,0.000,180.000,0.001,-0.000,7.785,18.000,0.000,614.000,469.000,5.000,0.000,0.000,0.000,0.100,0.000,0.000,0.900,0.000,2.000,3.072,-0.000,-0.000,5.000
30.000,2094.000,69.800,303.737,417.708,0.000,180.000,0.001,-0.000,7.785,18.000,0.000,614.000,469.000,5.000,0.000,0.000,0.000,0.100,0.000,0.000,0.900,0.000,2.000,3.072,-0.000,-0.000,5.000
30.000,2095.000,69.833,303.535,417.450,0.000,180.000,0.001,-0.000,7.785,18.000,0.000,614.000,469.000,5.000,0.000,0.000,0.000,0.100,0.000,0.000,0.900,0.000,2.000,3.072,-0.000,-0.000,5.000
30.000,2096.000,69.867,303.543,417.180,0.000,180.000,0.001,-0.000,7.785,18.000,0.000,614.000,469.000,5.000,0.000,0.000,0.000,0.100,0.000,0.000,0.900,0.000,2.000,3.072,-0.000,-0.000,5.000
30.000,2097.000,69.900,303.514,416.780,0.000,180.000,0.001,0.005,7.785,18.000,0.000,614.000,469.000,5.000,0.000,0.000,0.000,0.100,0.000,0.000,0.900,0.000,2.000,7.103,0.005,0.005,5.000
30.000,2098.000,69.933,303.425,416.650,0.000,180.000,0.001,0.005,7.785,18.000,0.000,614.000,469.000,5.000,0.000,0.000,0.000,0.100,0.000,0.000,0.900,0.000,2.000,7.103,0.005,0.005,5.000
30.000,2099.000,69.967,303.368,416.622,0.000,180.000,0.001,0.005,7.785,18.000,0.000,614.000,469.000,5.000,0.000,0.000,0.000,0.100,0.000,0.000,0.900,0.000,2.000,7.103,0.005,0.005,5.000
30.000,2100.000,70.000,303.115,416.452,0.000,180.000,0.001,0.005,7.785,18.000,0.000,614.000,469.000,5.000,0.000,0.000,0.000,0.100,0.000,0.000,0.900,0.000,2.000,7.103,0.005,0.005,5.000
30.000,2101.000,70.033,302.563,416.864,0.000,180.000,0.001,0.005,7.785,18.000,0.000,614.000,469.000,5.000,0.000,0.000,0.000,0.100,0.000,0.000,0.900,0.000,2.000,7.103,0.005,0.005,5.000
30.000,2102.000,70.067,302.407,416.485,0.000,180.000,0.001,0.005,7.785,18.000,0.000,614.000,469.000,5.000,0.000,0.000,0.000,0.100,0.000,0.000,0.900,0.000,2.000,7.103,0.005,0.005,5.000
30.000,2103.000,70.100,302.395,416.278,0.000,180.000,0.001,0.007,7.785,18.000,0.000,614.000,469.000,5.000,0.000,0.000,0.000,0.100,0.000,0.000,0.900,0.000,2.000,10.898,0.007,0.007,5.000
30.000,2104.000,70.133,302.273,416.346,0.000,180.000,0.001,0.007,7.785,18.000,0.000,614.000,469.000,5.000,0.000,0.000,0.000,0.100,0.000,0.000,0.900,0.000,2.000,10.898,0.007,0.007,5.000
30.000,2105.000,70.167,302.078,416.383,0.000,180.000,0.001,0.007,7.785,18.000,0.000,614.000,469.000,5.000,0.000,0.000,0.000,0.100,0.000,0.000,0.900,0.000,2.000,10.898,0.007,0.007,5.000
30.000,2106.000,70.200,301.564,416.065,0.000,180.000,0.001,0.007,7.785,18.000,0.000,614.000,469.000,5.000,0.000,0.000,0.000,0.100,0.000,0.000,0.900,0.000,2.000,10.898,0.007,0.007,5.000
30.000,2107.000,70.233,301.447,415.889,0.000,180.000,0.001,0.007,7.785,18.000,0.000,614.000,469.000,5.000,0.000,0.000,0.000,0.100,0.000,0.000,0.900,0.000,2.000,10.898,0.007,0.007,5.000
30.000,2108.000,70.267,301.406,415.784,0.000,180.000,0.001,0.007,7.785,18.000,0.000,614.000,469.000,5.000,0.000,0.000,0.000,0.100,0.000,0.000,0.900,0.000,2.000,10.898,0.007,0.007,5.000
30.000,2109.000,70.300,301.507,415.510,0.000,180.000,0.001,0.012,7.785,18.000,0.000,614.000,469.000,5.000,0.000,0.000,0.000,0.100,0.000,0.000,0.900,0.000,2.000,14.229,0.012,0.012,5.000
30.000,2110.000,70.333,301.372,415.462,0.000,180.000,0.001,0.012,7.785,18.000,0.000,614.000,469.000,5.000,0.000,0.000,0.000,0.100,0.000,0.000,0.900,0.000,2.000,14.229,0.012,0.012,5.000
30.000,2111.000,70.367,301.269,415.101,0.000,180.000,0.001,0.012,7.785,18.000,0.000,614.000,469.000,5.000,0.000,0.000,0.000,0.100,0.000,0.000,0.900,0.000,2.000,14.229,0.012,0.012,5.000
30.000,2112.000,70.400,301.223,414.985,0.000,180.000,0.001,0.012,7.785,18.000,0.000,614.000,469.000,5.000,0.000,0.000,0.000,0.100,0.000,0.000,0.900,0.000,2.000,14.229,0.012,0.012,5.000
30.000,2113.000,70.433,300.797,414.813,0.000,180.000,0.001,0.012,7.785,18.000,0.000,614.000,469.000,5.000,0.000,0.000,0.000,0.100,0.000,0.000,0.900,0.000,2.000,14.229,0.012,0.012,5.000
30.000,2114.000,70.467,300.563,415.049,0.000,180.000,0.001,0.012,7.785,18.000,0.000,614.000,469.000,5.000,0.000,0.000,0.000,0.100,0.000,0.000,0.900,0.000,2.000,14.229,0.012,0.012,5.000
30.000,2115.000,70.500,300.726,415.027,0.000,180.000,0.001,0.015,7.785,18.000,0.000,614.000,469.000,5.000,0.000,0.000,0.000,0.100,0.000,0.000,0.900,0.000,2.000,12.065,0.015,0.015,5.000
30.000,2116.000,70.533,300.513,415.019,0.000,180.000,0.001,0.015,7.785,18.000,0.000,614.000,469.000,5.000,0.000,0.000,0.000,0.100,0.000,0.000,0.900,0.000,2.000,12.065,0.015,0.015,5.000
30.000,2117.000,70.567,300.358,414.867,0.000,180.000,0.001,0.015,7.785,18.000,0.000,614.000,469.000,5.000,0.000,0.000,0.000,0.100,0.000,0.000,0.900,0.000,2.000,12.065,0.015,0.015,5.000
30.000,2118.000,70.600,300.189,414.714,0.000,180.000,0.001,0.015,7.785,18.000,0.000,614.000,469.000,5.000,0.000,0.000,0.000,0.100,0.000,0.000,0.900,0.000,2.000,12.065,0.015,0.015,5.000
30.000,2119.000,70.633,300.226,414.541,0.000,180.000,0.001,0.015,7.785,18.000,0.000,614.000,469.000,5.000,0.000,0.000,0.000,0.100,0.000,0.000,0.900,0.000,2.000,12.065,0.015,0.015,5.000
30.000,2120.000,70.667,299.886,414.472,0.000,180.000,0.001,0.015,7.785,18.000,0.000,614.000,469.000,5.000,0.000,0.000,0.000,0.100,0.000,0.000,0.900,0.000,2.000,12.065,0.015,0.015,5.000
30.000,2121.000,70.700,300.019,414.124,0.000,180.000,0.001,0.003,7.785,18.000,0.000,614.000,469.000,5.000,0.000,0.000,0.000,0.100,0.000,0.000,0.900,0.000,2.000,6.072,0.003,0.003,5.000
30.000,2122.000,70.733,300.098,414.337,0.000,180.000,0.001,0.003,7.785,18.000,0.000,614.000,469.000,5.000,0.000,0.000,0.000,0.100,0.000,0.000,0.900,0.000,2.000,6.072,0.003,0.003,5.000
30.000,2123.000,70.767,300.274,414.155,0.000,180.000,0.001,0.003,7.785,18.000,0.000,614.000,469.000,5.000,0.000,0.000,0.000,0.100,0.000,0.000,0.900,0.000,2.000,6.072,0.003,0.003,5.000
30.000,2124.000,70.800,300.179,414.034,0.000,180.000,0.001,0.003,7.785,18.000,0.000,614.000,469.000,5.000,0.000,0.000,0.000,0.100,0.000,0.000,0.900,0.000,2.000,6.072,0.003,0.003,5.000
30.000,2125.000,70.833,300.034,413.938,0.000,180.000,0.001,0.003,7.785,18.000,0.000,614.000,469.000,5.000,0.000,0.000,0.000,0.100,0.000,0.000,0.900,0.000,2.000,6.072,0.003,0.003,5.000
30.000,2126.000,70.867,299.786,413.540,0.000,180.000,0.001,0.003,7.785,18.000,0.000,614.000,469.000,5.000,0.000,0.000,0.000,0.100,0.000,0.000,0.900,0.000,2.000,6.072,0.003,0.003,5.000
30.000,2127.000,70.900,300.216,413.494,0.000,180.000,0.001,0.009,7.785,18.000,0.000,614.000,469.000,5.000,0.000,0.000,0.000,0.100,0.000,0.000,0.900,0.000,2.000,6.076,0.009,0.009,5.000
30.000,2128.000,70.933,299.730,413.334,0.000,180.000,0.001,0.009,7.785,18.000,0.000,614.000,469.000,5.000,0.000,0.000,0.000,0.100,0.000,0.000,0.900,0.000,2.000,6.076,0.009,0.009,5.000
30.000,2129.000,70.967,299.688,412.964,0.000,180.000,0.001,0.009,7.785,18.000,0.000,614.000,469.000,5.000,0.000,0.000,0.000,0.100,0.000,0.000,0.900,0.000,2.000,6.076,0.009,0.009,5.000
30.000,2130.000,71.000,299.506,412.930,0.000,180.000,0.001,0.009,7.785,18.000,0.000,614.000,469.000,5.000,0.000,0.000,0.000,0.100,0.000,0.000,0.900,0.000,2.000,6.076,0.009,0.009,5.000
30.000,2131.000,71.033,299.443,413.012,0.000,180.000,0.001,0.009,7.785,18.000,0.000,614.000,469.000,5.000,0.000,0.000,0.000,0.100,0.000,0.000,0.900,0.000,2.000,6.076,0.009,0.009,5.000
30.000,2132.000,71.067,299.181,412.787,0.000,180.000,0.001,0.009,7.785,18.000,0.000,614.000,469.000,5.000,0.000,0.000,0.000,0.100,0.000,0.000,0.900,0.000,2.000,6.076,0.009,0.009,5.000
30.000,2133.000,71.100,299.095,412.764,0.000,180.000,0.001,0.013,7.785,18.000,0.000,614.000,469.000,5.000,0.000,0.000,0.000,0.100,0.000,0.000,0.900,0.000,2.000,10.539,0.013,0.013,5.000
30.000,2134.000,71.133,298.953,412.683,0.000,180.000,0.001,0.013,7.785,18.000,0.000,614.000,469.000,5.000,0.000,0.000,0.000,0.100,0.000,0.000,0.900,0.000,2.000,10.539,0.013,0.013,5.000
30.000,2135.000,71.167,298.983,412.786,0.000,180.000,0.001,0.013,7.785,18.000,0.000,614.000,469.000,5.000,0.000,0.000,0.000,0.100,0.000,0.000,0.900,0.000,2.000,10.539,0.013,0.013,5.000
30.000,2136.000,71.200,298.695,412.639,0.000,180.000,0.001,0.013,7.785,18.000,0.000,614.000,469.000,5.000,0.000,0.000,0.000,0.100,0.000,0.000,0.900,0.000,2.000,10.539,0.013,0.013,5.000
30.000,2137.000,71.233,298.455,412.577,0.000,180.000,0.001,0.013,7.785,18.000,0.000,614.000,469.000,5.000,0.000,0.000,0.000,0.100,0.000,0.000,0.900,0.000,2.000,10.539,0.013,0.013,5.000
30.000,2138.000,71.267,298.405,412.555,0.000,180.000,0.001,0.013,7.785,18.000,0.000,614.000,469.000,5.000,0.000,0.000,0.000,0.100,0.000,0.000,0.900,0.000,2.000,10.539,0.013,0.013,5.000
30.000,2139.000,71.300,298.329,412.437,0.000,180.000,0.001,0.004,7.785,18.000,0.000,614.000,469.000,5.000,0.000,0.000,0.000,0.100,0.000,0.000,0.900,0.000,2.000,10.367,0.004,0.004,5.000
30.000,2140.000,71.333,298.263,412.462,0.000,180.000,0.001,0.004,7.785,18.000,0.000,614.000,469.000,5.000,0.000,0.000,0.000,0.100,0.000,0.000,0.900,0.000,2.000,10.367,0.004,0.004,5.000
30.000,2141.000,71.367,298.110,412.198,0.000,180.000,0.001,0.004,7.785,18.000,0.000,614.000,469.000,5.000,0.000,0.000,0.000,0.100,0.000,0.000,0.900,0.000,2.000,10.367,0.004,0.004,5.000
30.000,2142.000,71.400,297.743,412.109,0.000,180.000,0.001,0.004,7.785,18.000,0.000,614.000,469.000,5.000,0.000,0.000,0.000,0.100,0.000,0.000,0.900,0.000,2.000,10.367,0.004,0.004,5.000
30.000,2143.000,71.433,297.612,411.759,0.000,180.000,0.001,0.004,7.785,18.000,0.000,614.000,469.000,5.000,0.000,0.000,0.000,0.100,0.000,0.000,0.900,0.000,2.000,10.367,0.004,0.004,5.000
30.000,2144.000,71.467,297.545,411.543,0.000,180.000,0.001,0.004,7.785,18.000,0.000,614.000,469.000,5.000,0.000,0.000,0.000,0.100,0.000,0.000,0.900,0.000,2.000,10.367,0.004,0.004,5.000
30.000,2145.000,71.500,297.333,411.462,0.000,180.000,0.001,0.010,7.785,18.000,0.000,614.000,469.000,5.000,0.000,0.000,0.000,0.100,0.000,0.000,0.900,0.000,2.000,11.278,0.010,0.010,5.000
30.000,2146.000,71.533,297.052,411.620,0.000,180.000,0.001,0.010,7.785,18.000,0.000,614.000,469.000,5.000,0.000,0.000,0.000,0.100,0.000,0.000,0.900,0.000,2.000,11.278,0.010,0.010,5.000
30.000,2147.000,71.567,296.524,411.495,0.000,180.000,0.001,0.010,7.785,18.000,0.000,614.000,469.000,5.000,0.000,0.000,0.000,0.100,0.000,0.000,0.900,0.000,2.000,11.278,0.010,0.010,5.000
30.000,2148.000,71.600,296.504,411.233,0.000,180.000,0.001,0.010,7.785,18.000,0.000,614.000,469.000,5.000,0.000,0.000,0.000,0.100,0.000,0.000,0.900,0.000,2.000,11.278,0.010,0.010,5.000
30.000,2149.000,71.633,296.342,411.277,0.000,180.000,0.001,0.010,7.785,18.000,0.000,614.000,469.000,5.000,0.000,0.000,0.000,0.100,0.000,0.000,0.900,0.000,2.000,11.278,0.010,0.010,5.000
30.010,2150.000,71.644,296.275,411.065,0.000,180.000,0.001,0.010,7.785,18.000,0.000,614.000,469.000,5.000,0.000,0.000,0.000,0.100,0.000,0.000,0.900,0.000,2.000,11.278,0.010,0.010,5.000
30.010,2151.000,71.677,296.103,410.683,0.000,180.000,0.001,0.004,7.785,18.000,0.000,614.000,469.000,5.000,0.000,0.000,0.000,0.100,0.000,0.000,0.900,0.000,2.000,13.040,0.004,0.004,5.000
30.010,2152.000,71.710,295.865,410.616,0.000,180.000,0.001,0.004,7.785,18.000,0.000,614.000,469.000,5.000,0.000,0.000,0.000,0.100,0.000,0.000,0.900,0.000,2.000,13.040,0.004,0.004,5.000
30.010,2153.000,71.744,295.695,410.346,0.000,180.000,0.001,0.004,7.785,18.000,0.000,614.000,469.000,5.000,0.000,0.000,0.000,0.100,0.000,0.000,0.900,0.000,2.000,13.040,0.004,0.004,5.000
30.010,2154.000,71.777,295.623,410.190,0.000,180.000,0.001,0.004,7.785,18.000,0.000,614.000,469.000,5.000,0.000,0.000,0.000,0.100,0.000,0.000,0.900,0.000,2.000,13.040,0.004,0.004,5.000
30.010,2155.000,71.810,295.535,410.012,0.000,180.000,0.001,0.004,7.785,18.000,0.000,614.000,469.000,5.000,0.000,0.000,0.000,0.100,0.000,0.000,0.900,0.000,2.000,13.040,0.004,0.004,5.000
30.010,2156.000,71.843,295.763,409.819,0.000,180.000,0.001,0.004,7.785,18.000,0.000,614.000,469.000,5.000,0.000,0.000,0.000,0.100,0.000,0.000,0.900,0.000,2.000,13.040,0.004,0.004,5.000
30.010,2157.000,71.877,295.563,409.876,0.000,180.000,0.001,0.017,7.785,18.000,0.000,614.000,469.000,5.000,0.000,0.000,0.000,0.100,0.000,0.000,0.900,0.000,2.000,14.402,0.017,0.017,5.000
30.010,2158.000,71.910,295.485,409.466,0.000,180.000,0.001,0.017,7.785,18.000,0.000,614.000,469.000,5.000,0.000,0.000,0.000,0.100,0.000,0.000,0.900,0.000,2.000,14.402,0.017,0.017,5.000
30.010,2159.000,71.943,295.420,409.146,0.000,180.000,0.001,0.017,7.785,18.000,0.000,614.000,469.000,5.000,0.000,0.000,0.000,0.100,0.000,0.000,0.900,0.000,2.000,14.402,0.017,0.017,5.000
30.010,2160.000,71.977,295.394,409.242,0.000,180.000,0.001,0.017,7.785,18.000,0.000,614.000,469.000,5.000,0.000,0.000,0.000,0.100,0.000,0.000,0.900,0.000,2.000,14.402,0.017,0.017,5.000
30.010,2161.000,72.010,295.284,409.150,0.000,180.000,0.001,0.017,7.785,18.000,0.000,614.000,469.000,5.000,0.000,0.000,0.000,0.100,0.000,0.000,0.900,0.000,2.000,14.402,0.017,0.017,5.000
30.010,2162.000,72.043,295.069,409.229,0.000,180.000,0.001,0.017,7.785,18.000,0.000,614.000,469.000,5.000,0.000,0.000,0.000,0.100,0.000,0.000,0.900,0.000,2.000,14.402,0.017,0.017,5.000
30.010,2163.000,72.077,295.092,409.150,0.000,180.000,0.001,0.012,7.785,18.000,0.000,614.000,469.000,5.000,0.000,0.000,0.000,0.100,0.000,0.000,0.900,0.000,2.000,8.616,0.012,0.012,5.000
30.010,2164.000,72.110,294.692,408.834,0.000,180.000,0.001,0.012,7.785,18.000,0.000,614.000,469.000,5.000,0.000,0.000,0.000,0.100,0.000,0.000,0.900,0.000,2.000,8.616,0.012,0.012,5.000
30.010,2165.000,72.143,294.646,408.947,0.000,180.000,0.001,0.012,7.785,18.000,0.000,614.000,469.000,5.000,0.000,0.000,0.000,0.100,0.000,0.000,0.900,0.000,2.000,8.616,0.012,0.012,5.000
30.010,2166.000,72.177,294.551,408.961,0.000,180.000,0.001,0.012,7.785,18.000,0.000,614.000,469.000,5.000,0.000,0.000,0.000,0.100,0.000,0.000,0.900,0.000,2.000,8.616,0.012,0.012,5.000
30.010,2167.000,72.210,294.343,409.068,0.000,180.000,0.001,0.012,7.785,18.000,0.000,614.000,469.000,5.000,0.000,0.000,0.000,0.100,0.000,0.000,0.900,0.000,2.000,8.616,0.012,0.012,5.000
30.010,2168.000,72.243,294.267,409.061,0.000,180.000,0.001,0.012,7.785,18.000,0.000,614.000,469.000,5.000,0.000,0.000,0.000,0.100,0.000,0.000,0.900,0.000,2.000,8.616,0.012,0.012,5.000
30.010,2169.000,72.277,294.292,409.435,0.000,180.000,0.001,-0.001,7.785,18.000,0.000,614.000,469.000,5.000,0.000,0.000,0.000,0.100,0.000,0.000,0.900,0.000,2.000,9.068,-0.001,-0.001,5.000
30.010,2170.000,72.310,294.279,409.248,0.000,180.000,0.001,-0.001,7.785,18.000,0.000,614.000,469.000,5.000,0.000,0.000,0.000,0.100,0.000,0.000,0.900,0.000,2.000,9.068,-0.001,-0.001,5.000
30.010,2171.000,72.343,294.209,409.353,0.000,180.000,0.001,-0.001,7.785,18.000,0.000,614.000,469.000,5.000,0.000,0.000,0.000,0.100,0.000,0.000,0.900,0.000,2.000,9.068,-0.001,-0.001,5.000
30.010,2172.000,72.377,294.000,409.231,0.000,180.000,0.001,-0.001,7.785,18.000,0.000,614.000,469.000,5.000,0.000,0.000,0.000,0.100,0.000,0.000,0.900,0.000,2.000,9.068,-0.001,-0.001,5.000
30.010,2173.000,72.410,293.803,409.307,0.000,180.000,0.001,-0.001,7.785,18.000,0.000,614.000,469.000,5.000,0.000,0.000,0.000,0.100,0.000,0.000,0.900,0.000,2.000,9.068,-0.001,-0.001,5.000
30.010,2174.000,72.443,293.665,409.086,0.000,180.000,0.001,-0.001,7.785,18.000,0.000,614.000,469.000,5.000,0.000,0.000,0.000,0.100,0.000,0.000,0.900,0.000,2.000,9.068,-0.001,-0.001,5.000
30.010,2175.000,72.477,293.612,409.051,0.000,180.000,0.001,-0.005,7.785,18.000,0.000,614.000,469.000,5.000,0.000,0.000,0.000,0.100,0.000,0.000,0.900,0.000,2.000,5.669,-0.005,-0.005,5.000
30.010,2176.000,72.510,293.540,409.195,0.000,180.000,0.001,-0.005,7.785,18.000,0.000,614.000,469.000,5.000,0.000,0.000,0.000,0.100,0.000,0.000,0.900,0.000,2.000,5.669,-0.005,-0.005,5.000
30.010,2177.000,72.543,293.446,409.103,0.000,180.000,0.001,-0.005,7.785,18.000,0.000,614.000,469.000,5.000,0.000,0.000,0.000,0.100,0.000,0.000,0.900,0.000,2.000,5.669,-0.005,-0.005,5.000
30.010,2178.000,72.577,293.516,409.156,0.000,180.000,0.001,-0.005,7.785,18.000,0.000,614.000,469.000,5.000,0.000,0.000,0.000,0.100,0.000,0.000,0.900,0.000,2.000,5.669,-0.005,-0.005,5.000
30.010,2179.000,72.610,293.476,409.121,0.000,180.000,0.001,-0.005,7.785,18.000,0.000,614.000,469.000,5.000,0.000,0.000,0.000,0.100,0.000,0.000,0.900,0.000,2.000,5.669,-0.005,-0.005,5.000
30.000,2180.000,72.667,293.461,409.266,0.000,180.000,0.001,-0.005,7.785,18.000,0.000,614.000,469.000,5.000,0.000,0.000,0.000,0.100,0.000,0.000,0.900,0.000,2.000,5.669,-0.005,-0.005,5.000
30.000,2181.000,72.700,293.427,409.098,0.000,180.000,0.001,0.002,7.785,18.000,0.000,614.000,469.000,5.000,0.000,0.000,0.000,0.100,0.000,0.000,0.900,0.000,2.000,3.609,0.002,0.002,5.000
30.000,2182.000,72.733,293.306,408.882,0.000,180.000,0.001,0.002,7.785,18.000,0.000,614.000,469.000,5.000,0.000,0.000,0.000,0.100,0.000,0.000,0.900,0.000,2.000,3.609,0.002,0.002,5.000
30.000,2183.000,72.767,293.545,408.766,0.000,180.000,0.001,0.002,7.785,18.000,0.000,614.000,469.000,5.000,0.000,0.000,0.000,0.100,0.000,0.000,0.900,0.000,2.000,3.609,0.002,0.002,5.000
30.000,2184.000,72.800,293.564,408.569,0.000,180.000,0.001,0.002,7.785,18.000,0.000,614.000,469.000,5.000,0.000,0.000,0.000,0.100,0.000,0.000,0.900,0.000,2.000,3.609,0.002,0.002,5.000
30.000,2185.000,72.833,293.717,408.298,0.000,180.000,0.001,0.002,7.785,18.000,0.000,614.000,469.000,5.000,0.000,0.000,0.000,0.100,0.000,0.000,0.900,0.000,2.000,3.609,0.002,0.002,5.000
30.000,2186.000,72.867,294.124,408.392,0.000,180.000,0.001,0.002,7.785,18.000,0.000,614.000,469.000,5.000,0.000,0.000,0.000,0.100,0.000,0.000,0.900,0.000,2.000,3.609,0.002,0.002,5.000
30.000,2187.000,72.900,293.993,408.066,0.000,180.000,0.001,0.013,7.785,18.000,0.000,614.000,469.000,5.000,0.000,0.000,0.000,0.100,0.000,0.000,0.900,0.000,2.000,8.241,0.013,0.013,5.000
30.000,2188.000,72.933,294.180,407.910,0.000,180.000,0.001,0.013,7.785,18.000,0.000,614.000,469.000,5.000,0.000,0.000,0.000,0.100,0.000,0.000,0.900,0.000,2.000,8.241,0.013,0.013,5.000
30.000,2189.000,72.967,293.974,407.894,0.000,180.000,0.001,0.013,7.785,18.000,0.000,614.000,469.000,5.000,0.000,0.000,0.000,0.100,0.000,0.000,0.900,0.000,2.000,8.241,0.013,0.013,5.000
30.000,2190.000,73.000,293.827,407.751,0.000,180.000,0.001,0.013,7.785,18.000,0.000,614.000,469.000,5.000,0.000,0.000,0.000,0.100,0.000,0.000,0.900,0.000,2.000,8.241,0.013,0.013,5.000
30.000,2191.000,73.033,293.716,407.762,0.000,180.000,0.001,0.013,7.785,18.000,0.000,614.000,469.000,5.000,0.000,0.000,0.000,0.100,0.000,0.000,0.900,0.000,2.000,8.241,0.013,0.013,5.000
30.000,2192.000,73.067,293.279,407.856,0.000,180.000,0.001,0.013,7.785,18.000,0.000,614.000,469.000,5.000,0.000,0.000,0.000,0.100,0.000,0.000,0.900,0.000,2.000,8.241,0.013,0.013,5.000
30.000,2193.000,73.100,293.060,407.908,0.000,180.000,0.001,0.008,7.785,18.000,0.000,614.000,469.000,5.000,0.000,0.000,0.000,0.100,0.000,0.000,0.900,0.000,2.000,5.139,0.008,0.008,5.000
30.000,2194.000,73.133,292.735,407.791,0.000,180.000,0.001,0.008,7.785,18.000,0.000,614.000,469.000,5.000,0.000,0.000,0.000,0.100,0.000,0.000,0.900,0.000,2.000,5.139,0.008,0.008,5.000
30.000,2195.000,73.167,292.650,407.633,0.000,180.000,0.001,0.008,7.785,18.000,0.000,614.000,469.000,5.000,0.000,0.000,0.000,0.100,0.000,0.000,0.900,0.000,2.000,5.139,0.008,0.008,5.000
30.000,2196.000,73.200,292.461,407.405,0.000,180.000,0.001,0.008,7.785,18.000,0.000,614.000,469.000,5.000,0.000,0.000,0.000,0.100,0.000,0.000,0.900,0.000,2.000,5.139,0.008,0.008,5.000
30.000,2197.000,73.233,292.443,407.384,0.000,180.000,0.001,0.008,7.785,18.000,0.000,614.000,469.000,5.000,0.000,0.000,0.000,0.100,0.000,0.000,0.900,0.000,2.000,5.139,0.008,0.008,5.000
30.000,2198.000,73.267,292.315,407.262,0.000,180.000,0.001,0.008,7.785,18.000,0.000,614.000,469.000,5.000,0.000,0.000,0.000,0.100,0.000,0.000,0.900,0.000,2.000,5.139,0.008,0.008,5.000
30.000,2199.000,73.300,292.187,407.158,0.000,180.000,0.001,0.002,7.785,18.000,0.000,614.000,469.000,5.000,0.000,0.000,0.000,0.100,0.000,0.000,0.900,0.000,2.000,12.751,0.002,0.002,5.000
30.000,2200.000,73.333,291.539,406.846,0.000,180.000,0.001,0.002,7.785,18.000,0.000,614.000,469.000,5.000,0.000,0.000,0.000,0.100,0.000,0.000,0.900,0.000,2.000,12.751,0.002,0.002,5.000
30.000,2201.000,73.367,291.539,406.956,0.000,180.000,0.001,0.002,7.785,18.000,0.000,614.000,469.000,5.000,0.000,0.000,0.000,0.100,0.000,0.000,0.900,0.000,2.000,12.751,0.002,0.002,5.000
30.000,2202.000,73.400,291.499,407.095,0.000,180.000,0.001,0.002,7.785,18.000,0.000,614.000,469.000,5.000,0.000,0.000,0.000,0.100,0.000,0.000,0.900,0.000,2.000,12.751,0.002,0.002,5.000
30.000,2203.000,73.433,291.521,407.200,0.000,180.000,0.001,0.002,7.785,18.000,0.000,614.000,469.000,5.000,0.000,0.000,0.000,0.100,0.000,0.000,0.900,0.000,2.000,12.751,0.002,0.002,5.000
30.000,2204.000,73.467,291.529,407.441,0.000,180.000,0.001,0.002,7.785,18.000,0.000,614.000,469.000,5.000,0.000,0.000,0.000,0.100,0.000,0.000,0.900,0.000,2.000,12.751,0.002,0.002,5.000
30.000,2205.000,73.500,291.470,407.358,0.000,180.000,0.001,0.000,7.785,18.000,0.000,614.000,469.000,5.000,0.000,0.000,0.000,0.100,0.000,0.000,0.900,0.000,2.000,9.025,0.000,0.000,5.000
30.000,2206.000,73.533,291.419,407.056,0.000,180.000,0.001,0.000,7.785,18.000,0.000,614.000,469.000,5.000,0.000,0.000,0.000,0.100,0.000,0.000,0.900,0.000,2.000,9.025,0.000,0.000,5.000
30.000,2207.000,73.567,291.559,406.658,0.000,180.000,0.001,0.000,7.785,18.000,0.000,614.000,469.000,5.000,0.000,0.000,0.000,0.100,0.000,0.000,0.900,0.000,2.000,9.025,0.000,0.000,5.000
30.000,2208.000,73.600,291.703,406.601,0.000,180.000,0.001,0.000,7.785,18.000,0.000,614.000,469.000,5.000,0.000,0.000,0.000,0.100,0.000,0.000,0.900,0.000,2.000,9.025,0.000,0.000,5.000
30.000,2209.000,73.633,291.783,406.569,0.000,180.000,0.001,0.000,7.785,18.000,0.000,614.000,469.000,5.000,0.000,0.000,0.000,0.100,0.000,0.000,0.900,0.000,2.000,9.025,0.000,0.000,5.000
30.000,2210.000,73.667,291.614,406.183,0.000,180.000,0.001,0.000,7.785,18.000,0.000,614.000,469.000,5.000,0.000,0.000,0.000,0.100,0.000,0.000,0.900,0.000,2.000,9.025,0.000,0.000,5.000
30.000,2211.000,73.700,291.793,405.993,0.000,180.000,0.001,0.010,7.785,18.000,0.000,614.000,469.000,5.000,0.000,0.000,0.000,0.100,0.000,0.000,0.900,0.000,2.000,6.559,0.010,0.010,5.000
30.000,2212.000,73.733,291.672,405.590,0.000,180.000,0.001,0.010,7.785,18.000,0.000,614.000,469.000,5.000,0.000,0.000,0.000,0.100,0.000,0.000,0.900,0.000,2.000,6.559,0.010,0.010,5.000
30.000,2213.000,73.767,291.388,405.973,0.000,180.000,0.001,0.010,7.785,18.000,0.000,614.000,469.000,5.000,0.000,0.000,0.000,0.100,0.000,0.000,0.900,0.000,2.000,6.559,0.010,0.010,5.000
30.000,2214.000,73.800,291.532,405.609,0.000,180.000,0.001,0.010,7.785,18.000,0.000,614.000,469.000,5.000,0.000,0.000,0.000,0.100,0.000,0.000,0.900,0.000,2.000,6.559,0.010,0.010,5.000
30.000,2215.000,73.833,291.590,405.615,0.000,180.000,0.001,0.010,7.785,18.000,0.000,614.000,469.000,5.000,0.000,0.000,0.000,0.100,0.000,0.000,0.900,0.000,2.000,6.559,0.010,0.010,5.000
30.000,2216.000,73.867,291.473,405.824,0.000,180.000,0.001,0.010,7.785,18.000,0.000,614.000,469.000,5.000,0.000,0.000,0.000,0.100,0.000,0.000,0.900,0.000,2.000,6.559,0.010,0.010,5.000
30.000,2217.000,73.900,291.310,405.486,0.000,180.000,0.001,0.014,7.785,18.000,0.000,614.000,469.000,5.000,0.000,0.000,0.000,0.100,0.000,0.000,0.900,0.000,2.000,9.343,0.014,0.014,5.000
30.000,2218.000,73.933,291.195,405.394,0.000,180.000,0.001,0.014,7.785,18.000,0.000,614.000,469.000,5.000,0.000,0.000,0.000,0.100,0.000,0.000,0.900,0.000,2.000,9.343,0.014,0.014,5.000
30.000,2219.000,73.967,291.254,405.135,0.000,180.000,0.001,0.014,7.785,18.000,0.000,614.000,469.000,5.000,0.000,0.000,0.000,0.100,0.000,0.000,0.900,0.000,2.000,9.343,0.014,0.014,5.000
30.000,2220.000,74.000,290.980,404.939,0.000,180.000,0.001,0.014,7.785,18.000,0.000,614.000,469.000,5.000,0.000,0.000,0.000,0.100,0.000,0.000,0.900,0.000,2.000,9.343,0.014,0.014,5.000
30.000,2221.000,74.033,290.848,404.728,0.000,180.000,0.001,0.014,7.785,18.000,0.000,614.000,469.000,5.000,0.000,0.000,0.000,0.100,0.000,0.000,0.900,0.000,2.000,9.343,0.014,0.014,5.000
30.000,2222.000,74.067,290.631,404.560,0.000,180.000,0.001,0.014,7.785,18.000,0.000,614.000,469.000,5.000,0.000,0.000,0.000,0.100,0.000,0.000,0.900,0.000,2.000,9.343,0.014,0.014,5.000
30.000,2223.000,74.100,290.579,404.547,0.000,180.000,0.001,0.011,7.785,18.000,0.000,614.000,469.000,5.000,0.000,0.000,0.000,0.100,0.000,0.000,0.900,0.000,2.000,11.102,0.011,0.011,5.000
30.000,2224.000,74.133,290.535,404.400,0.000,180.000,0.001,0.011,7.785,18.000,0.000,614.000,469.000,5.000,0.000,0.000,0.000,0.100,0.000,0.000,0.900,0.000,2.000,11.102,0.011,0.011,5.000
30.000,2225.000,74.167,290.374,404.362,0.000,180.000,0.001,0.011,7.785,18.000,0.000,614.000,469.000,5.000,0.000,0.000,0.000,0.100,0.000,0.000,0.900,0.000,2.000,11.102,0.011,0.011,5.000
30.000,2226.000,74.200,290.320,404.245,0.000,180.000,0.001,0.011,7.785,18.000,0.000,614.000,469.000,5.000,0.000,0.000,0.000,0.100,0.000,0.000,0.900,0.000,2.000,11.102,0.011,0.011,5.000
30.000,2227.000,74.233,290.312,404.085,0.000,180.000,0.001,0.011,7.785,18.000,0.000,614.000,469.000,5.000,0.000,0.000,0.000,0.100,0.000,0.000,0.900,0.000,2.000,11.102,0.011,0.011,5.000
30.000,2228.000,74.267,290.217,403.836,0.000,180.000,0.001,0.011,7.785,18.000,0.000,614.000,469.000,5.000,0.000,0.000,0.000,0.100,0.000,0.000,0.900,0.000,2.000,11.102,0.011,0.011,5.000
30.000,2229.000,74.300,290.264,403.817,0.000,180.000,0.001,0.008,7.785,18.000,0.000,614.000,469.000,5.000,0.000,0.000,0.000,0.100,0.000,0.000,0.900,0.000,2.000,8.041,0.008,0.008,5.000
30.000,2230.000,74.333,290.081,403.455,0.000,180.000,0.001,0.008,7.785,18.000,0.000,614.000,469.000,5.000,0.000,0.000,0.000,0.100,0.000,0.000,0.900,0.000,2.000,8.041,0.008,0.008,5.000
30.000,2231.000,74.367,289.722,403.473,0.000,180.000,0.001,0.008,7.785,18.000,0.000,614.000,469.000,5.000,0.000,0.000,0.000,0.100,0.000,0.000,0.900,0.000,2.000,8.041,0.008,0.008,5.000
30.000,2232.000,74.400,289.608,403.382,0.000,180.000,0.001,0.008,7.785,18.000,0.000,614.000,469.000,5.000,0.000,0.000,0.000,0.100,0.000,0.000,0.900,0.000,2.000,8.041,0.008,0.008,5.000
30.000,2233.000,74.433,289.545,403.410,0.000,180.000,0.001,0.008,7.785,18.000,0.000,614.000,469.000,5.000,0.000,0.000,0.000,0.100,0.000,0.000,0.900,0.000,2.000,8.041,0.008,0.008,5.000
30.000,2234.000,74.467,289.384,403.379,0.000,180.000,0.001,0.008,7.785,18.000,0.000,614.000,469.000,5.000,0.000,0.000,0.000,0.100,0.000,0.000,0.900,0.000,2.000,8.041,0.008,0.008,5.000
30.000,2235.000,74.500,289.264,403.350,0.000,180.000,0.001,0.008,7.785,18.000,0.000,614.000,469.000,5.000,0.000,0.000,0.000,0.100,0.000,0.000,0.900,0.000,2.000,9.797,0.008,0.008,5.000
30.000,2236.000,74.533,288.911,403.163,0.000,180.000,0.001,0.008,7.785,18.000,0.000,614.000,469.000,5.000,0.000,0.000,0.000,0.100,0.000,0.000,0.900,0.000,2.000,9.797,0.008,0.008,5.000
30.000,2237.000,74.567,288.740,402.935,0.000,180.000,0.001,0.008,7.785,18.000,0.000,614.000,469.000,5.000,0.000,0.000,0.000,0.100,0.000,0.000,0.900,0.000,2.000,9.797,0.008,0.008,5.000
30.000,2238.000,74.600,288.554,402.654,0.000,180.000,0.001,0.008,7.785,18.000,0.000,614.000,469.000,5.000,0.000,0.000,0.000,0.100,0.000,0.000,0.900,0.000,2.000,9.797,0.008,0.008,5.000
30.000,2239.000,74.633,288.395,402.529,0.000,180.000,0.001,0.008,7.785,18.000,0.000,614.000,469.000,5.000,0.000,0.000,0.000,0.100,0.000,0.000,0.900,0.000,2.000,9.797,0.008,0.008,5.000
30.000,2240.000,74.667,288.143,402.342,0.000,180.000,0.001,0.008,7.785,18.000,0.000,614.000,469.000,5.000,0.000,0.000,0.000,0.100,0.000,0.000,0.900,0.000,2.000,9.797,0.008,0.008,5.000
30.000,2241.000,74.700,288.370,402.287,0.000,180.000,0.001,0.010,7.785,18.000,0.000,614.000,469.000,5.000,0.000,0.000,0.000,0.100,0.000,0.000,0.900,0.000,2.000,13.910,0.010,0.010,5.000
30.000,2242.000,74.733,288.202,402.134,0.000,180.000,0.001,0.010,7.785,18.000,0.000,614.000,469.000,5.000,0.000,0.000,0.000,0.100,0.000,0.000,0.900,0.000,2.000,13.910,0.010,0.010,5.000
30.000,2243.000,74.767,287.974,402.218,0.000,180.000,0.001,0.010,7.785,18.000,0.000,614.000,469.000,5.000,0.000,0.000,0.000,0.100,0.000,0.000,0.900,0.000,2.000,13.910,0.010,0.010,5.000
30.000,2244.000,74.800,287.805,402.077,0.000,180.000,0.001,0.010,7.785,18.000,0.000,614.000,469.000,5.000,0.000,0.000,0.000,0.100,0.000,0.000,0.900,0.000,2.000,13.910,0.010,0.010,5.000
30.000,2245.000,74.833,287.479,401.915,0.000,180.000,0.001,0.010,7.785,18.000,0.000,614.000,469.000,5.000,0.000,0.000,0.000,0.100,0.000,0.000,0.900,0.000,2.000,13.910,0.010,0.010,5.000
30.000,2246.000,74.867,287.271,401.734,0.000,180.000,0.001,0.010,7.785,18.000,0.000,614.000,469.000,5.000,0.000,0.000,0.000,0.100,0.000,0.000,0.900,0.000,2.000,13.910,0.010,0.010,5.000
30.000,2247.000,74.900,287.227,401.802,0.000,180.000,0.001,0.006,7.785,18.000,0.000,614.000,469.000,5.000,0.000,0.000,0.000,0.100,0.000,0.000,0.900,0.000,2.000,10.587,0.006,0.006,5.000
30.000,2248.000,74.933,287.127,401.761,0.000,180.000,0.001,0.006,7.785,18.000,0.000,614.000,469.000,5.000,0.000,0.000,0.000,0.100,0.000,0.000,0.900,0.000,2.000,10.587,0.006,0.006,5.000
30.000,2249.000,74.967,287.075,401.710,0.000,180.000,0.001,0.006,7.785,18.000,0.000,614.000,469.000,5.000,0.000,0.000,0.000,0.100,0.000,0.000,0.900,0.000,2.000,10.587,0.006,0.006,5.000
30.000,2250.000,75.000,287.240,401.750,0.000,180.000,0.001,0.006,7.785,18.000,0.000,614.000,469.000,5.000,0.000,0.000,0.000,0.100,0.000,0.000,0.900,0.000,2.000,10.587,0.006,0.006,5.000
30.000,2251.000,75.033,286.934,401.625,0.000,180.000,0.001,0.006,7.785,18.000,0.000,614.000,469.000,5.000,0.000,0.000,0.000,0.100,0.000,0.000,0.900,0.000,2.000,10.587,0.006,0.006,5.000
30.000,2252.000,75.067,287.075,401.284,0.000,180.000,0.001,0.006,7.785,18.000,0.000,614.000,469.000,5.000,0.000,0.000,0.000,0.100,0.000,0.000,0.900,0.000,2.000,10.587,0.006,0.006,5.000
30.000,2253.000,75.100,286.930,401.263,0.000,180.000,0.001,0.003,7.785,18.000,0.000,614.000,469.000,5.000,0.000,0.000,0.000,0.100,0.000,0.000,0.900,0.000,2.000,5.925,0.003,0.003,5.000
30.000,2254.000,75.133,286.750,400.990,0.000,180.000,0.001,0.003,7.785,18.000,0.000,614.000,469.000,5.000,0.000,0.000,0.000,0.100,0.000,0.000,0.900,0.000,2.000,5.925,0.003,0.003,5.000
30.000,2255.000,75.167,286.875,400.993,0.000,180.000,0.001,0.003,7.785,18.000,0.000,614.000,469.000,5.000,0.000,0.000,0.000,0.100,0.000,0.000,0.900,0.000,2.000,5.925,0.003,0.003,5.000
30.000,2256.000,75.200,286.639,401.098,0.000,180.000,0.001,0.003,7.785,18.000,0.000,614.000,469.000,5.000,0.000,0.000,0.000,0.100,0.000,0.000,0.900,0.000,2.000,5.925,0.003,0.003,5.000
30.000,2257.000,75.233,286.785,400.763,0.000,180.000,0.001,0.003,7.785,18.000,0.000,614.000,469.000,5.000,0.000,0.000,0.000,0.100,0.000,0.000,0.900,0.000,2.000,5.925,0.003,0.003,5.000
30.000,2258.000,75.267,286.573,400.627,0.000,180.000,0.001,0.003,7.785,18.000,0.000,614.000,469.000,5.000,0.000,0.000,0.000,0.100,0.000,0.000,0.900,0.000,2.000,5.925,0.003,0.003,5.000
30.000,2259.000,75.300,286.746,400.451,0.000,180.000,0.001,0.012,7.785,18.000,0.000,614.000,469.000,5.000,0.000,0.000,0.000,0.100,0.000,0.000,0.900,0.000,2.000,8.399,0.012,0.012,5.000
30.000,2260.000,75.333,286.821,400.493,0.000,180.000,0.001,0.012,7.785,18.000,0.000,614.000,469.000,5.000,0.000,0.000,0.000,0.100,0.000,0.000,0.900,0.000,2.000,8.399,0.012,0.012,5.000
30.000,2261.000,75.367,286.588,400.262,0.000,180.000,0.001,0.012,7.785,18.000,0.000,614.000,469.000,5.000,0.000,0.000,0.000,0.100,0.000,0.000,0.900,0.000,2.000,8.399,0.012,0.012,5.000
30.000,2262.000,75.400,286.433,400.045,0.000,180.000,0.001,0.012,7.785,18.000,0.000,614.000,469.000,5.000,0.000,0.000,0.000,0.100,0.000,0.000,0.900,0.000,2.000,8.399,0.012,0.012,5.000
30.000,2263.000,75.433,285.983,399.950,0.000,180.000,0.001,0.012,7.785,18.000,0.000,614.000,469.000,5.000,0.000,0.000,0.000,0.100,0.000,0.000,0.900,0.000,2.000,8.399,0.012,0.012,5.000
30.000,2264.000,75.467,286.099,399.798,0.000,180.000,0.001,0.012,7.785,18.000,0.000,614.000,469.000,5.000,0.000,0.000,0.000,0.100,0.000,0.000,0.900,0.000,2.000,8.399,0.012,0.012,5.000
30.000,2269.000,75.633,286.052,399.393,0.000,180.000,0.001,0.009,7.785,18.000,0.000,614.000,469.000,5.000,0.000,0.000,0.000,0.100,0.000,0.000,0.900,0.000,2.000,10.961,0.009,0.009,5.000
30.000,2270.000,75.667,285.938,399.351,0.000,180.000,0.001,0.009,7.785,18.000,0.000,614.000,469.000,5.000,0.000,0.000,0.000,0.100,0.000,0.000,0.900,0.000,2.000,10.961,0.009,0.009,5.000
30.010,2271.000,75.676,285.663,399.238,0.000,180.000,0.001,0.008,7.785,18.000,0.000,614.000,469.000,5.000,0.000,0.000,0.000,0.100,0.000,0.000,0.900,0.000,2.000,5.392,0.008,0.008,5.000
30.010,2272.000,75.709,285.860,399.063,0.000,180.000,0.001,0.008,7.785,18.000,0.000,614.000,469.000,5.000,0.000,0.000,0.000,0.100,0.000,0.000,0.900,0.000,2.000,5.392,0.008,0.008,5.000
30.010,2273.000,75.742,285.589,398.919,0.000,180.000,0.001,0.008,7.785,18.000,0.000,614.000,469.000,5.000,0.000,0.000,0.000,0.100,0.000,0.000,0.900,0.000,2.000,5.392,0.008,0.008,5.000
30.010,2274.000,75.776,285.811,398.476,0.000,180.000,0.001,0.008,7.785,18.000,0.000,614.000,469.000,5.000,0.000,0.000,0.000,0.100,0.000,0.000,0.900,0.000,2.000,5.392,0.008,0.008,5.000
30.010,2275.000,75.809,285.680,398.362,0.000,180.000,0.001,0.008,7.785,18.000,0.000,614.000,469.000,5.000,0.000,0.000,0.000,0.100,0.000,0.000,0.900,0.000,2.000,5.392,0.008,0.008,5.000
30.010,2276.000,75.842,285.434,398.215,0.000,180.000,0.001,0.008,7.785,18.000,0.000,614.000,469.000,5.000,0.000,0.000,0.000,0.100,0.000,0.000,0.900,0.000,2.000,5.392,0.008,0.008,5.000
30.010,2277.000,75.876,285.559,398.017,0.000,180.000,0.001,0.014,7.785,18.000,0.000,614.000,469.000,5.000,0.000,0.000,0.000,0.100,0.000,0.000,0.900,0.000,2.000,10.519,0.014,0.014,5.000
30.010,2278.000,75.909,285.586,397.809,0.000,180.000,0.001,0.014,7.785,18.000,0.000,614.000,469.000,5.000,0.000,0.000,0.000,0.100,0.000,0.000,0.900,0.000,2.000,10.519,0.014,0.014,5.000
30.010,2279.000,75.942,285.397,397.841,0.000,180.000,0.001,0.014,7.785,18.000,0.000,614.000,469.000,5.000,0.000,0.000,0.000,0.100,0.000,0.000,0.900,0.000,2.000,10.519,0.014,0.014,5.000
30.010,2280.000,75.975,285.346,397.947,0.000,180.000,0.001,0.014,7.785,18.000,0.000,614.000,469.000,5.000,0.000,0.000,0.000,0.100,0.000,0.000,0.900,0.000,2.000,10.519,0.014,0.014,5.000
30.010,2281.000,76.009,285.333,397.684,0.000,180.000,0.001,0.014,7.785,18.000,0.000,614.000,469.000,5.000,0.000,0.000,0.000,0.100,0.000,0.000,0.900,0.000,2.000,10.519,0.014,0.014,5.000
30.010,2282.000,76.042,285.026,397.818,0.000,180.000,0.001,0.014,7.785,18.000,0.000,614.000,469.000,5.000,0.000,0.000,0.000,0.100,0.000,0.000,0.900,0.000,2.000,10.519,0.014,0.014,5.000
30.010,2283.000,76.075,284.969,397.877,0.000,180.000,0.001,0.009,7.785,18.000,0.000,614.000,469.000,5.000,0.000,0.000,0.000,0.100,0.000,0.000,0.900,0.000,2.000,7.315,0.009,0.009,5.000
30.010,2284.000,76.109,285.096,397.871,0.000,180.000,0.001,0.009,7.785,18.000,0.000,614.000,469.000,5.000,0.000,0.000,0.000,0.100,0.000,0.000,0.900,0.000,2.000,7.315,0.009,0.009,5.000
30.010,2285.000,76.142,285.325,397.845,0.000,180.000,0.001,0.009,7.785,18.000,0.000,614.000,469.000,5.000,0.000,0.000,0.000,0.100,0.000,0.000,0.900,0.000,2.000,7.315,0.009,0.009,5.000
30.010,2286.000,76.175,285.304,397.898,0.000,180.000,0.001,0.009,7.785,18.000,0.000,614.000,469.000,5.000,0.000,0.000,0.000,0.100,0.000,0.000,0.900,0.000,2.000,7.315,0.009,0.009,5.000
30.010,2287.000,76.209,285.249,397.613,0.000,180.000,0.001,0.009,7.785,18.000,0.000,614.000,469.000,5.000,0.000,0.000,0.000,0.100,0.000,0.000,0.900,0.000,2.000,7.315,0.009,0.009,5.000
30.010,2288.000,76.242,285.060,397.706,0.000,180.000,0.001,0.009,7.785,18.000,0.000,614.000,469.000,5.000,0.000,0.000,0.000,0.100,0.000,0.000,0.900,0.000,2.000,7.315,0.009,0.009,5.000
30.010,2289.000,76.275,285.040,397.337,0.000,180.000,0.001,0.001,7.785,18.000,0.000,614.000,469.000,5.000,0.000,0.000,0.000,0.100,0.000,0.000,0.900,0.000,2.000,1.053,0.001,0.001,5.000
30.010,2290.000,76.309,285.300,397.048,0.000,180.000,0.001,0.001,7.785,18.000,0.000,614.000,469.000,5.000,0.000,0.000,0.000,0.100,0.000,0.000,0.900,0.000,2.000,1.053,0.001,0.001,5.000
30.010,2291.000,76.342,285.177,397.273,0.000,180.000,0.001,0.001,7.785,18.000,0.000,614.000,469.000,5.000,0.000,0.000,0.000,0.100,0.000,0.000,0.900,0.000,2.000,1.053,0.001,0.001,5.000
30.010,2292.000,76.375,285.112,397.190,0.000,180.000,0.001,0.001,7.785,18.000,0.000,614.000,469.000,5.000,0.000,0.000,0.000,0.100,0.000,0.000,0.900,0.000,2.000,1.053,0.001,0.001,5.000
30.010,2293.000,76.409,284.953,396.955,0.000,180.000,0.001,0.001,7.785,18.000,0.000,614.000,469.000,5.000,0.000,0.000,0.000,0.100,0.000,0.000,0.900,0.000,2.000,1.053,0.001,0.001,5.000
30.010,2294.000,76.442,284.590,396.924,0.000,180.000,0.001,0.001,7.785,18.000,0.000,614.000,469.000,5.000,0.000,0.000,0.000,0.100,0.000,0.000,0.900,0.000,2.000,1.053,0.001,0.001,5.000
30.010,2295.000,76.475,284.466,396.752,0.000,180.000,0.001,0.009,7.785,18.000,0.000,614.000,469.000,5.000,0.000,0.000,0.000,0.100,0.000,0.000,0.900,0.000,2.000,6.925,0.009,0.009,5.000
30.010,2296.000,76.509,284.640,396.647,0.000,180.000,0.001,0.009,7.785,18.000,0.000,614.000,469.000,5.000,0.000,0.000,0.000,0.100,0.000,0.000,0.900,0.000,2.000,6.925,0.009,0.009,5.000
30.010,2297.000,76.542,284.668,396.484,0.000,180.000,0.001,0.009,7.785,18.000,0.000,614.000,469.000,5.000,0.000,0.000,0.000,0.100,0.000,0.000,0.900,0.000,2.000,6.925,0.009,0.009,5.000
30.010,2298.000,76.575,284.527,396.310,0.000,180.000,0.001,0.009,7.785,18.000,0.000,614.000,469.000,5.000,0.000,0.000,0.000,0.100,0.000,0.000,0.900,0.000,2.000,6.925,0.009,0.009,5.000
30.010,2299.000,76.609,284.381,396.211,0.000,180.000,0.001,0.009,7.785,18.000,0.000,614.000,469.000,5.000,0.000,0.000,0.000,0.100,0.000,0.000,0.900,0.000,2.000,6.925,0.009,0.009,5.000
30.010,2300.000,76.642,284.210,396.194,0.000,180.000,0.001,0.009,7.785,18.000,0.000,614.000,469.000,5.000,0.000,0.000,0.000,0.100,0.000,0.000,0.900,0.000,2.000,6.925,0.009,0.009,5.000
30.000,2301.000,76.700,283.881,395.761,0.000,180.000,0.001,0.009,7.785,18.000,0.000,614.000,469.000,5.000,0.000,0.000,0.000,0.100,0.000,0.000,0.900,0.000,2.000,9.006,0.009,0.009,5.000
30.000,2302.000,76.733,283.750,395.726,0.000,180.000,0.001,0.009,7.785,18.000,0.000,614.000,469.000,5.000,0.000,0.000,0.000,0.100,0.000,0.000,0.900,0.000,2.000,9.006,0.009,0.009,5.000
30.000,2303.000,76.767,283.784,395.266,0.000,180.000,0.001,0.009,7.785,18.000,0.000,614.000,469.000,5.000,0.000,0.000,0.000,0.100,0.000,0.000,0.900,0.000,2.000,9.006,0.009,0.009,5.000
30.000,2304.000,76.800,283.607,395.247,0.000,180.000,0.001,0.009,7.785,18.000,0.000,614.000,469.000,5.000,0.000,0.000,0.000,0.100,0.000,0.000,0.900,0.000,2.000,9.006,0.009,0.009,5.000
30.000,2305.000,76.833,283.531,395.226,0.000,180.000,0.001,0.009,7.785,18.000,0.000,614.000,469.000,5.000,0.000,0.000,0.000,0.100,0.000,0.000,0.900,0.000,2.000,9.006,0.009,0.009,5.000
30.000,2306.000,76.867,283.491,395.097,0.000,180.000,0.001,0.009,7.785,18.000,0.000,614.000,469.000,5.000,0.000,0.000,0.000,0.100,0.000,0.000,0.900,0.000,2.000,9.006,0.009,0.009,5.000
30.000,2307.000,76.900,283.348,394.869,0.000,180.000,0.001,0.011,7.785,18.000,0.000,614.000,469.000,5.000,0.000,0.000,0.000,0.100,0.000,0.000,0.900,0.000,2.000,12.491,0.011,0.011,5.000
30.000,2308.000,76.933,283.159,394.475,0.000,180.000,0.001,0.011,7.785,18.000,0.000,614.000,469.000,5.000,0.000,0.000,0.000,0.100,0.000,0.000,0.900,0.000,2.000,12.491,0.011,0.011,5.000
30.000,2309.000,76.967,282.876,394.444,0.000,180.000,0.001,0.011,7.785,18.000,0.000,614.000,469.000,5.000,0.000,0.000,0.000,0.100,0.000,0.000,0.900,0.000,2.000,12.491,0.011,0.011,5.000
30.000,2310.000,77.000,282.748,394.340,0.000,180.000,0.001,0.011,7.785,18.000,0.000,614.000,469.000,5.000,0.000,0.000,0.000,0.100,0.000,0.000,0.900,0.000,2.000,12.491,0.011,0.011,5.000
30.000,2311.000,77.033,282.450,394.419,0.000,180.000,0.001,0.011,7.785,18.000,0.000,614.000,469.000,5.000,0.000,0.000,0.000,0.100,0.000,0.000,0.900,0.000,2.000,12.491,0.011,0.011,5.000
30.000,2312.000,77.067,282.014,394.305,0.000,180.000,0.001,0.011,7.785,18.000,0.000,614.000,469.000,5.000,0.000,0.000,0.000,0.100,0.000,0.000,0.900,0.000,2.000,12.491,0.011,0.011,5.000
30.000,2313.000,77.100,281.704,394.235,0.000,180.000,0.001,0.008,7.785,18.000,0.000,614.000,469.000,5.000,0.000,0.000,0.000,0.100,0.000,0.000,0.900,0.000,2.000,12.950,0.008,0.008,5.000
30.000,2314.000,77.133,281.831,393.936,0.000,180.000,0.001,0.008,7.785,18.000,0.000,614.000,469.000,5.000,0.000,0.000,0.000,0.100,0.000,0.000,0.900,0.000,2.000,12.950,0.008,0.008,5.000
30.000,2315.000,77.167,281.549,393.850,0.000,180.000,0.001,0.008,7.785,18.000,0.000,614.000,469.000,5.000,0.000,0.000,0.000,0.100,0.000,0.000,0.900,0.000,2.000,12.950,0.008,0.008,5.000
30.000,2316.000,77.200,281.338,393.381,0.000,180.000,0.001,0.008,7.785,18.000,0.000,614.000,469.000,5.000,0.000,0.000,0.000,0.100,0.000,0.000,0.900,0.000,2.000,12.950,0.008,0.008,5.000
30.000,2317.000,77.233,281.055,393.355,0.000,180.000,0.001,0.008,7.785,18.000,0.000,614.000,469.000,5.000,0.000,0.000,0.000,0.100,0.000,0.000,0.900,0.000,2.000,12.950,0.008,0.008,5.000
30.000,2318.000,77.267,280.965,393.002,0.000,180.000,0.001,0.008,7.785,18.000,0.000,614.000,469.000,5.000,0.000,0.000,0.000,0.100,0.000,0.000,0.900,0.000,2.000,12.950,0.008,0.008,5.000
30.000,2319.000,77.300,280.797,392.873,0.000,180.000,0.001,0.011,7.785,18.000,0.000,614.000,469.000,5.000,0.000,0.000,0.000,0.100,0.000,0.000,0.900,0.000,2.000,16.846,0.011,0.011,5.000
30.000,2320.000,77.333,280.723,392.799,0.000,180.000,0.001,0.011,7.785,18.000,0.000,614.000,469.000,5.000,0.000,0.000,0.000,0.100,0.000,0.000,0.900,0.000,2.000,16.846,0.011,0.011,5.000
30.000,2321.000,77.367,280.925,392.425,0.000,180.000,0.001,0.011,7.785,18.000,0.000,614.000,469.000,5.000,0.000,0.000,0.000,0.100,0.000,0.000,0.900,0.000,2.000,16.846,0.011,0.011,5.000
30.000,2322.000,77.400,281.140,392.398,0.000,180.000,0.001,0.011,7.785,18.000,0.000,614.000,469.000,5.000,0.000,0.000,0.000,0.100,0.000,0.000,0.900,0.000,2.000,16.846,0.011,0.011,5.000
30.000,2323.000,77.433,281.173,392.209,0.000,180.000,0.001,0.011,7.785,18.000,0.000,614.000,469.000,5.000,0.000,0.000,0.000,0.100,0.000,0.000,0.900,0.000,2.000,16.846,0.011,0.011,5.000
30.000,2324.000,77.467,280.846,392.284,0.000,180.000,0.001,0.011,7.785,18.000,0.000,614.000,469.000,5.000,0.000,0.000,0.000,0.100,0.000,0.000,0.900,0.000,2.000,16.846,0.011,0.011,5.000
30.000,2325.000,77.500,280.950,391.809,0.000,180.000,0.001,0.017,7.785,18.000,0.000,614.000,469.000,5.000,0.000,0.000,0.000,0.100,0.000,0.000,0.900,0.000,2.000,11.058,0.017,0.017,5.000
30.000,2326.000,77.533,280.774,391.691,0.000,180.000,0.001,0.017,7.785,18.000,0.000,614.000,469.000,5.000,0.000,0.000,0.000,0.100,0.000,0.000,0.900,0.000,2.000,11.058,0.017,0.017,5.000
30.000,2327.000,77.567,280.408,391.539,0.000,180.000,0.001,0.017,7.785,18.000,0.000,614.000,469.000,5.000,0.000,0.000,0.000,0.100,0.000,0.000,0.900,0.000,2.000,11.058,0.017,0.017,5.000
30.000,2328.000,77.600,280.656,391.448,0.000,180.000,0.001,0.017,7.785,18.000,0.000,614.000,469.000,5.000,0.000,0.000,0.000,0.100,0.000,0.000,0.900,0.000,2.000,11.058,0.017,0.017,5.000
30.000,2329.000,77.633,280.681,391.265,0.000,180.000,0.001,0.017,7.785,18.000,0.000,614.000,469.000,5.000,0.000,0.000,0.000,0.100,0.000,0.000,0.900,0.000,2.000,11.058,0.017,0.017,5.000
30.000,2330.000,77.667,280.510,391.179,0.000,180.000,0.001,0.017,7.785,18.000,0.000,614.000,469.000,5.000,0.000,0.000,0.000,0.100,0.000,0.000,0.900,0.000,2.000,11.058,0.017,0.017,5.000
29.970,2331.000,77.778,280.488,391.142,0.000,180.000,0.001,0.012,7.785,18.000,0.000,614.000,469.000,5.000,0.000,0.000,0.000,0.100,0.000,0.000,0.900,0.000,2.000,10.220,0.012,0.012,5.000
29.970,2332.000,77.811,280.314,390.910,0.000,180.000,0.001,0.012,7.785,18.000,0.000,614.000,469.000,5.000,0.000,0.000,0.000,0.100,0.000,0.000,0.900,0.000,2.000,10.220,0.012,0.012,5.000
29.970,2333.000,77.844,280.064,390.450,0.000,180.000,0.001,0.012,7.785,18.000,0.000,614.000,469.000,5.000,0.000,0.000,0.000,0.100,0.000,0.000,0.900,0.000,2.000,10.220,0.012,0.012,5.000
29.970,2334.000,77.878,280.074,390.696,0.000,180.000,0.001,0.012,7.785,18.000,0.000,614.000,469.000,5.000,0.000,0.000,0.000,0.100,0.000,0.000,0.900,0.000,2.000,10.220,0.012,0.012,5.000
29.970,2335.000,77.911,279.941,390.832,0.000,180.000,0.001,0.012,7.785,18.000,0.000,614.000,469.000,5.000,0.000,0.000,0.000,0.100,0.000,0.000,0.900,0.000,2.000,10.220,0.012,0.012,5.000
29.970,2336.000,77.945,279.821,390.606,0.000,180.000,0.001,0.012,7.785,18.000,0.000,614.000,469.000,5.000,0.000,0.000,0.000,0.100,0.000,0.000,0.900,0.000,2.000,10.220,0.012,0.012,5.000
29.970,2337.000,77.978,279.602,390.407,0.000,180.000,0.001,0.004,7.785,18.000,0.000,614.000,469.000,5.000,0.000,0.000,0.000,0.100,0.000,0.000,0.900,0.000,2.000,8.233,0.004,0.004,5.000
29.970,2338.000,78.011,279.361,390.328,0.000,180.000,0.001,0.004,7.785,18.000,0.000,614.000,469.000,5.000,0.000,0.000,0.000,0.100,0.000,0.000,0.900,0.000,2.000,8.233,0.004,0.004,5.000
29.970,2339.000,78.045,279.174,390.254,0.000,180.000,0.001,0.004,7.785,18.000,0.000,614.000,469.000,5.000,0.000,0.000,0.000,0.100,0.000,0.000,0.900,0.000,2.000,8.233,0.004,0.004,5.000
29.970,2340.000,78.078,279.099,389.929,0.000,180.000,0.001,0.004,7.785,18.000,0.000,614.000,469.000,5.000,0.000,0.000,0.000,0.100,0.000,0.000,0.900,0.000,2.000,8.233,0.004,0.004,5.000
29.970,2341.000,78.111,278.945,389.821,0.000,180.000,0.001,0.004,7.785,18.000,0.000,614.000,469.000,5.000,0.000,0.000,0.000,0.100,0.000,0.000,0.900,0.000,2.000,8.233,0.004,0.004,5.000
29.970,2342.000,78.145,279.002,389.409,0.000,180.000,0.001,0.004,7.785,18.000,0.000,614.000,469.000,5.000,0.000,0.000,0.000,0.100,0.000,0.000,0.900,0.000,2.000,8.233,0.004,0.004,5.000
29.970,2343.000,78.178,278.888,389.336,0.000,180.000,0.001,0.011,7.785,18.000,0.000,614.000,469.000,5.000,0.000,0.000,0.000,0.100,0.000,0.000,0.900,0.000,2.000,13.616,0.011,0.011,5.000
29.970,2344.000,78.211,278.776,389.238,0.000,180.000,0.001,0.011,7.785,18.000,0.000,614.000,469.000,5.000,0.000,0.000,0.000,0.100,0.000,0.000,0.900,0.000,2.000,13.616,0.011,0.011,5.000
29.970,2345.000,78.245,278.681,389.115,0.000,180.000,0.001,0.011,7.785,18.000,0.000,614.000,469.000,5.000,0.000,0.000,0.000,0.100,0.000,0.000,0.900,0.000,2.000,13.616,0.011,0.011,5.000
29.970,2346.000,78.278,278.882,388.722,0.000,180.000,0.001,0.011,7.785,18.000,0.000,614.000,469.000,5.000,0.000,0.000,0.000,0.100,0.000,0.000,0.900,0.000,2.000,13.616,0.011,0.011,5.000
29.970,2347.000,78.312,278.969,388.518,0.000,180.000,0.001,0.011,7.785,18.000,0.000,614.000,469.000,5.000,0.000,0.000,0.000,0.100,0.000,0.000,0.900,0.000,2.000,13.616,0.011,0.011,5.000
29.970,2348.000,78.345,279.089,388.230,0.000,180.000,0.001,0.011,7.785,18.000,0.000,614.000,469.000,5.000,0.000,0.000,0.000,0.100,0.000,0.000,0.900,0.000,2.000,13.616,0.011,0.011,5.000
29.970,2349.000,78.378,278.946,388.178,0.000,180.000,0.001,0.018,7.785,18.000,0.000,614.000,469.000,5.000,0.000,0.000,0.000,0.100,0.000,0.000,0.900,0.000,2.000,12.517,0.018,0.018,5.000
29.970,2350.000,78.412,278.772,388.045,0.000,180.000,0.001,0.018,7.785,18.000,0.000,614.000,469.000,5.000,0.000,0.000,0.000,0.100,0.000,0.000,0.900,0.000,2.000,12.517,0.018,0.018,5.000
29.970,2351.000,78.445,278.436,387.560,0.000,180.000,0.001,0.018,7.785,18.000,0.000,614.000,469.000,5.000,0.000,0.000,0.000,0.100,0.000,0.000,0.900,0.000,2.000,12.517,0.018,0.018,5.000
29.970,2352.000,78.478,278.594,387.686,0.000,180.000,0.001,0.018,7.785,18.000,0.000,614.000,469.000,5.000,0.000,0.000,0.000,0.100,0.000,0.000,0.900,0.000,2.000,12.517,0.018,0.018,5.000
29.970,2353.000,78.512,278.308,387.475,0.000,180.000,0.001,0.018,7.785,18.000,0.000,614.000,469.000,5.000,0.000,0.000,0.000,0.100,0.000,0.000,0.900,0.000,2.000,12.517,0.018,0.018,5.000
29.970,2354.000,78.545,278.310,387.245,0.000,180.000,0.001,0.018,7.785,18.000,0.000,614.000,469.000,5.000,0.000,0.000,0.000,0.100,0.000,0.000,0.900,0.000,2.000,12.517,0.018,0.018,5.000
29.970,2355.000,78.579,278.255,387.059,0.000,180.000,0.001,0.012,7.785,18.000,0.000,614.000,469.000,5.000,0.000,0.000,0.000,0.100,0.000,0.000,0.900,0.000,2.000,11.854,0.012,0.012,5.000
29.970,2356.000,78.612,277.760,386.972,0.000,180.000,0.001,0.012,7.785,18.000,0.000,614.000,469.000,5.000,0.000,0.000,0.000,0.100,0.000,0.000,0.900,0.000,2.000,11.854,0.012,0.012,5.000
29.970,2357.000,78.645,277.685,386.852,0.000,180.000,0.001,0.012,7.785,18.000,0.000,614.000,469.000,5.000,0.000,0.000,0.000,0.100,0.000,0.000,0.900,0.000,2.000,11.854,0.012,0.012,5.000
29.970,2358.000,78.679,277.513,386.679,0.000,180.000,0.001,0.012,7.785,18.000,0.000,614.000,469.000,5.000,0.000,0.000,0.000,0.100,0.000,0.000,0.900,0.000,2.000,11.854,0.012,0.012,5.000
29.970,2359.000,78.712,277.317,386.499,0.000,180.000,0.001,0.012,7.785,18.000,0.000,614.000,469.000,5.000,0.000,0.000,0.000,0.100,0.000,0.000,0.900,0.000,2.000,11.854,0.012,0.012,5.000
29.970,2360.000,78.745,277.387,386.150,0.000,180.000,0.001,0.012,7.785,18.000,0.000,614.000,469.000,5.000,0.000,0.000,0.000,0.100,0.000,0.000,0.900,0.000,2.000,11.854,0.012,0.012,5.000
30.000,2361.000,78.700,277.541,386.280,0.000,180.000,0.001,0.010,7.785,18.000,0.000,614.000,469.000,5.000,0.000,0.000,0.000,0.100,0.000,0.000,0.900,0.000,2.000,13.350,0.010,0.010,5.000
30.000,2362.000,78.733,277.363,386.007,0.000,180.000,0.001,0.010,7.785,18.000,0.000,614.000,469.000,5.000,0.000,0.000,0.000,0.100,0.000,0.000,0.900,0.000,2.000,13.350,0.010,0.010,5.000
30.000,2363.000,78.767,276.991,385.693,0.000,180.000,0.001,0.010,7.785,18.000,0.000,614.000,469.000,5.000,0.000,0.000,0.000,0.100,0.000,0.000,0.900,0.000,2.000,13.350,0.010,0.010,5.000
30.000,2364.000,78.800,277.031,385.337,0.000,180.000,0.001,0.010,7.785,18.000,0.000,614.000,469.000,5.000,0.000,0.000,0.000,0.100,0.000,0.000,0.900,0.000,2.000,13.350,0.010,0.010,5.000
30.000,2365.000,78.833,276.845,385.331,0.000,180.000,0.001,0.010,7.785,18.000,0.000,614.000,469.000,5.000,0.000,0.000,0.000,0.100,0.000,0.000,0.900,0.000,2.000,13.350,0.010,0.010,5.000
30.000,2366.000,78.867,276.833,385.313,0.000,180.000,0.001,0.010,7.785,18.000,0.000,614.000,469.000,5.000,0.000,0.000,0.000,0.100,0.000,0.000,0.900,0.000,2.000,13.350,0.010,0.010,5.000
30.000,2367.000,78.900,276.714,385.274,0.000,180.000,0.001,0.015,7.785,18.000,0.000,614.000,469.000,5.000,0.000,0.000,0.000,0.100,0.000,0.000,0.900,0.000,2.000,12.093,0.015,0.015,5.000
30.000,2368.000,78.933,276.528,385.171,0.000,180.000,0.001,0.015,7.785,18.000,0.000,614.000,469.000,5.000,0.000,0.000,0.000,0.100,0.000,0.000,0.900,0.000,2.000,12.093,0.015,0.015,5.000
30.000,2369.000,78.967,276.442,385.203,0.000,180.000,0.001,0.015,7.785,18.000,0.000,614.000,469.000,5.000,0.000,0.000,0.000,0.100,0.000,0.000,0.900,0.000,2.000,12.093,0.015,0.015,5.000
30.000,2370.000,79.000,276.049,385.023,0.000,180.000,0.001,0.015,7.785,18.000,0.000,614.000,469.000,5.000,0.000,0.000,0.000,0.100,0.000,0.000,0.900,0.000,2.000,12.093,0.015,0.015,5.000
30.000,2371.000,79.033,275.911,384.988,0.000,180.000,0.001,0.015,7.785,18.000,0.000,614.000,469.000,5.000,0.000,0.000,0.000,0.100,0.000,0.000,0.900,0.000,2.000,12.093,0.015,0.015,5.000
30.000,2372.000,79.067,275.902,384.913,0.000,180.000,0.001,0.015,7.785,18.000,0.000,614.000,469.000,5.000,0.000,0.000,0.000,0.100,0.000,0.000,0.900,0.000,2.000,12.093,0.015,0.015,5.000
30.000,2373.000,79.100,275.883,384.893,0.000,180.000,0.001,0.002,7.785,18.000,0.000,614.000,469.000,5.000,0.000,0.000,0.000,0.100,0.000,0.000,0.900,0.000,2.000,9.553,0.002,0.002,5.000
30.000,2374.000,79.133,275.607,384.766,0.000,180.000,0.001,0.002,7.785,18.000,0.000,614.000,469.000,5.000,0.000,0.000,0.000,0.100,0.000,0.000,0.900,0.000,2.000,9.553,0.002,0.002,5.000
30.000,2375.000,79.167,275.348,384.334,0.000,180.000,0.001,0.002,7.785,18.000,0.000,614.000,469.000,5.000,0.000,0.000,0.000,0.100,0.000,0.000,0.900,0.000,2.000,9.553,0.002,0.002,5.000
30.000,2376.000,79.200,275.279,384.461,0.000,180.000,0.001,0.002,7.785,18.000,0.000,614.000,469.000,5.000,0.000,0.000,0.000,0.100,0.000,0.000,0.900,0.000,2.000,9.553,0.002,0.002,5.000
30.000,2377.000,79.233,275.256,384.385,0.000,180.000,0.001,0.002,7.785,18.000,0.000,614.000,469.000,5.000,0.000,0.000,0.000,0.100,0.000,0.000,0.900,0.000,2.000,9.553,0.002,0.002,5.000
30.000,2378.000,79.267,274.993,384.350,0.000,180.000,0.001,0.002,7.785,18.000,0.000,614.000,469.000,5.000,0.000,0.000,0.000,0.100,0.000,0.000,0.900,0.000,2.000,9.553,0.002,0.002,5.000
30.000,2379.000,79.300,274.988,384.190,0.000,180.000,0.001,0.006,7.785,18.000,0.000,614.000,469.000,5.000,0.000,0.000,0.000,0.100,0.000,0.000,0.900,0.000,2.000,8.546,0.006,0.006,5.000
30.000,2380.000,79.333,274.879,384.107,0.000,180.000,0.001,0.006,7.785,18.000,0.000,614.000,469.000,5.000,0.000,0.000,0.000,0.100,0.000,0.000,0.900,0.000,2.000,8.546,0.006,0.006,5.000
30.000,2381.000,79.367,274.618,384.258,0.000,180.000,0.001,0.006,7.785,18.000,0.000,614.000,469.000,5.000,0.000,0.000,0.000,0.100,0.000,0.000,0.900,0.000,2.000,8.546,0.006,0.006,5.000
30.000,2382.000,79.400,274.371,384.014,0.000,180.000,0.001,0.006,7.785,18.000,0.000,614.000,469.000,5.000,0.000,0.000,0.000,0.100,0.000,0.000,0.900,0.000,2.000,8.546,0.006,0.006,5.000
30.000,2383.000,79.433,274.338,383.922,0.000,180.000,0.001,0.006,7.785,18.000,0.000,614.000,469.000,5.000,0.000,0.000,0.000,0.100,0.000,0.000,0.900,0.000,2.000,8.546,0.006,0.006,5.000
30.000,2384.000,79.467,274.374,384.016,0.000,180.000,0.001,0.006,7.785,18.000,0.000,614.000,469.000,5.000,0.000,0.000,0.000,0.100,0.000,0.000,0.900,0.000,2.000,8.546,0.006,0.006,5.000
30.000,2385.000,79.500,274.419,383.969,0.000,180.000,0.001,0.003,7.785,18.000,0.000,614.000,469.000,5.000,0.000,0.000,0.000,0.100,0.000,0.000,0.900,0.000,2.000,9.870,0.003,0.003,5.000
30.000,2386.000,79.533,274.376,383.877,0.000,180.000,0.001,0.003,7.785,18.000,0.000,614.000,469.000,5.000,0.000,0.000,0.000,0.100,0.000,0.000,0.900,0.000,2.000,9.870,0.003,0.003,5.000
30.000,2387.000,79.567,274.297,383.573,0.000,180.000,0.001,0.003,7.785,18.000,0.000,614.000,469.000,5.000,0.000,0.000,0.000,0.100,0.000,0.000,0.900,0.000,2.000,9.870,0.003,0.003,5.000
30.000,2388.000,79.600,274.246,383.663,0.000,180.000,0.001,0.003,7.785,18.000,0.000,614.000,469.000,5.000,0.000,0.000,0.000,0.100,0.000,0.000,0.900,0.000,2.000,9.870,0.003,0.003,5.000
30.000,2389.000,79.633,274.044,383.214,0.000,180.000,0.001,0.003,7.785,18.000,0.000,614.000,469.000,5.000,0.000,0.000,0.000,0.100,0.000,0.000,0.900,0.000,2.000,9.870,0.003,0.003,5.000
30.000,2390.000,79.667,273.956,383.107,0.000,180.000,0.001,0.003,7.785,18.000,0.000,614.000,469.000,5.000,0.000,0.000,0.000,0.100,0.000,0.000,0.900,0.000,2.000,9.870,0.003,0.003,5.000
30.000,2391.000,79.700,273.866,383.102,0.000,180.000,0.001,0.009,7.785,18.000,0.000,614.000,469.000,5.000,0.000,0.000,0.000,0.100,0.000,0.000,0.900,0.000,2.000,7.355,0.009,0.009,5.000
30.010,2392.000,79.708,273.822,382.908,0.000,180.000,0.001,0.009,7.785,18.000,0.000,614.000,469.000,5.000,0.000,0.000,0.000,0.100,0.000,0.000,0.900,0.000,2.000,7.355,0.009,0.009,5.000
30.010,2393.000,79.741,273.795,382.501,0.000,180.000,0.001,0.009,7.785,18.000,0.000,614.000,469.000,5.000,0.000,0.000,0.000,0.100,0.000,0.000,0.900,0.000,2.000,7.355,0.009,0.009,5.000
30.010,2394.000,79.774,273.832,382.427,0.000,180.000,0.001,0.009,7.785,18.000,0.000,614.000,469.000,5.000,0.000,0.000,0.000,0.100,0.000,0.000,0.900,0.000,2.000,7.355,0.009,0.009,5.000
30.010,2395.000,79.808,273.839,382.420,0.000,180.000,0.001,0.009,7.785,18.000,0.000,614.000,469.000,5.000,0.000,0.000,0.000,0.100,0.000,0.000,0.900,0.000,2.000,7.355,0.009,0.009,5.000
30.010,2396.000,79.841,273.636,382.319,0.000,180.000,0.001,0.009,7.785,18.000,0.000,614.000,469.000,5.000,0.000,0.000,0.000,0.100,0.000,0.000,0.900,0.000,2.000,7.355,0.009,0.009,5.000
30.010,2397.000,79.874,273.772,382.117,0.000,180.000,0.001,0.010,7.785,18.000,0.000,614.000,469.000,5.000,0.000,0.000,0.000,0.100,0.000,0.000,0.900,0.000,2.000,7.881,0.010,0.010,5.000
30.010,2398.000,79.908,273.405,381.960,0.000,180.000,0.001,0.010,7.785,18.000,0.000,614.000,469.000,5.000,0.000,0.000,0.000,0.100,0.000,0.000,0.900,0.000,2.000,7.881,0.010,0.010,5.000
30.010,2399.000,79.941,273.310,381.730,0.000,180.000,0.001,0.010,7.785,18.000,0.000,614.000,469.000,5.000,0.000,0.000,0.000,0.100,0.000,0.000,0.900,0.000,2.000,7.881,0.010,0.010,5.000
30.010,2400.000,79.974,272.953,381.173,0.000,180.000,0.001,0.010,7.785,18.000,0.000,614.000,469.000,5.000,0.000,0.000,0.000,0.100,0.000,0.000,0.900,0.000,2.000,7.881,0.010,0.010,5.000
30.010,2401.000,80.008,272.897,381.249,0.000,180.000,0.001,0.010,7.785,18.000,0.000,614.000,469.000,5.000,0.000,0.000,0.000,0.100,0.000,0.000,0.900,0.000,2.000,7.881,0.010,0.010,5.000
30.010,2402.000,80.041,272.744,381.319,0.000,180.000,0.001,0.010,7.785,18.000,0.000,614.000,469.000,5.000,0.000,0.000,0.000,0.100,0.000,0.000,0.900,0.000,2.000,7.881,0.010,0.010,5.000
30.010,2403.000,80.074,272.954,381.185,0.000,180.000,0.001,0.013,7.785,18.000,0.000,614.000,469.000,5.000,0.000,0.000,0.000,0.100,0.000,0.000,0.900,0.000,2.000,14.420,0.013,0.013,5.000
30.010,2404.000,80.107,272.886,381.192,0.000,180.000,0.001,0.013,7.785,18.000,0.000,614.000,469.000,5.000,0.000,0.000,0.000,0.100,0.000,0.000,0.900,0.000,2.000,14.420,0.013,0.013,5.000
30.010,2405.000,80.141,272.698,381.159,0.000,180.000,0.001,0.013,7.785,18.000,0.000,614.000,469.000,5.000,0.000,0.000,0.000,0.100,0.000,0.000,0.900,0.000,2.000,14.420,0.013,0.013,5.000
30.010,2406.000,80.174,272.734,381.084,0.000,180.000,0.001,0.013,7.785,18.000,0.000,614.000,469.000,5.000,0.000,0.000,0.000,0.100,0.000,0.000,0.900,0.000,2.000,14.420,0.013,0.013,5.000
30.010,2407.000,80.207,272.736,381.077,0.000,180.000,0.001,0.013,7.785,18.000,0.000,614.000,469.000,5.000,0.000,0.000,0.000,0.100,0.000,0.000,0.900,0.000,2.000,14.420,0.013,0.013,5.000
30.010,2408.000,80.241,272.755,380.830,0.000,180.000,0.001,0.013,7.785,18.000,0.000,614.000,469.000,5.000,0.000,0.000,0.000,0.100,0.000,0.000,0.900,0.000,2.000,14.420,0.013,0.013,5.000
30.010,2409.000,80.274,272.888,380.755,0.000,180.000,0.001,0.002,7.785,18.000,0.000,614.000,469.000,5.000,0.000,0.000,0.000,0.100,0.000,0.000,0.900,0.000,2.000,2.267,0.002,0.002,5.000
30.010,2410.000,80.307,272.777,380.817,0.000,180.000,0.001,0.002,7.785,18.000,0.000,614.000,469.000,5.000,0.000,0.000,0.000,0.100,0.000,0.000,0.900,0.000,2.000,2.267,0.002,0.002,5.000
30.010,2411.000,80.341,272.595,380.663,0.000,180.000,0.001,0.002,7.785,18.000,0.000,614.000,469.000,5.000,0.000,0.000,0.000,0.100,0.000,0.000,0.900,0.000,2.000,2.267,0.002,0.002,5.000
30.010,2412.000,80.374,272.415,380.564,0.000,180.000,0.001,0.002,7.785,18.000,0.000,614.000,469.000,5.000,0.000,0.000,0.000,0.100,0.000,0.000,0.900,0.000,2.000,2.267,0.002,0.002,5.000
30.010,2413.000,80.407,272.553,380.307,0.000,180.000,0.001,0.002,7.785,18.000,0.000,614.000,469.000,5.000,0.000,0.000,0.000,0.100,0.000,0.000,0.900,0.000,2.000,2.267,0.002,0.002,5.000
30.010,2414.000,80.441,272.482,380.279,0.000,180.000,0.001,0.002,7.785,18.000,0.000,614.000,469.000,5.000,0.000,0.000,0.000,0.100,0.000,0.000,0.900,0.000,2.000,2.267,0.002,0.002,5.000
30.010,2415.000,80.474,272.399,380.273,0.000,180.000,0.001,0.010,7.785,18.000,0.000,614.000,469.000,5.000,0.000,0.000,0.000,0.100,0.000,0.000,0.900,0.000,2.000,7.595,0.010,0.010,5.000
30.010,2416.000,80.507,272.356,380.229,0.000,180.000,0.001,0.010,7.785,18.000,0.000,614.000,469.000,5.000,0.000,0.000,0.000,0.100,0.000,0.000,0.900,0.000,2.000,7.595,0.010,0.010,5.000
30.010,2417.000,80.541,272.332,380.092,0.000,180.000,0.001,0.010,7.785,18.000,0.000,614.000,469.000,5.000,0.000,0.000,0.000,0.100,0.000,0.000,0.900,0.000,2.000,7.595,0.010,0.010,5.000
30.010,2418.000,80.574,272.284,379.825,0.000,180.000,0.001,0.010,7.785,18.000,0.000,614.000,469.000,5.000,0.000,0.000,0.000,0.100,0.000,0.000,0.900,0.000,2.000,7.595,0.010,0.010,5.000
30.010,2419.000,80.607,272.005,379.822,0.000,180.000,0.001,0.010,7.785,18.000,0.000,614.000,469.000,5.000,0.000,0.000,0.000,0.100,0.000,0.000,0.900,0.000,2.000,7.595,0.010,0.010,5.000
30.010,2420.000,80.641,271.522,379.310,0.000,180.000,0.001,0.010,7.785,18.000,0.000,614.000,469.000,5.000,0.000,0.000,0.000,0.100,0.000,0.000,0.900,0.000,2.000,7.595,0.010,0.010,5.000
30.010,2421.000,80.674,271.399,378.971,0.000,180.000,0.001,0.005,7.785,18.000,0.000,614.000,469.000,5.000,0.000,0.000,0.000,0.100,0.000,0.000,0.900,0.000,2.000,7.029,0.005,0.005,5.000
30.000,2422.000,80.733,271.171,378.715,0.000,180.000,0.001,0.005,7.785,18.000,0.000,614.000,469.000,5.000,0.000,0.000,0.000,0.100,0.000,0.000,0.900,0.000,2.000,7.029,0.005,0.005,5.000
30.000,2423.000,80.767,271.288,378.531,0.000,180.000,0.001,0.005,7.785,18.000,0.000,614.000,469.000,5.000,0.000,0.000,0.000,0.100,0.000,0.000,0.900,0.000,2.000,7.029,0.005,0.005,5.000
30.000,2424.000,80.800,271.049,378.360,0.000,180.000,0.001,0.005,7.785,18.000,0.000,614.000,469.000,5.000,0.000,0.000,0.000,0.100,0.000,0.000,0.900,0.000,2.000,7.029,0.005,0.005,5.000
30.000,2425.000,80.833,270.936,378.512,0.000,180.000,0.001,0.005,7.785,18.000,0.000,614.000,469.000,5.000,0.000,0.000,0.000,0.100,0.000,0.000,0.900,0.000,2.000,7.029,0.005,0.005,5.000
30.000,2426.000,80.867,270.925,378.661,0.000,180.000,0.001,0.005,7.785,18.000,0.000,614.000,469.000,5.000,0.000,0.000,0.000,0.100,0.000,0.000,0.900,0.000,2.000,7.029,0.005,0.005,5.000
30.000,2427.000,80.900,270.857,378.379,0.000,180.000,0.001,0.014,7.785,18.000,0.000,614.000,469.000,5.000,0.000,0.000,0.000,0.100,0.000,0.000,0.900,0.000,2.000,16.232,0.014,0.014,5.000
30.000,2428.000,80.933,270.571,377.886,0.000,180.000,0.001,0.014,7.785,18.000,0.000,614.000,469.000,5.000,0.000,0.000,0.000,0.100,0.000,0.000,0.900,0.000,2.000,16.232,0.014,0.014,5.000
30.000,2429.000,80.967,270.691,377.667,0.000,180.000,0.001,0.014,7.785,18.000,0.000,614.000,469.000,5.000,0.000,0.000,0.000,0.100,0.000,0.000,0.900,0.000,2.000,16.232,0.014,0.014,5.000
30.000,2430.000,81.000,270.710,377.667,0.000,180.000,0.001,0.014,7.785,18.000,0.000,614.000,469.000,5.000,0.000,0.000,0.000,0.100,0.000,0.000,0.900,0.000,2.000,16.232,0.014,0.014,5.000
30.000,2431.000,81.033,270.725,377.431,0.000,180.000,0.001,0.014,7.785,18.000,0.000,614.000,469.000,5.000,0.000,0.000,0.000,0.100,0.000,0.000,0.900,0.000,2.000,16.232,0.014,0.014,5.000
30.000,2432.000,81.067,270.617,377.435,0.000,180.000,0.001,0.014,7.785,18.000,0.000,614.000,469.000,5.000,0.000,0.000,0.000,0.100,0.000,0.000,0.900,0.000,2.000,16.232,0.014,0.014,5.000
30.000,2433.000,81.100,270.477,377.458,0.000,180.000,0.001,0.014,7.785,18.000,0.000,614.000,469.000,5.000,0.000,0.000,0.000,0.100,0.000,0.000,0.900,0.000,2.000,10.576,0.014,0.014,5.000
30.000,2434.000,81.133,270.510,377.572,0.000,180.000,0.001,0.014,7.785,18.000,0.000,614.000,469.000,5.000,0.000,0.000,0.000,0.100,0.000,0.000,0.900,0.000,2.000,10.576,0.014,0.014,5.000
30.000,2435.000,81.167,270.456,377.377,0.000,180.000,0.001,0.014,7.785,18.000,0.000,614.000,469.000,5.000,0.000,0.000,0.000,0.100,0.000,0.000,0.900,0.000,2.000,10.576,0.014,0.014,5.000
30.000,2436.000,81.200,270.563,377.535,0.000,180.000,0.001,0.014,7.785,18.000,0.000,614.000,469.000,5.000,0.000,0.000,0.000,0.100,0.000,0.000,0.900,0.000,2.000,10.576,0.014,0.014,5.000
30.000,2437.000,81.233,270.432,377.631,0.000,180.000,0.001,0.014,7.785,18.000,0.000,614.000,469.000,5.000,0.000,0.000,0.000,0.100,0.000,0.000,0.900,0.000,2.000,10.576,0.014,0.014,5.000
30.000,2438.000,81.267,270.423,377.632,0.000,180.000,0.001,0.014,7.785,18.000,0.000,614.000,469.000,5.000,0.000,0.000,0.000,0.100,0.000,0.000,0.900,0.000,2.000,10.576,0.014,0.014,5.000
30.000,2439.000,81.300,270.301,377.442,0.000,180.000,0.001,-0.004,7.785,18.000,0.000,614.000,469.000,5.000,0.000,0.000,0.000,0.100,0.000,0.000,0.900,0.000,2.000,3.407,-0.004,-0.004,5.000
30.000,2440.000,81.333,270.284,377.243,0.000,180.000,0.001,-0.004,7.785,18.000,0.000,614.000,469.000,5.000,0.000,0.000,0.000,0.100,0.000,0.000,0.900,0.000,2.000,3.407,-0.004,-0.004,5.000
30.000,2441.000,81.367,270.282,377.394,0.000,180.000,0.001,-0.004,7.785,18.000,0.000,614.000,469.000,5.000,0.000,0.000,0.000,0.100,0.000,0.000,0.900,0.000,2.000,3.407,-0.004,-0.004,5.000
30.000,2442.000,81.400,270.181,377.324,0.000,180.000,0.001,-0.004,7.785,18.000,0.000,614.000,469.000,5.000,0.000,0.000,0.000,0.100,0.000,0.000,0.900,0.000,2.000,3.407,-0.004,-0.004,5.000
30.000,2443.000,81.433,269.871,377.183,0.000,180.000,0.001,-0.004,7.785,18.000,0.000,614.000,469.000,5.000,0.000,0.000,0.000,0.100,0.000,0.000,0.900,0.000,2.000,3.407,-0.004,-0.004,5.000
30.000,2444.000,81.467,269.711,377.149,0.000,180.000,0.001,-0.004,7.785,18.000,0.000,614.000,469.000,5.000,0.000,0.000,0.000,0.100,0.000,0.000,0.900,0.000,2.000,3.407,-0.004,-0.004,5.000
30.000,2445.000,81.500,269.376,376.856,0.000,180.000,0.001,0.004,7.785,18.000,0.000,614.000,469.000,5.000,0.000,0.000,0.000,0.100,0.000,0.000,0.900,0.000,2.000,6.888,0.004,0.004,5.000
30.000,2446.000,81.533,269.416,376.850,0.000,180.000,0.001,0.004,7.785,18.000,0.000,614.000,469.000,5.000,0.000,0.000,0.000,0.100,0.000,0.000,0.900,0.000,2.000,6.888,0.004,0.004,5.000
30.000,2447.000,81.567,269.221,376.626,0.000,180.000,0.001,0.004,7.785,18.000,0.000,614.000,469.000,5.000,0.000,0.000,0.000,0.100,0.000,0.000,0.900,0.000,2.000,6.888,0.004,0.004,5.000
30.000,2448.000,81.600,268.988,376.752,0.000,180.000,0.001,0.004,7.785,18.000,0.000,614.000,469.000,5.000,0.000,0.000,0.000,0.100,0.000,0.000,0.900,0.000,2.000,6.888,0.004,0.004,5.000
30.000,2449.000,81.633,268.886,376.681,0.000,180.000,0.001,0.004,7.785,18.000,0.000,614.000,469.000,5.000,0.000,0.000,0.000,0.100,0.000,0.000,0.900,0.000,2.000,6.888,0.004,0.004,5.000
30.000,2450.000,81.667,268.645,376.355,0.000,180.000,0.001,0.004,7.785,18.000,0.000,614.000,469.000,5.000,0.000,0.000,0.000,0.100,0.000,0.000,0.900,0.000,2.000,6.888,0.004,0.004,5.000
30.000,2451.000,81.700,268.567,376.226,0.000,180.000,0.001,0.003,7.785,18.000,0.000,614.000,469.000,5.000,0.000,0.000,0.000,0.100,0.000,0.000,0.900,0.000,2.000,10.616,0.003,0.003,5.000
30.000,2452.000,81.733,268.314,376.090,0.000,180.000,0.001,0.003,7.785,18.000,0.000,614.000,469.000,5.000,0.000,0.000,0.000,0.100,0.000,0.000,0.900,0.000,2.000,10.616,0.003,0.003,5.000
30.000,2453.000,81.767,268.399,375.976,0.000,180.000,0.001,0.003,7.785,18.000,0.000,614.000,469.000,5.000,0.000,0.000,0.000,0.100,0.000,0.000,0.900,0.000,2.000,10.616,0.003,0.003,5.000
30.000,2454.000,81.800,268.518,375.895,0.000,180.000,0.001,0.003,7.785,18.000,0.000,614.000,469.000,5.000,0.000,0.000,0.000,0.100,0.000,0.000,0.900,0.000,2.000,10.616,0.003,0.003,5.000
30.000,2455.000,81.833,268.440,375.790,0.000,180.000,0.001,0.003,7.785,18.000,0.000,614.000,469.000,5.000,0.000,0.000,0.000,0.100,0.000,0.000,0.900,0.000,2.000,10.616,0.003,0.003,5.000
30.000,2456.000,81.867,268.450,375.717,0.000,180.000,0.001,0.003,7.785,18.000,0.000,614.000,469.000,5.000,0.000,0.000,0.000,0.100,0.000,0.000,0.900,0.000,2.000,10.616,0.003,0.003,5.000
30.000,2457.000,81.900,268.375,375.821,0.000,180.000,0.001,0.010,7.785,18.000,0.000,614.000,469.000,5.000,0.000,0.000,0.000,0.100,0.000,0.000,0.900,0.000,2.000,9.568,0.010,0.010,5.000
30.000,2458.000,81.933,268.605,375.355,0.000,180.000,0.001,0.010,7.785,18.000,0.000,614.000,469.000,5.000,0.000,0.000,0.000,0.100,0.000,0.000,0.900,0.000,2.000,9.568,0.010,0.010,5.000
30.000,2459.000,81.967,268.538,375.283,0.000,180.000,0.001,0.010,7.785,18.000,0.000,614.000,469.000,5.000,0.000,0.000,0.000,0.100,0.000,0.000,0.900,0.000,2.000,9.568,0.010,0.010,5.000
30.000,2460.000,82.000,268.429,375.243,0.000,180.000,0.001,0.010,7.785,18.000,0.000,614.000,469.000,5.000,0.000,0.000,0.000,0.100,0.000,0.000,0.900,0.000,2.000,9.568,0.010,0.010,5.000
30.000,2461.000,82.033,268.412,374.927,0.000,180.000,0.001,0.010,7.785,18.000,0.000,614.000,469.000,5.000,0.000,0.000,0.000,0.100,0.000,0.000,0.900,0.000,2.000,9.568,0.010,0.010,5.000
30.000,2462.000,82.067,268.344,374.670,0.000,180.000,0.001,0.010,7.785,18.000,0.000,614.000,469.000,5.000,0.000,0.000,0.000,0.100,0.000,0.000,0.900,0.000,2.000,9.568,0.010,0.010,5.000
30.000,2463.000,82.100,267.780,374.292,0.000,180.000,0.001,0.012,7.785,18.000,0.000,614.000,469.000,5.000,0.000,0.000,0.000,0.100,0.000,0.000,0.900,0.000,2.000,8.285,0.012,0.012,5.000
30.000,2464.000,82.133,267.784,374.345,0.000,180.000,0.001,0.012,7.785,18.000,0.000,614.000,469.000,5.000,0.000,0.000,0.000,0.100,0.000,0.000,0.900,0.000,2.000,8.285,0.012,0.012,5.000
30.000,2465.000,82.167,267.551,374.192,0.000,180.000,0.001,0.012,7.785,18.000,0.000,614.000,469.000,5.000,0.000,0.000,0.000,0.100,0.000,0.000,0.900,0.000,2.000,8.285,0.012,0.012,5.000
30.000,2466.000,82.200,267.742,374.225,0.000,180.000,0.001,0.012,7.785,18.000,0.000,614.000,469.000,5.000,0.000,0.000,0.000,0.100,0.000,0.000,0.900,0.000,2.000,8.285,0.012,0.012,5.000
30.000,2467.000,82.233,267.462,374.146,0.000,180.000,0.001,0.012,7.785,18.000,0.000,614.000,469.000,5.000,0.000,0.000,0.000,0.100,0.000,0.000,0.900,0.000,2.000,8.285,0.012,0.012,5.000
30.000,2468.000,82.267,267.405,374.183,0.000,180.000,0.001,0.012,7.785,18.000,0.000,614.000,469.000,5.000,0.000,0.000,0.000,0.100,0.000,0.000,0.900,0.000,2.000,8.285,0.012,0.012,5.000
30.000,2469.000,82.300,267.274,374.158,0.000,180.000,0.001,0.007,7.785,18.000,0.000,614.000,469.000,5.000,0.000,0.000,0.000,0.100,0.000,0.000,0.900,0.000,2.000,11.804,0.007,0.007,5.000
30.000,2470.000,82.333,267.082,374.026,0.000,180.000,0.001,0.007,7.785,18.000,0.000,614.000,469.000,5.000,0.000,0.000,0.000,0.100,0.000,0.000,0.900,0.000,2.000,11.804,0.007,0.007,5.000
30.000,2471.000,82.367,267.036,373.945,0.000,180.000,0.001,0.007,7.785,18.000,0.000,614.000,469.000,5.000,0.000,0.000,0.000,0.100,0.000,0.000,0.900,0.000,2.000,11.804,0.007,0.007,5.000
30.000,2472.000,82.400,266.885,373.659,0.000,180.000,0.001,0.007,7.785,18.000,0.000,614.000,469.000,5.000,0.000,0.000,0.000,0.100,0.000,0.000,0.900,0.000,2.000,11.804,0.007,0.007,5.000
30.000,2473.000,82.433,266.601,373.734,0.000,180.000,0.001,0.007,7.785,18.000,0.000,614.000,469.000,5.000,0.000,0.000,0.000,0.100,0.000,0.000,0.900,0.000,2.000,11.804,0.007,0.007,5.000
30.000,2474.000,82.467,266.229,373.706,0.000,180.000,0.001,0.007,7.785,18.000,0.000,614.000,469.000,5.000,0.000,0.000,0.000,0.100,0.000,0.000,0.900,0.000,2.000,11.804,0.007,0.007,5.000
30.000,2475.000,82.500,266.069,373.630,0.000,180.000,0.001,0.002,7.785,18.000,0.000,614.000,469.000,5.000,0.000,0.000,0.000,0.100,0.000,0.000,0.900,0.000,2.000,9.166,0.002,0.002,5.000
30.000,2476.000,82.533,265.882,373.749,0.000,180.000,0.001,0.002,7.785,18.000,0.000,614.000,469.000,5.000,0.000,0.000,0.000,0.100,0.000,0.000,0.900,0.000,2.000,9.166,0.002,0.002,5.000
30.000,2477.000,82.567,265.820,373.341,0.000,180.000,0.001,0.002,7.785,18.000,0.000,614.000,469.000,5.000,0.000,0.000,0.000,0.100,0.000,0.000,0.900,0.000,2.000,9.166,0.002,0.002,5.000
30.000,2478.000,82.600,265.751,373.266,0.000,180.000,0.001,0.002,7.785,18.000,0.000,614.000,469.000,5.000,0.000,0.000,0.000,0.100,0.000,0.000,0.900,0.000,2.000,9.166,0.002,0.002,5.000
30.000,2479.000,82.633,265.398,373.195,0.000,180.000,0.001,0.002,7.785,18.000,0.000,614.000,469.000,5.000,0.000,0.000,0.000,0.100,0.000,0.000,0.900,0.000,2.000,9.166,0.002,0.002,5.000
30.000,2480.000,82.667,265.540,373.056,0.000,180.000,0.001,0.002,7.785,18.000,0.000,614.000,469.000,5.000,0.000,0.000,0.000,0.100,0.000,0.000,0.900,0.000,2.000,9.166,0.002,0.002,5.000
30.000,2481.000,82.700,265.445,372.796,0.000,180.000,0.001,0.003,7.785,18.000,0.000,614.000,469.000,5.000,0.000,0.000,0.000,0.100,0.000,0.000,0.900,0.000,2.000,12.657,0.003,0.003,5.000
30.000,2482.000,82.733,265.386,372.882,0.000,180.000,0.001,0.003,7.785,18.000,0.000,614.000,469.000,5.000,0.000,0.000,0.000,0.100,0.000,0.000,0.900,0.000,2.000,12.657,0.003,0.003,5.000
30.000,2483.000,82.767,265.404,372.887,0.000,180.000,0.001,0.003,7.785,18.000,0.000,614.000,469.000,5.000,0.000,0.000,0.000,0.100,0.000,0.000,0.900,0.000,2.000,12.657,0.003,0.003,5.000
30.000,2484.000,82.800,265.427,372.863,0.000,180.000,0.001,0.003,7.785,18.000,0.000,614.000,469.000,5.000,0.000,0.000,0.000,0.100,0.000,0.000,0.900,0.000,2.000,12.657,0.003,0.003,5.000
30.000,2485.000,82.833,265.380,372.816,0.000,180.000,0.001,0.003,7.785,18.000,0.000,614.000,469.000,5.000,0.000,0.000,0.000,0.100,0.000,0.000,0.900,0.000,2.000,12.657,0.003,0.003,5.000
30.000,2486.000,82.867,265.282,372.469,0.000,180.000,0.001,0.003,7.785,18.000,0.000,614.000,469.000,5.000,0.000,0.000,0.000,0.100,0.000,0.000,0.900,0.000,2.000,12.657,0.003,0.003,5.000
30.000,2487.000,82.900,265.203,372.415,0.000,180.000,0.001,0.005,7.785,18.000,0.000,614.000,469.000,5.000,0.000,0.000,0.000,0.100,0.000,0.000,0.900,0.000,2.000,3.644,0.005,0.005,5.000
30.000,2488.000,82.933,265.245,372.057,0.000,180.000,0.001,0.005,7.785,18.000,0.000,614.000,469.000,5.000,0.000,0.000,0.000,0.100,0.000,0.000,0.900,0.000,2.000,3.644,0.005,0.005,5.000
30.000,2489.000,82.967,265.230,372.012,0.000,180.000,0.001,0.005,7.785,18.000,0.000,614.000,469.000,5.000,0.000,0.000,0.000,0.100,0.000,0.000,0.900,0.000,2.000,3.644,0.005,0.005,5.000
30.000,2490.000,83.000,264.967,372.002,0.000,180.000,0.001,0.005,7.785,18.000,0.000,614.000,469.000,5.000,0.000,0.000,0.000,0.100,0.000,0.000,0.900,0.000,2.000,3.644,0.005,0.005,5.000
30.000,2491.000,83.033,264.560,372.102,0.000,180.000,0.001,0.005,7.785,18.000,0.000,614.000,469.000,5.000,0.000,0.000,0.000,0.100,0.000,0.000,0.900,0.000,2.000,3.644,0.005,0.005,5.000
30.000,2492.000,83.067,264.588,371.850,0.000,180.000,0.001,0.005,7.785,18.000,0.000,614.000,469.000,5.000,0.000,0.000,0.000,0.100,0.000,0.000,0.900,0.000,2.000,3.644,0.005,0.005,5.000
30.000,2493.000,83.100,264.352,371.874,0.000,180.000,0.001,0.006,7.785,18.000,0.000,614.000,469.000,5.000,0.000,0.000,0.000,0.100,0.000,0.000,0.900,0.000,2.000,10.437,0.006,0.006,5.000
30.000,2494.000,83.133,264.206,371.782,0.000,180.000,0.001,0.006,7.785,18.000,0.000,614.000,469.000,5.000,0.000,0.000,0.000,0.100,0.000,0.000,0.900,0.000,2.000,10.437,0.006,0.006,5.000
30.000,2495.000,83.167,263.955,371.519,0.000,180.000,0.001,0.006,7.785,18.000,0.000,614.000,469.000,5.000,0.000,0.000,0.000,0.100,0.000,0.000,0.900,0.000,2.000,10.437,0.006,0.006,5.000
30.000,2496.000,83.200,263.986,371.340,0.000,180.000,0.001,0.006,7.785,18.000,0.000,614.000,469.000,5.000,0.000,0.000,0.000,0.100,0.000,0.000,0.900,0.000,2.000,10.437,0.006,0.006,5.000
30.000,2497.000,83.233,264.002,371.101,0.000,180.000,0.001,0.006,7.785,18.000,0.000,614.000,469.000,5.000,0.000,0.000,0.000,0.100,0.000,0.000,0.900,0.000,2.000,10.437,0.006,0.006,5.000
30.000,2498.000,83.267,263.929,370.988,0.000,180.000,0.001,0.006,7.785,18.000,0.000,614.000,469.000,5.000,0.000,0.000,0.000,0.100,0.000,0.000,0.900,0.000,2.000,10.437,0.006,0.006,5.000
30.000,2499.000,83.300,263.748,370.936,0.000,180.000,0.001,0.011,7.785,18.000,0.000,614.000,469.000,5.000,0.000,0.000,0.000,0.100,0.000,0.000,0.900,0.000,2.000,11.002,0.011,0.011,5.000
30.000,2500.000,83.333,263.952,370.826,0.000,180.000,0.001,0.011,7.785,18.000,0.000,614.000,469.000,5.000,0.000,0.000,0.000,0.100,0.000,0.000,0.900,0.000,2.000,11.002,0.011,0.011,5.000
30.000,2501.000,83.367,263.754,370.288,0.000,180.000,0.001,0.011,7.785,18.000,0.000,614.000,469.000,5.000,0.000,0.000,0.000,0.100,0.000,0.000,0.900,0.000,2.000,11.002,0.011,0.011,5.000
30.000,2502.000,83.400,263.735,370.094,0.000,180.000,0.001,0.011,7.785,18.000,0.000,614.000,469.000,5.000,0.000,0.000,0.000,0.100,0.000,0.000,0.900,0.000,2.000,11.002,0.011,0.011,5.000
30.000,2503.000,83.433,263.496,369.991,0.000,180.000,0.001,0.011,7.785,18.000,0.000,614.000,469.000,5.000,0.000,0.000,0.000,0.100,0.000,0.000,0.900,0.000,2.000,11.002,0.011,0.011,5.000
30.000,2504.000,83.467,263.583,369.948,0.000,180.000,0.001,0.011,7.785,18.000,0.000,614.000,469.000,5.000,0.000,0.000,0.000,0.100,0.000,0.000,0.900,0.000,2.000,11.002,0.011,0.011,5.000
30.000,2505.000,83.500,263.969,369.660,0.000,180.000,0.001,0.013,7.785,18.000,0.000,614.000,469.000,5.000,0.000,0.000,0.000,0.100,0.000,0.000,0.900,0.000,2.000,11.714,0.013,0.013,5.000
30.000,2506.000,83.533,263.781,369.741,0.000,180.000,0.001,0.013,7.785,18.000,0.000,614.000,469.000,5.000,0.000,0.000,0.000,0.100,0.000,0.000,0.900,0.000,2.000,11.714,0.013,0.013,5.000
30.000,2507.000,83.567,263.575,369.601,0.000,180.000,0.001,0.013,7.785,18.000,0.000,614.000,469.000,5.000,0.000,0.000,0.000,0.100,0.000,0.000,0.900,0.000,2.000,11.714,0.013,0.013,5.000
30.000,2508.000,83.600,263.520,369.697,0.000,180.000,0.001,0.013,7.785,18.000,0.000,614.000,469.000,5.000,0.000,0.000,0.000,0.100,0.000,0.000,0.900,0.000,2.000,11.714,0.013,0.013,5.000
30.000,2509.000,83.633,263.395,369.674,0.000,180.000,0.001,0.013,7.785,18.000,0.000,614.000,469.000,5.000,0.000,0.000,0.000,0.100,0.000,0.000,0.900,0.000,2.000,11.714,0.013,0.013,5.000
30.000,2510.000,83.667,263.208,369.352,0.000,180.000,0.001,0.013,7.785,18.000,0.000,614.000,469.000,5.000,0.000,0.000,0.000,0.100,0.000,0.000,0.900,0.000,2.000,11.714,0.013,0.013,5.000
30.000,2511.000,83.700,263.026,369.225,0.000,180.000,0.001,0.004,7.785,18.000,0.000,614.000,469.000,5.000,0.000,0.000,0.000,0.100,0.000,0.000,0.900,0.000,2.000,3.192,0.004,0.004,5.000
30.000,2512.000,83.733,262.870,369.222,0.000,180.000,0.001,0.004,7.785,18.000,0.000,614.000,469.000,5.000,0.000,0.000,0.000,0.100,0.000,0.000,0.900,0.000,2.000,3.192,0.004,0.004,5.000
30.010,2513.000,83.740,263.033,369.139,0.000,180.000,0.001,0.004,7.785,18.000,0.000,614.000,469.000,5.000,0.000,0.000,0.000,0.100,0.000,0.000,0.900,0.000,2.000,3.192,0.004,0.004,5.000
30.010,2514.000,83.773,262.702,368.948,0.000,180.000,0.001,0.004,7.785,18.000,0.000,614.000,469.000,5.000,0.000,0.000,0.000,0.100,0.000,0.000,0.900,0.000,2.000,3.192,0.004,0.004,5.000
30.010,2515.000,83.806,262.502,368.788,0.000,180.000,0.001,0.004,7.785,18.000,0.000,614.000,469.000,5.000,0.000,0.000,0.000,0.100,0.000,0.000,0.900,0.000,2.000,3.192,0.004,0.004,5.000
30.010,2516.000,83.840,262.436,368.764,0.000,180.000,0.001,0.004,7.785,18.000,0.000,614.000,469.000,5.000,0.000,0.000,0.000,0.100,0.000,0.000,0.900,0.000,2.000,3.192,0.004,0.004,5.000
30.010,2517.000,83.873,262.286,368.548,0.000,180.000,0.001,0.008,7.785,18.000,0.000,614.000,469.000,5.000,0.000,0.000,0.000,0.100,0.000,0.000,0.900,0.000,2.000,12.071,0.008,0.008,5.000
30.010,2518.000,83.906,261.817,368.253,0.000,180.000,0.001,0.008,7.785,18.000,0.000,614.000,469.000,5.000,0.000,0.000,0.000,0.100,0.000,0.000,0.900,0.000,2.000,12.071,0.008,0.008,5.000
30.010,2519.000,83.940,261.692,368.082,0.000,180.000,0.001,0.008,7.785,18.000,0.000,614.000,469.000,5.000,0.000,0.000,0.000,0.100,0.000,0.000,0.900,0.000,2.000,12.071,0.008,0.008,5.000
30.010,2520.000,83.973,261.310,367.936,0.000,180.000,0.001,0.008,7.785,18.000,0.000,614.000,469.000,5.000,0.000,0.000,0.000,0.100,0.000,0.000,0.900,0.000,2.000,12.071,0.008,0.008,5.000
30.010,2521.000,84.006,261.213,367.890,0.000,180.000,0.001,0.008,7.785,18.000,0.000,614.000,469.000,5.000,0.000,0.000,0.000,0.100,0.000,0.000,0.900,0.000,2.000,12.071,0.008,0.008,5.000
30.010,2522.000,84.040,261.117,367.834,0.000,180.000,0.001,0.008,7.785,18.000,0.000,614.000,469.000,5.000,0.000,0.000,0.000,0.100,0.000,0.000,0.900,0.000,2.000,12.071,0.008,0.008,5.000
30.010,2523.000,84.073,261.026,367.883,0.000,180.000,0.001,0.007,7.785,18.000,0.000,614.000,469.000,5.000,0.000,0.000,0.000,0.100,0.000,0.000,0.900,0.000,2.000,15.086,0.007,0.007,5.000
30.010,2524.000,84.106,261.231,367.838,0.000,180.000,0.001,0.007,7.785,18.000,0.000,614.000,469.000,5.000,0.000,0.000,0.000,0.100,0.000,0.000,0.900,0.000,2.000,15.086,0.007,0.007,5.000
30.010,2525.000,84.140,260.890,367.817,0.000,180.000,0.001,0.007,7.785,18.000,0.000,614.000,469.000,5.000,0.000,0.000,0.000,0.100,0.000,0.000,0.900,0.000,2.000,15.086,0.007,0.007,5.000
30.010,2526.000,84.173,260.657,367.306,0.000,180.000,0.001,0.007,7.785,18.000,0.000,614.000,469.000,5.000,0.000,0.000,0.000,0.100,0.000,0.000,0.900,0.000,2.000,15.086,0.007,0.007,5.000
30.010,2527.000,84.206,260.709,367.119,0.000,180.000,0.001,0.007,7.785,18.000,0.000,614.000,469.000,5.000,0.000,0.000,0.000,0.100,0.000,0.000,0.900,0.000,2.000,15.086,0.007,0.007,5.000
30.010,2528.000,84.239,260.777,367.227,0.000,180.000,0.001,0.007,7.785,18.000,0.000,614.000,469.000,5.000,0.000,0.000,0.000,0.100,0.000,0.000,0.900,0.000,2.000,15.086,0.007,0.007,5.000
30.010,2529.000,84.273,260.466,366.972,0.000,180.000,0.001,0.008,7.785,18.000,0.000,614.000,469.000,5.000,0.000,0.000,0.000,0.100,0.000,0.000,0.900,0.000,2.000,8.844,0.008,0.008,5.000
30.010,2530.000,84.306,260.590,366.766,0.000,180.000,0.001,0.008,7.785,18.000,0.000,614.000,469.000,5.000,0.000,0.000,0.000,0.100,0.000,0.000,0.900,0.000,2.000,8.844,0.008,0.008,5.000
30.010,2531.000,84.339,260.308,366.343,0.000,180.000,0.001,0.008,7.785,18.000,0.000,614.000,469.000,5.000,0.000,0.000,0.000,0.100,0.000,0.000,0.900,0.000,2.000,8.844,0.008,0.008,5.000
30.010,2532.000,84.373,260.233,366.175,0.000,180.000,0.001,0.008,7.785,18.000,0.000,614.000,469.000,5.000,0.000,0.000,0.000,0.100,0.000,0.000,0.900,0.000,2.000,8.844,0.008,0.008,5.000
30.010,2533.000,84.406,260.153,366.002,0.000,180.000,0.001,0.008,7.785,18.000,0.000,614.000,469.000,5.000,0.000,0.000,0.000,0.100,0.000,0.000,0.900,0.000,2.000,8.844,0.008,0.008,5.000
30.010,2534.000,84.439,260.208,365.969,0.000,180.000,0.001,0.008,7.785,18.000,0.000,614.000,469.000,5.000,0.000,0.000,0.000,0.100,0.000,0.000,0.900,0.000,2.000,8.844,0.008,0.008,5.000
30.010,2535.000,84.473,260.180,365.991,0.000,180.000,0.001,0.012,7.785,18.000,0.000,614.000,469.000,5.000,0.000,0.000,0.000,0.100,0.000,0.000,0.900,0.000,2.000,11.972,0.012,0.012,5.000
30.010,2536.000,84.506,259.950,365.665,0.000,180.000,0.001,0.012,7.785,18.000,0.000,614.000,469.000,5.000,0.000,0.000,0.000,0.100,0.000,0.000,0.900,0.000,2.000,11.972,0.012,0.012,5.000
30.010,2537.000,84.539,259.998,365.832,0.000,180.000,0.001,0.012,7.785,18.000,0.000,614.000,469.000,5.000,0.000,0.000,0.000,0.100,0.000,0.000,0.900,0.000,2.000,11.972,0.012,0.012,5.000
30.010,2538.000,84.573,259.664,365.811,0.000,180.000,0.001,0.012,7.785,18.000,0.000,614.000,469.000,5.000,0.000,0.000,0.000,0.100,0.000,0.000,0.900,0.000,2.000,11.972,0.012,0.012,5.000
30.010,2539.000,84.606,259.473,365.844,0.000,180.000,0.001,0.012,7.785,18.000,0.000,614.000,469.000,5.000,0.000,0.000,0.000,0.100,0.000,0.000,0.900,0.000,2.000,11.972,0.012,0.012,5.000
30.010,2540.000,84.639,259.500,365.801,0.000,180.000,0.001,0.012,7.785,18.000,0.000,614.000,469.000,5.000,0.000,0.000,0.000,0.100,0.000,0.000,0.900,0.000,2.000,11.972,0.012,0.012,5.000
30.010,2541.000,84.673,259.436,365.443,0.000,180.000,0.001,-0.001,7.785,18.000,0.000,614.000,469.000,5.000,0.000,0.000,0.000,0.100,0.000,0.000,0.900,0.000,2.000,6.707,-0.001,-0.001,5.000
30.010,2542.000,84.706,259.586,365.759,0.000,180.000,0.001,-0.001,7.785,18.000,0.000,614.000,469.000,5.000,0.000,0.000,0.000,0.100,0.000,0.000,0.900,0.000,2.000,6.707,-0.001,-0.001,5.000
30.000,2543.000,84.767,259.509,365.951,0.000,180.000,0.001,-0.001,7.785,18.000,0.000,614.000,469.000,5.000,0.000,0.000,0.000,0.100,0.000,0.000,0.900,0.000,2.000,6.707,-0.001,-0.001,5.000
30.000,2544.000,84.800,259.382,365.925,0.000,180.000,0.001,-0.001,7.785,18.000,0.000,614.000,469.000,5.000,0.000,0.000,0.000,0.100,0.000,0.000,0.900,0.000,2.000,6.707,-0.001,-0.001,5.000
30.000,2545.000,84.833,259.270,365.835,0.000,180.000,0.001,-0.001,7.785,18.000,0.000,614.000,469.000,5.000,0.000,0.000,0.000,0.100,0.000,0.000,0.900,0.000,2.000,6.707,-0.001,-0.001,5.000
30.000,2546.000,84.867,259.390,365.448,0.000,180.000,0.001,-0.001,7.785,18.000,0.000,614.000,469.000,5.000,0.000,0.000,0.000,0.100,0.000,0.000,0.900,0.000,2.000,6.707,-0.001,-0.001,5.000
30.000,2547.000,84.900,259.402,365.412,0.000,180.000,0.001,-0.001,7.785,18.000,0.000,614.000,469.000,5.000,0.000,0.000,0.000,0.100,0.000,0.000,0.900,0.000,2.000,1.954,-0.001,-0.001,5.000
30.000,2548.000,84.933,259.314,365.356,0.000,180.000,0.001,-0.001,7.785,18.000,0.000,614.000,469.000,5.000,0.000,0.000,0.000,0.100,0.000,0.000,0.900,0.000,2.000,1.954,-0.001,-0.001,5.000
30.000,2549.000,84.967,259.481,365.235,0.000,180.000,0.001,-0.001,7.785,18.000,0.000,614.000,469.000,5.000,0.000,0.000,0.000,0.100,0.000,0.000,0.900,0.000,2.000,1.954,-0.001,-0.001,5.000
30.000,2550.000,85.000,259.239,365.073,0.000,180.000,0.001,-0.001,7.785,18.000,0.000,614.000,469.000,5.000,0.000,0.000,0.000,0.100,0.000,0.000,0.900,0.000,2.000,1.954,-0.001,-0.001,5.000
30.000,2551.000,85.033,259.044,364.654,0.000,180.000,0.001,-0.001,7.785,18.000,0.000,614.000,469.000,5.000,0.000,0.000,0.000,0.100,0.000,0.000,0.900,0.000,2.000,1.954,-0.001,-0.001,5.000
30.000,2552.000,85.067,259.102,364.589,0.000,180.000,0.001,-0.001,7.785,18.000,0.000,614.000,469.000,5.000,0.000,0.000,0.000,0.100,0.000,0.000,0.900,0.000,2.000,1.954,-0.001,-0.001,5.000
30.000,2553.000,85.100,259.044,364.757,0.000,180.000,0.001,0.014,7.785,18.000,0.000,614.000,469.000,5.000,0.000,0.000,0.000,0.100,0.000,0.000,0.900,0.000,2.000,11.542,0.014,0.014,5.000
30.000,2554.000,85.133,258.919,364.183,0.000,180.000,0.001,0.014,7.785,18.000,0.000,614.000,469.000,5.000,0.000,0.000,0.000,0.100,0.000,0.000,0.900,0.000,2.000,11.542,0.014,0.014,5.000
30.000,2555.000,85.167,258.767,364.174,0.000,180.000,0.001,0.014,7.785,18.000,0.000,614.000,469.000,5.000,0.000,0.000,0.000,0.100,0.000,0.000,0.900,0.000,2.000,11.542,0.014,0.014,5.000
30.000,2556.000,85.200,258.737,363.970,0.000,180.000,0.001,0.014,7.785,18.000,0.000,614.000,469.000,5.000,0.000,0.000,0.000,0.100,0.000,0.000,0.900,0.000,2.000,11.542,0.014,0.014,5.000
30.000,2557.000,85.233,258.657,363.778,0.000,180.000,0.001,0.014,7.785,18.000,0.000,614.000,469.000,5.000,0.000,0.000,0.000,0.100,0.000,0.000,0.900,0.000,2.000,11.542,0.014,0.014,5.000
30.000,2558.000,85.267,258.757,363.583,0.000,180.000,0.001,0.014,7.785,18.000,0.000,614.000,469.000,5.000,0.000,0.000,0.000,0.100,0.000,0.000,0.900,0.000,2.000,11.542,0.014,0.014,5.000
30.000,2559.000,85.300,258.934,363.709,0.000,180.000,0.001,0.010,7.785,18.000,0.000,614.000,469.000,5.000,0.000,0.000,0.000,0.100,0.000,0.000,0.900,0.000,2.000,9.190,0.010,0.010,5.000
30.000,2560.000,85.333,258.749,363.628,0.000,180.000,0.001,0.010,7.785,18.000,0.000,614.000,469.000,5.000,0.000,0.000,0.000,0.100,0.000,0.000,0.900,0.000,2.000,9.190,0.010,0.010,5.000
30.000,2561.000,85.367,258.701,363.521,0.000,180.000,0.001,0.010,7.785,18.000,0.000,614.000,469.000,5.000,0.000,0.000,0.000,0.100,0.000,0.000,0.900,0.000,2.000,9.190,0.010,0.010,5.000
30.000,2562.000,85.400,258.951,363.621,0.000,180.000,0.001,0.010,7.785,18.000,0.000,614.000,469.000,5.000,0.000,0.000,0.000,0.100,0.000,0.000,0.900,0.000,2.000,9.190,0.010,0.010,5.000
30.000,2563.000,85.433,258.900,363.171,0.000,180.000,0.001,0.010,7.785,18.000,0.000,614.000,469.000,5.000,0.000,0.000,0.000,0.100,0.000,0.000,0.900,0.000,2.000,9.190,0.010,0.010,5.000
30.000,2564.000,85.467,258.933,363.100,0.000,180.000,0.001,0.010,7.785,18.000,0.000,614.000,469.000,5.000,0.000,0.000,0.000,0.100,0.000,0.000,0.900,0.000,2.000,9.190,0.010,0.010,5.000
30.000,2565.000,85.500,258.874,363.061,0.000,180.000,0.001,0.009,7.785,18.000,0.000,614.000,469.000,5.000,0.000,0.000,0.000,0.100,0.000,0.000,0.900,0.000,2.000,6.272,0.009,0.009,5.000
30.000,2566.000,85.533,258.614,362.906,0.000,180.000,0.001,0.009,7.785,18.000,0.000,614.000,469.000,5.000,0.000,0.000,0.000,0.100,0.000,0.000,0.900,0.000,2.000,6.272,0.009,0.009,5.000
30.000,2567.000,85.567,258.629,362.914,0.000,180.000,0.001,0.009,7.785,18.000,0.000,614.000,469.000,5.000,0.000,0.000,0.000,0.100,0.000,0.000,0.900,0.000,2.000,6.272,0.009,0.009,5.000
30.000,2568.000,85.600,258.109,362.549,0.000,180.000,0.001,0.009,7.785,18.000,0.000,614.000,469.000,5.000,0.000,0.000,0.000,0.100,0.000,0.000,0.900,0.000,2.000,6.272,0.009,0.009,5.000
30.000,2569.000,85.633,257.919,362.215,0.000,180.000,0.001,0.009,7.785,18.000,0.000,614.000,469.000,5.000,0.000,0.000,0.000,0.100,0.000,0.000,0.900,0.000,2.000,6.272,0.009,0.009,5.000
30.000,2570.000,85.667,258.023,362.295,0.000,180.000,0.001,0.009,7.785,18.000,0.000,614.000,469.000,5.000,0.000,0.000,0.000,0.100,0.000,0.000,0.900,0.000,2.000,6.272,0.009,0.009,5.000
30.000,2571.000,85.700,258.060,362.159,0.000,180.000,0.001,0.009,7.785,18.000,0.000,614.000,469.000,5.000,0.000,0.000,0.000,0.100,0.000,0.000,0.900,0.000,2.000,13.153,0.009,0.009,5.000
30.000,2572.000,85.733,257.935,362.206,0.000,180.000,0.001,0.009,7.785,18.000,0.000,614.000,469.000,5.000,0.000,0.000,0.000,0.100,0.000,0.000,0.900,0.000,2.000,13.153,0.009,0.009,5.000
30.000,2573.000,85.767,257.863,362.102,0.000,180.000,0.001,0.009,7.785,18.000,0.000,614.000,469.000,5.000,0.000,0.000,0.000,0.100,0.000,0.000,0.900,0.000,2.000,13.153,0.009,0.009,5.000
30.000,2574.000,85.800,257.801,362.076,0.000,180.000,0.001,0.009,7.785,18.000,0.000,614.000,469.000,5.000,0.000,0.000,0.000,0.100,0.000,0.000,0.900,0.000,2.000,13.153,0.009,0.009,5.000
30.000,2575.000,85.833,257.712,361.984,0.000,180.000,0.001,0.009,7.785,18.000,0.000,614.000,469.000,5.000,0.000,0.000,0.000,0.100,0.000,0.000,0.900,0.000,2.000,13.153,0.009,0.009,5.000
30.000,2576.000,85.867,257.593,362.019,0.000,180.000,0.001,0.009,7.785,18.000,0.000,614.000,469.000,5.000,0.000,0.000,0.000,0.100,0.000,0.000,0.900,0.000,2.000,13.153,0.009,0.009,5.000
30.000,2577.000,85.900,257.404,361.905,0.000,180.000,0.001,0.002,7.785,18.000,0.000,614.000,469.000,5.000,0.000,0.000,0.000,0.100,0.000,0.000,0.900,0.000,2.000,2.983,0.002,0.002,5.000
30.000,2578.000,85.933,257.147,362.149,0.000,180.000,0.001,0.002,7.785,18.000,0.000,614.000,469.000,5.000,0.000,0.000,0.000,0.100,0.000,0.000,0.900,0.000,2.000,2.983,0.002,0.002,5.000
30.000,2579.000,85.967,256.852,362.128,0.000,180.000,0.001,0.002,7.785,18.000,0.000,614.000,469.000,5.000,0.000,0.000,0.000,0.100,0.000,0.000,0.900,0.000,2.000,2.983,0.002,0.002,5.000
30.000,2580.000,86.000,256.979,361.886,0.000,180.000,0.001,0.002,7.785,18.000,0.000,614.000,469.000,5.000,0.000,0.000,0.000,0.100,0.000,0.000,0.900,0.000,2.000,2.983,0.002,0.002,5.000
30.000,2581.000,86.033,257.142,361.847,0.000,180.000,0.001,0.002,7.785,18.000,0.000,614.000,469.000,5.000,0.000,0.000,0.000,0.100,0.000,0.000,0.900,0.000,2.000,2.983,0.002,0.002,5.000
30.000,2582.000,86.067,257.072,361.538,0.000,180.000,0.001,0.002,7.785,18.000,0.000,614.000,469.000,5.000,0.000,0.000,0.000,0.100,0.000,0.000,0.900,0.000,2.000,2.983,0.002,0.002,5.000
30.000,2583.000,86.100,256.795,361.465,0.000,180.000,0.001,-0.000,7.785,18.000,0.000,614.000,469.000,5.000,0.000,0.000,0.000,0.100,0.000,0.000,0.900,0.000,2.000,5.629,-0.000,-0.000,5.000
30.000,2584.000,86.133,256.951,361.285,0.000,180.000,0.001,-0.000,7.785,18.000,0.000,614.000,469.000,5.000,0.000,0.000,0.000,0.100,0.000,0.000,0.900,0.000,2.000,5.629,-0.000,-0.000,5.000
30.000,2585.000,86.167,257.082,361.381,0.000,180.000,0.001,-0.000,7.785,18.000,0.000,614.000,469.000,5.000,0.000,0.000,0.000,0.100,0.000,0.000,0.900,0.000,2.000,5.629,-0.000,-0.000,5.000
30.000,2586.000,86.200,257.046,361.411,0.000,180.000,0.001,-0.000,7.785,18.000,0.000,614.000,469.000,5.000,0.000,0.000,0.000,0.100,0.000,0.000,0.900,0.000,2.000,5.629,-0.000,-0.000,5.000
30.000,2587.000,86.233,257.023,361.359,0.000,180.000,0.001,-0.000,7.785,18.000,0.000,614.000,469.000,5.000,0.000,0.000,0.000,0.100,0.000,0.000,0.900,0.000,2.000,5.629,-0.000,-0.000,5.000
30.000,2588.000,86.267,256.873,361.074,0.000,180.000,0.001,-0.000,7.785,18.000,0.000,614.000,469.000,5.000,0.000,0.000,0.000,0.100,0.000,0.000,0.900,0.000,2.000,5.629,-0.000,-0.000,5.000
30.000,2589.000,86.300,256.796,360.904,0.000,180.000,0.001,0.006,7.785,18.000,0.000,614.000,469.000,5.000,0.000,0.000,0.000,0.100,0.000,0.000,0.900,0.000,2.000,4.817,0.006,0.006,5.000
30.000,2590.000,86.333,256.759,360.799,0.000,180.000,0.001,0.006,7.785,18.000,0.000,614.000,469.000,5.000,0.000,0.000,0.000,0.100,0.000,0.000,0.900,0.000,2.000,4.817,0.006,0.006,5.000
30.000,2591.000,86.367,256.829,360.407,0.000,180.000,0.001,0.006,7.785,18.000,0.000,614.000,469.000,5.000,0.000,0.000,0.000,0.100,0.000,0.000,0.900,0.000,2.000,4.817,0.006,0.006,5.000
30.000,2592.000,86.400,256.968,360.176,0.000,180.000,0.001,0.006,7.785,18.000,0.000,614.000,469.000,5.000,0.000,0.000,0.000,0.100,0.000,0.000,0.900,0.000,2.000,4.817,0.006,0.006,5.000
30.000,2593.000,86.433,257.040,360.096,0.000,180.000,0.001,0.006,7.785,18.000,0.000,614.000,469.000,5.000,0.000,0.000,0.000,0.100,0.000,0.000,0.900,0.000,2.000,4.817,0.006,0.006,5.000
30.000,2594.000,86.467,256.848,359.988,0.000,180.000,0.001,0.006,7.785,18.000,0.000,614.000,469.000,5.000,0.000,0.000,0.000,0.100,0.000,0.000,0.900,0.000,2.000,4.817,0.006,0.006,5.000
30.000,2595.000,86.500,256.859,359.836,0.000,180.000,0.001,0.016,7.785,18.000,0.000,614.000,469.000,5.000,0.000,0.000,0.000,0.100,0.000,0.000,0.900,0.000,2.000,12.130,0.016,0.016,5.000
30.000,2596.000,86.533,256.801,359.958,0.000,180.000,0.001,0.016,7.785,18.000,0.000,614.000,469.000,5.000,0.000,0.000,0.000,0.100,0.000,0.000,0.900,0.000,2.000,12.130,0.016,0.016,5.000
30.000,2597.000,86.567,256.793,359.675,0.000,180.000,0.001,0.016,7.785,18.000,0.000,614.000,469.000,5.000,0.000,0.000,0.000,0.100,0.000,0.000,0.900,0.000,2.000,12.130,0.016,0.016,5.000
30.000,2598.000,86.600,256.723,359.335,0.000,180.000,0.001,0.016,7.785,18.000,0.000,614.000,469.000,5.000,0.000,0.000,0.000,0.100,0.000,0.000,0.900,0.000,2.000,12.130,0.016,0.016,5.000
30.000,2599.000,86.633,256.441,359.277,0.000,180.000,0.001,0.016,7.785,18.000,0.000,614.000,469.000,5.000,0.000,0.000,0.000,0.100,0.000,0.000,0.900,0.000,2.000,12.130,0.016,0.016,5.000
30.000,2600.000,86.667,256.454,359.344,0.000,180.000,0.001,0.016,7.785,18.000,0.000,614.000,469.000,5.000,0.000,0.000,0.000,0.100,0.000,0.000,0.900,0.000,2.000,12.130,0.016,0.016,5.000
30.000,2601.000,86.700,256.155,359.378,0.000,180.000,0.001,0.008,7.785,18.000,0.000,614.000,469.000,5.000,0.000,0.000,0.000,0.100,0.000,0.000,0.900,0.000,2.000,9.735,0.008,0.008,5.000
30.000,2602.000,86.733,255.963,359.417,0.000,180.000,0.001,0.008,7.785,18.000,0.000,614.000,469.000,5.000,0.000,0.000,0.000,0.100,0.000,0.000,0.900,0.000,2.000,9.735,0.008,0.008,5.000
30.000,2603.000,86.767,255.828,359.246,0.000,180.000,0.001,0.008,7.785,18.000,0.000,614.000,469.000,5.000,0.000,0.000,0.000,0.100,0.000,0.000,0.900,0.000,2.000,9.735,0.008,0.008,5.000
30.000,2604.000,86.800,255.810,359.273,0.000,180.000,0.001,0.008,7.785,18.000,0.000,614.000,469.000,5.000,0.000,0.000,0.000,0.100,0.000,0.000,0.900,0.000,2.000,9.735,0.008,0.008,5.000
30.000,2605.000,86.833,255.726,359.151,0.000,180.000,0.001,0.008,7.785,18.000,0.000,614.000,469.000,5.000,0.000,0.000,0.000,0.100,0.000,0.000,0.900,0.000,2.000,9.735,0.008,0.008,5.000
30.000,2606.000,86.867,255.685,359.213,0.000,180.000,0.001,0.008,7.785,18.000,0.000,614.000,469.000,5.000,0.000,0.000,0.000,0.100,0.000,0.000,0.900,0.000,2.000,9.735,0.008,0.008,5.000
30.000,2607.000,86.900,255.394,359.265,0.000,180.000,0.001,-0.001,7.785,18.000,0.000,614.000,469.000,5.000,0.000,0.000,0.000,0.100,0.000,0.000,0.900,0.000,2.000,6.965,-0.001,-0.001,5.000
30.000,2608.000,86.933,255.079,359.144,0.000,180.000,0.001,-0.001,7.785,18.000,0.000,614.000,469.000,5.000,0.000,0.000,0.000,0.100,0.000,0.000,0.900,0.000,2.000,6.965,-0.001,-0.001,5.000
30.000,2609.000,86.967,254.851,359.089,0.000,180.000,0.001,-0.001,7.785,18.000,0.000,614.000,469.000,5.000,0.000,0.000,0.000,0.100,0.000,0.000,0.900,0.000,2.000,6.965,-0.001,-0.001,5.000
30.000,2610.000,87.000,254.803,359.067,0.000,180.000,0.001,-0.001,7.785,18.000,0.000,614.000,469.000,5.000,0.000,0.000,0.000,0.100,0.000,0.000,0.900,0.000,2.000,6.965,-0.001,-0.001,5.000
30.000,2611.000,87.033,254.984,359.093,0.000,180.000,0.001,-0.001,7.785,18.000,0.000,614.000,469.000,5.000,0.000,0.000,0.000,0.100,0.000,0.000,0.900,0.000,2.000,6.965,-0.001,-0.001,5.000
30.000,2612.000,87.067,254.931,359.085,0.000,180.000,0.001,-0.001,7.785,18.000,0.000,614.000,469.000,5.000,0.000,0.000,0.000,0.100,0.000,0.000,0.900,0.000,2.000,6.965,-0.001,-0.001,5.000
30.000,2613.000,87.100,254.896,358.901,0.000,180.000,0.001,-0.002,7.785,18.000,0.000,614.000,469.000,5.000,0.000,0.000,0.000,0.100,0.000,0.000,0.900,0.000,2.000,7.150,-0.002,-0.002,5.000
30.000,2614.000,87.133,254.578,359.144,0.000,180.000,0.001,-0.002,7.785,18.000,0.000,614.000,469.000,5.000,0.000,0.000,0.000,0.100,0.000,0.000,0.900,0.000,2.000,7.150,-0.002,-0.002,5.000
30.000,2615.000,87.167,254.475,359.110,0.000,180.000,0.001,-0.002,7.785,18.000,0.000,614.000,469.000,5.000,0.000,0.000,0.000,0.100,0.000,0.000,0.900,0.000,2.000,7.150,-0.002,-0.002,5.000
30.000,2616.000,87.200,254.237,358.779,0.000,180.000,0.001,-0.002,7.785,18.000,0.000,614.000,469.000,5.000,0.000,0.000,0.000,0.100,0.000,0.000,0.900,0.000,2.000,7.150,-0.002,-0.002,5.000
30.000,2617.000,87.233,254.126,358.607,0.000,180.000,0.001,-0.002,7.785,18.000,0.000,614.000,469.000,5.000,0.000,0.000,0.000,0.100,0.000,0.000,0.900,0.000,2.000,7.150,-0.002,-0.002,5.000
30.000,2618.000,87.267,254.005,358.251,0.000,180.000,0.001,-0.002,7.785,18.000,0.000,614.000,469.000,5.000,0.000,0.000,0.000,0.100,0.000,0.000,0.900,0.000,2.000,7.150,-0.002,-0.002,5.000
30.000,2619.000,87.300,253.880,358.248,0.000,180.000,0.001,0.003,7.785,18.000,0.000,614.000,469.000,5.000,0.000,0.000,0.000,0.100,0.000,0.000,0.900,0.000,2.000,9.467,0.003,0.003,5.000
30.000,2620.000,87.333,253.626,358.212,0.000,180.000,0.001,0.003,7.785,18.000,0.000,614.000,469.000,5.000,0.000,0.000,0.000,0.100,0.000,0.000,0.900,0.000,2.000,9.467,0.003,0.003,5.000
30.000,2621.000,87.367,253.647,358.085,0.000,180.000,0.001,0.003,7.785,18.000,0.000,614.000,469.000,5.000,0.000,0.000,0.000,0.100,0.000,0.000,0.900,0.000,2.000,9.467,0.003,0.003,5.000
30.000,2622.000,87.400,253.540,357.665,0.000,180.000,0.001,0.003,7.785,18.000,0.000,614.000,469.000,5.000,0.000,0.000,0.000,0.100,0.000,0.000,0.900,0.000,2.000,9.467,0.003,0.003,5.000
30.000,2623.000,87.433,253.529,357.333,0.000,180.000,0.001,0.003,7.785,18.000,0.000,614.000,469.000,5.000,0.000,0.000,0.000,0.100,0.000,0.000,0.900,0.000,2.000,9.467,0.003,0.003,5.000
30.000,2624.000,87.467,253.446,357.441,0.000,180.000,0.001,0.003,7.785,18.000,0.000,614.000,469.000,5.000,0.000,0.000,0.000,0.100,0.000,0.000,0.900,0.000,2.000,9.467,0.003,0.003,5.000
30.000,2625.000,87.500,253.131,357.248,0.000,180.000,0.001,0.014,7.785,18.000,0.000,614.000,469.000,5.000,0.000,0.000,0.000,0.100,0.000,0.000,0.900,0.000,2.000,13.506,0.014,0.014,5.000
30.000,2626.000,87.533,253.224,357.237,0.000,180.000,0.001,0.014,7.785,18.000,0.000,614.000,469.000,5.000,0.000,0.000,0.000,0.100,0.000,0.000,0.900,0.000,2.000,13.506,0.014,0.014,5.000
30.000,2627.000,87.567,252.984,357.014,0.000,180.000,0.001,0.014,7.785,18.000,0.000,614.000,469.000,5.000,0.000,0.000,0.000,0.100,0.000,0.000,0.900,0.000,2.000,13.506,0.014,0.014,5.000
30.000,2628.000,87.600,253.027,356.774,0.000,180.000,0.001,0.014,7.785,18.000,0.000,614.000,469.000,5.000,0.000,0.000,0.000,0.100,0.000,0.000,0.900,0.000,2.000,13.506,0.014,0.014,5.000
30.000,2629.000,87.633,253.192,356.382,0.000,180.000,0.001,0.014,7.785,18.000,0.000,614.000,469.000,5.000,0.000,0.000,0.000,0.100,0.000,0.000,0.900,0.000,2.000,13.506,0.014,0.014,5.000
30.000,2630.000,87.667,253.062,356.210,0.000,180.000,0.001,0.014,7.785,18.000,0.000,614.000,469.000,5.000,0.000,0.000,0.000,0.100,0.000,0.000,0.900,0.000,2.000,13.506,0.014,0.014,5.000
30.000,2631.000,87.700,253.189,356.217,0.000,180.000,0.001,0.011,7.785,18.000,0.000,614.000,469.000,5.000,0.000,0.000,0.000,0.100,0.000,0.000,0.900,0.000,2.000,9.688,0.011,0.011,5.000
30.000,2632.000,87.733,253.023,356.149,0.000,180.000,0.001,0.011,7.785,18.000,0.000,614.000,469.000,5.000,0.000,0.000,0.000,0.100,0.000,0.000,0.900,0.000,2.000,9.688,0.011,0.011,5.000
30.000,2633.000,87.767,252.738,356.048,0.000,180.000,0.001,0.011,7.785,18.000,0.000,614.000,469.000,5.000,0.000,0.000,0.000,0.100,0.000,0.000,0.900,0.000,2.000,9.688,0.011,0.011,5.000
30.010,2634.000,87.772,252.794,355.782,0.000,180.000,0.001,0.011,7.785,18.000,0.000,614.000,469.000,5.000,0.000,0.000,0.000,0.100,0.000,0.000,0.900,0.000,2.000,9.688,0.011,0.011,5.000
30.010,2635.000,87.805,252.900,355.458,0.000,180.000,0.001,0.011,7.785,18.000,0.000,614.000,469.000,5.000,0.000,0.000,0.000,0.100,0.000,0.000,0.900,0.000,2.000,9.688,0.011,0.011,5.000
30.010,2636.000,87.838,252.828,355.119,0.000,180.000,0.001,0.011,7.785,18.000,0.000,614.000,469.000,5.000,0.000,0.000,0.000,0.100,0.000,0.000,0.900,0.000,2.000,9.688,0.011,0.011,5.000
30.010,2637.000,87.872,252.429,355.021,0.000,180.000,0.001,0.011,7.785,18.000,0.000,614.000,469.000,5.000,0.000,0.000,0.000,0.100,0.000,0.000,0.900,0.000,2.000,9.305,0.011,0.011,5.000
30.010,2638.000,87.905,252.062,354.783,0.000,180.000,0.001,0.011,7.785,18.000,0.000,614.000,469.000,5.000,0.000,0.000,0.000,0.100,0.000,0.000,0.900,0.000,2.000,9.305,0.011,0.011,5.000
30.010,2639.000,87.938,252.268,354.727,0.000,180.000,0.001,0.011,7.785,18.000,0.000,614.000,469.000,5.000,0.000,0.000,0.000,0.100,0.000,0.000,0.900,0.000,2.000,9.305,0.011,0.011,5.000
30.010,2640.000,87.972,252.212,354.714,0.000,180.000,0.001,0.011,7.785,18.000,0.000,614.000,469.000,5.000,0.000,0.000,0.000,0.100,0.000,0.000,0.900,0.000,2.000,9.305,0.011,0.011,5.000
30.010,2641.000,88.005,251.873,354.649,0.000,180.000,0.001,0.011,7.785,18.000,0.000,614.000,469.000,5.000,0.000,0.000,0.000,0.100,0.000,0.000,0.900,0.000,2.000,9.305,0.011,0.011,5.000
30.010,2642.000,88.038,251.694,354.251,0.000,180.000,0.001,0.011,7.785,18.000,0.000,614.000,469.000,5.000,0.000,0.000,0.000,0.100,0.000,0.000,0.900,0.000,2.000,9.305,0.011,0.011,5.000
30.010,2643.000,88.072,251.603,354.239,0.000,180.000,0.001,0.006,7.785,18.000,0.000,614.000,469.000,5.000,0.000,0.000,0.000,0.100,0.000,0.000,0.900,0.000,2.000,12.551,0.006,0.006,5.000
30.010,2644.000,88.105,251.394,354.176,0.000,180.000,0.001,0.006,7.785,18.000,0.000,614.000,469.000,5.000,0.000,0.000,0.000,0.100,0.000,0.000,0.900,0.000,2.000,12.551,0.006,0.006,5.000
30.010,2645.000,88.138,251.237,353.975,0.000,180.000,0.001,0.006,7.785,18.000,0.000,614.000,469.000,5.000,0.000,0.000,0.000,0.100,0.000,0.000,0.900,0.000,2.000,12.551,0.006,0.006,5.000
30.010,2646.000,88.172,251.289,353.887,0.000,180.000,0.001,0.006,7.785,18.000,0.000,614.000,469.000,5.000,0.000,0.000,0.000,0.100,0.000,0.000,0.900,0.000,2.000,12.551,0.006,0.006,5.000
30.010,2647.000,88.205,251.462,354.042,0.000,180.000,0.001,0.006,7.785,18.000,0.000,614.000,469.000,5.000,0.000,0.000,0.000,0.100,0.000,0.000,0.900,0.000,2.000,12.551,0.006,0.006,5.000
30.010,2648.000,88.238,251.567,353.852,0.000,180.000,0.001,0.006,7.785,18.000,0.000,614.000,469.000,5.000,0.000,0.000,0.000,0.100,0.000,0.000,0.900,0.000,2.000,12.551,0.006,0.006,5.000
30.010,2649.000,88.272,251.335,353.665,0.000,180.000,0.001,0.006,7.785,18.000,0.000,614.000,469.000,5.000,0.000,0.000,0.000,0.100,0.000,0.000,0.900,0.000,2.000,7.029,0.006,0.006,5.000
30.010,2650.000,88.305,251.370,353.951,0.000,180.000,0.001,0.006,7.785,18.000,0.000,614.000,469.000,5.000,0.000,0.000,0.000,0.100,0.000,0.000,0.900,0.000,2.000,7.029,0.006,0.006,5.000
30.010,2651.000,88.338,251.016,354.034,0.000,180.000,0.001,0.006,7.785,18.000,0.000,614.000,469.000,5.000,0.000,0.000,0.000,0.100,0.000,0.000,0.900,0.000,2.000,7.029,0.006,0.006,5.000
30.010,2652.000,88.371,251.115,353.864,0.000,180.000,0.001,0.006,7.785,18.000,0.000,614.000,469.000,5.000,0.000,0.000,0.000,0.100,0.000,0.000,0.900,0.000,2.000,7.029,0.006,0.006,5.000
30.010,2653.000,88.405,251.139,353.915,0.000,180.000,0.001,0.006,7.785,18.000,0.000,614.000,469.000,5.000,0.000,0.000,0.000,0.100,0.000,0.000,0.900,0.000,2.000,7.029,0.006,0.006,5.000
30.010,2654.000,88.438,251.106,353.956,0.000,180.000,0.001,0.006,7.785,18.000,0.000,614.000,469.000,5.000,0.000,0.000,0.000,0.100,0.000,0.000,0.900,0.000,2.000,7.029,0.006,0.006,5.000
30.010,2655.000,88.471,250.902,353.908,0.000,180.000,0.001,0.000,7.785,18.000,0.000,614.000,469.000,5.000,0.000,0.000,0.000,0.100,0.000,0.000,0.900,0.000,2.000,3.342,0.000,0.000,5.000
30.010,2656.000,88.505,250.795,353.891,0.000,180.000,0.001,0.000,7.785,18.000,0.000,614.000,469.000,5.000,0.000,0.000,0.000,0.100,0.000,0.000,0.900,0.000,2.000,3.342,0.000,0.000,5.000
30.010,2657.000,88.538,250.714,353.227,0.000,180.000,0.001,0.000,7.785,18.000,0.000,614.000,469.000,5.000,0.000,0.000,0.000,0.100,0.000,0.000,0.900,0.000,2.000,3.342,0.000,0.000,5.000
30.010,2658.000,88.571,250.720,353.073,0.000,180.000,0.001,0.000,7.785,18.000,0.000,614.000,469.000,5.000,0.000,0.000,0.000,0.100,0.000,0.000,0.900,0.000,2.000,3.342,0.000,0.000,5.000
30.010,2659.000,88.605,250.807,353.108,0.000,180.000,0.001,0.000,7.785,18.000,0.000,614.000,469.000,5.000,0.000,0.000,0.000,0.100,0.000,0.000,0.900,0.000,2.000,3.342,0.000,0.000,5.000
30.010,2660.000,88.638,250.805,353.149,0.000,180.000,0.001,0.000,7.785,18.000,0.000,614.000,469.000,5.000,0.000,0.000,0.000,0.100,0.000,0.000,0.900,0.000,2.000,3.342,0.000,0.000,5.000
30.010,2661.000,88.671,250.295,353.237,0.000,180.000,0.001,0.009,7.785,18.000,0.000,614.000,469.000,5.000,0.000,0.000,0.000,0.100,0.000,0.000,0.900,0.000,2.000,8.372,0.009,0.009,5.000
30.010,2662.000,88.705,250.112,353.124,0.000,180.000,0.001,0.009,7.785,18.000,0.000,614.000,469.000,5.000,0.000,0.000,0.000,0.100,0.000,0.000,0.900,0.000,2.000,8.372,0.009,0.009,5.000
30.010,2663.000,88.738,250.161,353.317,0.000,180.000,0.001,0.009,7.785,18.000,0.000,614.000,469.000,5.000,0.000,0.000,0.000,0.100,0.000,0.000,0.900,0.000,2.000,8.372,0.009,0.009,5.000
30.000,2664.000,88.800,249.892,353.165,0.000,180.000,0.001,0.009,7.785,18.000,0.000,614.000,469.000,5.000,0.000,0.000,0.000,0.100,0.000,0.000,0.900,0.000,2.000,8.372,0.009,0.009,5.000
30.000,2665.000,88.833,249.651,353.297,0.000,180.000,0.001,0.009,7.785,18.000,0.000,614.000,469.000,5.000,0.000,0.000,0.000,0.100,0.000,0.000,0.900,0.000,2.000,8.372,0.009,0.009,5.000
30.000,2666.000,88.867,249.642,353.132,0.000,180.000,0.001,0.009,7.785,18.000,0.000,614.000,469.000,5.000,0.000,0.000,0.000,0.100,0.000,0.000,0.900,0.000,2.000,8.372,0.009,0.009,5.000
30.000,2667.000,88.900,249.699,353.016,0.000,180.000,0.001,-0.007,7.785,18.000,0.000,614.000,469.000,5.000,0.000,0.000,0.000,0.100,0.000,0.000,0.900,0.000,2.000,11.246,-0.007,-0.007,5.000
30.000,2668.000,88.933,249.544,353.131,0.000,180.000,0.001,-0.007,7.785,18.000,0.000,614.000,469.000,5.000,0.000,0.000,0.000,0.100,0.000,0.000,0.900,0.000,2.000,11.246,-0.007,-0.007,5.000
30.000,2669.000,88.967,248.898,352.968,0.000,180.000,0.001,-0.007,7.785,18.000,0.000,614.000,469.000,5.000,0.000,0.000,0.000,0.100,0.000,0.000,0.900,0.000,2.000,11.246,-0.007,-0.007,5.000
30.000,2670.000,89.000,248.804,353.071,0.000,180.000,0.001,-0.007,7.785,18.000,0.000,614.000,469.000,5.000,0.000,0.000,0.000,0.100,0.000,0.000,0.900,0.000,2.000,11.246,-0.007,-0.007,5.000
30.000,2671.000,89.033,248.732,352.599,0.000,180.000,0.001,-0.007,7.785,18.000,0.000,614.000,469.000,5.000,0.000,0.000,0.000,0.100,0.000,0.000,0.900,0.000,2.000,11.246,-0.007,-0.007,5.000
30.000,2672.000,89.067,248.794,352.472,0.000,180.000,0.001,-0.007,7.785,18.000,0.000,614.000,469.000,5.000,0.000,0.000,0.000,0.100,0.000,0.000,0.900,0.000,2.000,11.246,-0.007,-0.007,5.000
30.000,2673.000,89.100,248.657,352.151,0.000,180.000,0.001,0.005,7.785,18.000,0.000,614.000,469.000,5.000,0.000,0.000,0.000,0.100,0.000,0.000,0.900,0.000,2.000,11.076,0.005,0.005,5.000
30.000,2674.000,89.133,248.290,352.007,0.000,180.000,0.001,0.005,7.785,18.000,0.000,614.000,469.000,5.000,0.000,0.000,0.000,0.100,0.000,0.000,0.900,0.000,2.000,11.076,0.005,0.005,5.000
30.000,2675.000,89.167,248.060,352.048,0.000,180.000,0.001,0.005,7.785,18.000,0.000,614.000,469.000,5.000,0.000,0.000,0.000,0.100,0.000,0.000,0.900,0.000,2.000,11.076,0.005,0.005,5.000
30.000,2676.000,89.200,247.961,351.984,0.000,180.000,0.001,0.005,7.785,18.000,0.000,614.000,469.000,5.000,0.000,0.000,0.000,0.100,0.000,0.000,0.900,0.000,2.000,11.076,0.005,0.005,5.000
30.000,2677.000,89.233,247.792,351.697,0.000,180.000,0.001,0.005,7.785,18.000,0.000,614.000,469.000,5.000,0.000,0.000,0.000,0.100,0.000,0.000,0.900,0.000,2.000,11.076,0.005,0.005,5.000
30.000,2678.000,89.267,247.682,351.384,0.000,180.000,0.001,0.005,7.785,18.000,0.000,614.000,469.000,5.000,0.000,0.000,0.000,0.100,0.000,0.000,0.900,0.000,2.000,11.076,0.005,0.005,5.000
30.000,2679.000,89.300,247.442,351.320,0.000,180.000,0.001,0.007,7.785,18.000,0.000,614.000,469.000,5.000,0.000,0.000,0.000,0.100,0.000,0.000,0.900,0.000,2.000,12.509,0.007,0.007,5.000
30.000,2680.000,89.333,247.278,351.208,0.000,180.000,0.001,0.007,7.785,18.000,0.000,614.000,469.000,5.000,0.000,0.000,0.000,0.100,0.000,0.000,0.900,0.000,2.000,12.509,0.007,0.007,5.000
30.000,2681.000,89.367,247.041,351.014,0.000,180.000,0.001,0.007,7.785,18.000,0.000,614.000,469.000,5.000,0.000,0.000,0.000,0.100,0.000,0.000,0.900,0.000,2.000,12.509,0.007,0.007,5.000
30.000,2682.000,89.400,247.064,351.048,0.000,180.000,0.001,0.007,7.785,18.000,0.000,614.000,469.000,5.000,0.000,0.000,0.000,0.100,0.000,0.000,0.900,0.000,2.000,12.509,0.007,0.007,5.000
30.000,2683.000,89.433,247.071,350.922,0.000,180.000,0.001,0.007,7.785,18.000,0.000,614.000,469.000,5.000,0.000,0.000,0.000,0.100,0.000,0.000,0.900,0.000,2.000,12.509,0.007,0.007,5.000
30.000,2684.000,89.467,246.808,350.387,0.000,180.000,0.001,0.007,7.785,18.000,0.000,614.000,469.000,5.000,0.000,0.000,0.000,0.100,0.000,0.000,0.900,0.000,2.000,12.509,0.007,0.007,5.000
30.000,2685.000,89.500,246.986,350.234,0.000,180.000,0.001,0.007,7.785,18.000,0.000,614.000,469.000,5.000,0.000,0.000,0.000,0.100,0.000,0.000,0.900,0.000,2.000,10.159,0.007,0.007,5.000
30.000,2686.000,89.533,246.926,350.147,0.000,180.000,0.001,0.007,7.785,18.000,0.000,614.000,469.000,5.000,0.000,0.000,0.000,0.100,0.000,0.000,0.900,0.000,2.000,10.159,0.007,0.007,5.000
30.000,2687.000,89.567,246.827,349.910,0.000,180.000,0.001,0.007,7.785,18.000,0.000,614.000,469.000,5.000,0.000,0.000,0.000,0.100,0.000,0.000,0.900,0.000,2.000,10.159,0.007,0.007,5.000
30.000,2688.000,89.600,246.663,349.921,0.000,180.000,0.001,0.007,7.785,18.000,0.000,614.000,469.000,5.000,0.000,0.000,0.000,0.100,0.000,0.000,0.900,0.000,2.000,10.159,0.007,0.007,5.000
30.000,2689.000,89.633,246.660,349.727,0.000,180.000,0.001,0.007,7.785,18.000,0.000,614.000,469.000,5.000,0.000,0.000,0.000,0.100,0.000,0.000,0.900,0.000,2.000,10.159,0.007,0.007,5.000
30.000,2690.000,89.667,246.626,349.506,0.000,180.000,0.001,0.007,7.785,18.000,0.000,614.000,469.000,5.000,0.000,0.000,0.000,0.100,0.000,0.000,0.900,0.000,2.000,10.159,0.007,0.007,5.000
30.000,2691.000,89.700,246.713,349.588,0.000,180.000,0.001,0.013,7.785,18.000,0.000,614.000,469.000,5.000,0.000,0.000,0.000,0.100,0.000,0.000,0.900,0.000,2.000,12.136,0.013,0.013,5.000
30.000,2692.000,89.733,246.749,349.211,0.000,180.000,0.001,0.013,7.785,18.000,0.000,614.000,469.000,5.000,0.000,0.000,0.000,0.100,0.000,0.000,0.900,0.000,2.000,12.136,0.013,0.013,5.000
30.000,2693.000,89.767,246.683,349.195,0.000,180.000,0.001,0.013,7.785,18.000,0.000,614.000,469.000,5.000,0.000,0.000,0.000,0.100,0.000,0.000,0.900,0.000,2.000,12.136,0.013,0.013,5.000
30.000,2694.000,89.800,246.607,349.339,0.000,180.000,0.001,0.013,7.785,18.000,0.000,614.000,469.000,5.000,0.000,0.000,0.000,0.100,0.000,0.000,0.900,0.000,2.000,12.136,0.013,0.013,5.000
30.000,2695.000,89.833,246.572,349.349,0.000,180.000,0.001,0.013,7.785,18.000,0.000,614.000,469.000,5.000,0.000,0.000,0.000,0.100,0.000,0.000,0.900,0.000,2.000,12.136,0.013,0.013,5.000
30.000,2696.000,89.867,246.481,349.389,0.000,180.000,0.001,0.013,7.785,18.000,0.000,614.000,469.000,5.000,0.000,0.000,0.000,0.100,0.000,0.000,0.900,0.000,2.000,12.136,0.013,0.013,5.000
30.000,2697.000,89.900,246.314,349.232,0.000,180.000,0.001,0.004,7.785,18.000,0.000,614.000,469.000,5.000,0.000,0.000,0.000,0.100,0.000,0.000,0.900,0.000,2.000,3.725,0.004,0.004,5.000
30.000,2698.000,89.933,246.395,349.148,0.000,180.000,0.001,0.004,7.785,18.000,0.000,614.000,469.000,5.000,0.000,0.000,0.000,0.100,0.000,0.000,0.900,0.000,2.000,3.725,0.004,0.004,5.000
30.000,2699.000,89.967,245.982,349.144,0.000,180.000,0.001,0.004,7.785,18.000,0.000,614.000,469.000,5.000,0.000,0.000,0.000,0.100,0.000,0.000,0.900,0.000,2.000,3.725,0.004,0.004,5.000
30.000,2700.000,90.000,245.812,349.062,0.000,180.000,0.001,0.004,7.785,18.000,0.000,614.000,469.000,5.000,0.000,0.000,0.000,0.100,0.000,0.000,0.900,0.000,2.000,3.725,0.004,0.004,5.000
30.000,2701.000,90.033,245.578,348.954,0.000,180.000,0.001,0.004,7.785,18.000,0.000,614.000,469.000,5.000,0.000,0.000,0.000,0.100,0.000,0.000,0.900,0.000,2.000,3.725,0.004,0.004,5.000
30.000,2702.000,90.067,245.333,349.028,0.000,180.000,0.001,0.004,7.785,18.000,0.000,614.000,469.000,5.000,0.000,0.000,0.000,0.100,0.000,0.000,0.900,0.000,2.000,3.725,0.004,0.004,5.000
30.000,2703.000,90.100,245.437,348.947,0.000,180.000,0.001,0.001,7.785,18.000,0.000,614.000,469.000,5.000,0.000,0.000,0.000,0.100,0.000,0.000,0.900,0.000,2.000,10.272,0.001,0.001,5.000
30.000,2704.000,90.133,245.083,348.765,0.000,180.000,0.001,0.001,7.785,18.000,0.000,614.000,469.000,5.000,0.000,0.000,0.000,0.100,0.000,0.000,0.900,0.000,2.000,10.272,0.001,0.001,5.000
30.000,2705.000,90.167,245.000,348.726,0.000,180.000,0.001,0.001,7.785,18.000,0.000,614.000,469.000,5.000,0.000,0.000,0.000,0.100,0.000,0.000,0.900,0.000,2.000,10.272,0.001,0.001,5.000
30.000,2706.000,90.200,244.894,348.452,0.000,180.000,0.001,0.001,7.785,18.000,0.000,614.000,469.000,5.000,0.000,0.000,0.000,0.100,0.000,0.000,0.900,0.000,2.000,10.272,0.001,0.001,5.000
30.000,2707.000,90.233,245.016,348.181,0.000,180.000,0.001,0.001,7.785,18.000,0.000,614.000,469.000,5.000,0.000,0.000,0.000,0.100,0.000,0.000,0.900,0.000,2.000,10.272,0.001,0.001,5.000
30.000,2708.000,90.267,244.984,348.264,0.000,180.000,0.001,0.001,7.785,18.000,0.000,614.000,469.000,5.000,0.000,0.000,0.000,0.100,0.000,0.000,0.900,0.000,2.000,10.272,0.001,0.001,5.000
30.000,2709.000,90.300,244.963,348.067,0.000,180.000,0.001,0.007,7.785,18.000,0.000,614.000,469.000,5.000,0.000,0.000,0.000,0.100,0.000,0.000,0.900,0.000,2.000,9.168,0.007,0.007,5.000
30.000,2710.000,90.333,244.859,347.949,0.000,180.000,0.001,0.007,7.785,18.000,0.000,614.000,469.000,5.000,0.000,0.000,0.000,0.100,0.000,0.000,0.900,0.000,2.000,9.168,0.007,0.007,5.000
30.000,2711.000,90.367,244.523,347.405,0.000,180.000,0.001,0.007,7.785,18.000,0.000,614.000,469.000,5.000,0.000,0.000,0.000,0.100,0.000,0.000,0.900,0.000,2.000,9.168,0.007,0.007,5.000
30.000,2712.000,90.400,244.154,347.217,0.000,180.000,0.001,0.007,7.785,18.000,0.000,614.000,469.000,5.000,0.000,0.000,0.000,0.100,0.000,0.000,0.900,0.000,2.000,9.168,0.007,0.007,5.000
30.000,2713.000,90.433,243.940,347.021,0.000,180.000,0.001,0.007,7.785,18.000,0.000,614.000,469.000,5.000,0.000,0.000,0.000,0.100,0.000,0.000,0.900,0.000,2.000,9.168,0.007,0.007,5.000
30.000,2714.000,90.467,243.887,347.067,0.000,180.000,0.001,0.007,7.785,18.000,0.000,614.000,469.000,5.000,0.000,0.000,0.000,0.100,0.000,0.000,0.900,0.000,2.000,9.168,0.007,0.007,5.000
30.000,2715.000,90.500,243.587,346.910,0.000,180.000,0.001,0.010,7.785,18.000,0.000,614.000,469.000,5.000,0.000,0.000,0.000,0.100,0.000,0.000,0.900,0.000,2.000,15.192,0.010,0.010,5.000
30.000,2716.000,90.533,243.567,346.910,0.000,180.000,0.001,0.010,7.785,18.000,0.000,614.000,469.000,5.000,0.000,0.000,0.000,0.100,0.000,0.000,0.900,0.000,2.000,15.192,0.010,0.010,5.000
30.000,2717.000,90.567,243.269,346.698,0.000,180.000,0.001,0.010,7.785,18.000,0.000,614.000,469.000,5.000,0.000,0.000,0.000,0.100,0.000,0.000,0.900,0.000,2.000,15.192,0.010,0.010,5.000
30.000,2718.000,90.600,243.432,346.645,0.000,180.000,0.001,0.010,7.785,18.000,0.000,614.000,469.000,5.000,0.000,0.000,0.000,0.100,0.000,0.000,0.900,0.000,2.000,15.192,0.010,0.010,5.000
30.000,2719.000,90.633,243.343,346.394,0.000,180.000,0.001,0.010,7.785,18.000,0.000,614.000,469.000,5.000,0.000,0.000,0.000,0.100,0.000,0.000,0.900,0.000,2.000,15.192,0.010,0.010,5.000
30.000,2720.000,90.667,243.145,346.407,0.000,180.000,0.001,0.010,7.785,18.000,0.000,614.000,469.000,5.000,0.000,0.000,0.000,0.100,0.000,0.000,0.900,0.000,2.000,15.192,0.010,0.010,5.000
30.000,2721.000,90.700,243.107,346.158,0.000,180.000,0.001,0.005,7.785,18.000,0.000,614.000,469.000,5.000,0.000,0.000,0.000,0.100,0.000,0.000,0.900,0.000,2.000,8.305,0.005,0.005,5.000
30.000,2722.000,90.733,242.945,346.192,0.000,180.000,0.001,0.005,7.785,18.000,0.000,614.000,469.000,5.000,0.000,0.000,0.000,0.100,0.000,0.000,0.900,0.000,2.000,8.305,0.005,0.005,5.000
30.000,2723.000,90.767,242.813,345.868,0.000,180.000,0.001,0.005,7.785,18.000,0.000,614.000,469.000,5.000,0.000,0.000,0.000,0.100,0.000,0.000,0.900,0.000,2.000,8.305,0.005,0.005,5.000
30.000,2724.000,90.800,242.751,345.795,0.000,180.000,0.001,0.005,7.785,18.000,0.000,614.000,469.000,5.000,0.000,0.000,0.000,0.100,0.000,0.000,0.900,0.000,2.000,8.305,0.005,0.005,5.000
30.010,2725.000,90.804,242.561,345.944,0.000,180.000,0.001,0.005,7.785,18.000,0.000,614.000,469.000,5.000,0.000,0.000,0.000,0.100,0.000,0.000,0.900,0.000,2.000,8.305,0.005,0.005,5.000
30.010,2726.000,90.837,242.273,345.679,0.000,180.000,0.001,0.005,7.785,18.000,0.000,614.000,469.000,5.000,0.000,0.000,0.000,0.100,0.000,0.000,0.900,0.000,2.000,8.305,0.005,0.005,5.000
30.010,2727.000,90.871,242.189,345.717,0.000,180.000,0.001,0.002,7.785,18.000,0.000,614.000,469.000,5.000,0.000,0.000,0.000,0.100,0.000,0.000,0.900,0.000,2.000,8.661,0.002,0.002,5.000
30.010,2728.000,90.904,242.265,345.323,0.000,180.000,0.001,0.002,7.785,18.000,0.000,614.000,469.000,5.000,0.000,0.000,0.000,0.100,0.000,0.000,0.900,0.000,2.000,8.661,0.002,0.002,5.000
30.010,2729.000,90.937,242.115,345.212,0.000,180.000,0.001,0.002,7.785,18.000,0.000,614.000,469.000,5.000,0.000,0.000,0.000,0.100,0.000,0.000,0.900,0.000,2.000,8.661,0.002,0.002,5.000
30.010,2730.000,90.971,241.984,345.042,0.000,180.000,0.001,0.002,7.785,18.000,0.000,614.000,469.000,5.000,0.000,0.000,0.000,0.100,0.000,0.000,0.900,0.000,2.000,8.661,0.002,0.002,5.000
30.010,2731.000,91.004,241.767,344.774,0.000,180.000,0.001,0.002,7.785,18.000,0.000,614.000,469.000,5.000,0.000,0.000,0.000,0.100,0.000,0.000,0.900,0.000,2.000,8.661,0.002,0.002,5.000
30.010,2732.000,91.037,241.497,344.930,0.000,180.000,0.001,0.002,7.785,18.000,0.000,614.000,469.000,5.000,0.000,0.000,0.000,0.100,0.000,0.000,0.900,0.000,2.000,8.661,0.002,0.002,5.000
30.010,2733.000,91.071,241.368,344.724,0.000,180.000,0.001,0.011,7.785,18.000,0.000,614.000,469.000,5.000,0.000,0.000,0.000,0.100,0.000,0.000,0.900,0.000,2.000,13.583,0.011,0.011,5.000
30.010,2734.000,91.104,241.492,344.760,0.000,180.000,0.001,0.011,7.785,18.000,0.000,614.000,469.000,5.000,0.000,0.000,0.000,0.100,0.000,0.000,0.900,0.000,2.000,13.583,0.011,0.011,5.000
30.010,2735.000,91.137,241.275,344.431,0.000,180.000,0.001,0.011,7.785,18.000,0.000,614.000,469.000,5.000,0.000,0.000,0.000,0.100,0.000,0.000,0.900,0.000,2.000,13.583,0.011,0.011,5.000
30.010,2736.000,91.171,241.163,344.213,0.000,180.000,0.001,0.011,7.785,18.000,0.000,614.000,469.000,5.000,0.000,0.000,0.000,0.100,0.000,0.000,0.900,0.000,2.000,13.583,0.011,0.011,5.000
30.010,2737.000,91.204,240.986,344.185,0.000,180.000,0.001,0.011,7.785,18.000,0.000,614.000,469.000,5.000,0.000,0.000,0.000,0.100,0.000,0.000,0.900,0.000,2.000,13.583,0.011,0.011,5.000
30.010,2738.000,91.237,240.838,344.178,0.000,180.000,0.001,0.011,7.785,18.000,0.000,614.000,469.000,5.000,0.000,0.000,0.000,0.100,0.000,0.000,0.900,0.000,2.000,13.583,0.011,0.011,5.000
30.010,2739.000,91.271,240.635,343.905,0.000,180.000,0.001,0.004,7.785,18.000,0.000,614.000,469.000,5.000,0.000,0.000,0.000,0.100,0.000,0.000,0.900,0.000,2.000,9.387,0.004,0.004,5.000
30.010,2740.000,91.304,240.477,343.940,0.000,180.000,0.001,0.004,7.785,18.000,0.000,614.000,469.000,5.000,0.000,0.000,0.000,0.100,0.000,0.000,0.900,0.000,2.000,9.387,0.004,0.004,5.000
30.010,2741.000,91.337,240.291,344.081,0.000,180.000,0.001,0.004,7.785,18.000,0.000,614.000,469.000,5.000,0.000,0.000,0.000,0.100,0.000,0.000,0.900,0.000,2.000,9.387,0.004,0.004,5.000
30.010,2742.000,91.371,240.252,343.758,0.000,180.000,0.001,0.004,7.785,18.000,0.000,614.000,469.000,5.000,0.000,0.000,0.000,0.100,0.000,0.000,0.900,0.000,2.000,9.387,0.004,0.004,5.000
30.010,2743.000,91.404,239.998,343.762,0.000,180.000,0.001,0.004,7.785,18.000,0.000,614.000,469.000,5.000,0.000,0.000,0.000,0.100,0.000,0.000,0.900,0.000,2.000,9.387,0.004,0.004,5.000
30.010,2744.000,91.437,239.885,343.573,0.000,180.000,0.001,0.004,7.785,18.000,0.000,614.000,469.000,5.000,0.000,0.000,0.000,0.100,0.000,0.000,0.900,0.000,2.000,9.387,0.004,0.004,5.000
30.010,2745.000,91.470,239.599,343.442,0.000,180.000,0.001,0.001,7.785,18.000,0.000,614.000,469.000,5.000,0.000,0.000,0.000,0.100,0.000,0.000,0.900,0.000,2.000,10.323,0.001,0.001,5.000
30.010,2746.000,91.504,239.266,343.357,0.000,180.000,0.001,0.001,7.785,18.000,0.000,614.000,469.000,5.000,0.000,0.000,0.000,0.100,0.000,0.000,0.900,0.000,2.000,10.323,0.001,0.001,5.000
30.010,2747.000,91.537,239.471,343.350,0.000,180.000,0.001,0.001,7.785,18.000,0.000,614.000,469.000,5.000,0.000,0.000,0.000,0.100,0.000,0.000,0.900,0.000,2.000,10.323,0.001,0.001,5.000
30.010,2748.000,91.570,239.179,343.388,0.000,180.000,0.001,0.001,7.785,18.000,0.000,614.000,469.000,5.000,0.000,0.000,0.000,0.100,0.000,0.000,0.900,0.000,2.000,10.323,0.001,0.001,5.000
30.010,2749.000,91.604,239.090,343.257,0.000,180.000,0.001,0.001,7.785,18.000,0.000,614.000,469.000,5.000,0.000,0.000,0.000,0.100,0.000,0.000,0.900,0.000,2.000,10.323,0.001,0.001,5.000
30.010,2750.000,91.637,239.005,343.060,0.000,180.000,0.001,0.001,7.785,18.000,0.000,614.000,469.000,5.000,0.000,0.000,0.000,0.100,0.000,0.000,0.900,0.000,2.000,10.323,0.001,0.001,5.000
30.010,2751.000,91.670,239.046,342.857,0.000,180.000,0.001,0.002,7.785,18.000,0.000,614.000,469.000,5.000,0.000,0.000,0.000,0.100,0.000,0.000,0.900,0.000,2.000,9.968,0.002,0.002,5.000
30.010,2752.000,91.704,239.007,342.942,0.000,180.000,0.001,0.002,7.785,18.000,0.000,614.000,469.000,5.000,0.000,0.000,0.000,0.100,0.000,0.000,0.900,0.000,2.000,9.968,0.002,0.002,5.000
30.010,2753.000,91.737,238.944,342.993,0.000,180.000,0.001,0.002,7.785,18.000,0.000,614.000,469.000,5.000,0.000,0.000,0.000,0.100,0.000,0.000,0.900,0.000,2.000,9.968,0.002,0.002,5.000
30.010,2754.000,91.770,238.815,342.547,0.000,180.000,0.001,0.002,7.785,18.000,0.000,614.000,469.000,5.000,0.000,0.000,0.000,0.100,0.000,0.000,0.900,0.000,2.000,9.968,0.002,0.002,5.000
30.000,2755.000,91.833,238.624,342.371,0.000,180.000,0.001,0.002,7.785,18.000,0.000,614.000,469.000,5.000,0.000,0.000,0.000,0.100,0.000,0.000,0.900,0.000,2.000,9.968,0.002,0.002,5.000
30.000,2756.000,91.867,238.153,342.153,0.000,180.000,0.001,0.002,7.785,18.000,0.000,614.000,469.000,5.000,0.000,0.000,0.000,0.100,0.000,0.000,0.900,0.000,2.000,9.968,0.002,0.002,5.000
30.000,2757.000,91.900,237.981,341.944,0.000,180.000,0.001,0.009,7.785,18.000,0.000,614.000,469.000,5.000,0.000,0.000,0.000,0.100,0.000,0.000,0.900,0.000,2.000,9.608,0.009,0.009,5.000
30.000,2758.000,91.933,237.689,341.866,0.000,180.000,0.001,0.009,7.785,18.000,0.000,614.000,469.000,5.000,0.000,0.000,0.000,0.100,0.000,0.000,0.900,0.000,2.000,9.608,0.009,0.009,5.000
30.000,2759.000,91.967,237.411,341.620,0.000,180.000,0.001,0.009,7.785,18.000,0.000,614.000,469.000,5.000,0.000,0.000,0.000,0.100,0.000,0.000,0.900,0.000,2.000,9.608,0.009,0.009,5.000
30.000,2760.000,92.000,237.466,341.416,0.000,180.000,0.001,0.009,7.785,18.000,0.000,614.000,469.000,5.000,0.000,0.000,0.000,0.100,0.000,0.000,0.900,0.000,2.000,9.608,0.009,0.009,5.000
30.000,2761.000,92.033,237.372,341.534,0.000,180.000,0.001,0.009,7.785,18.000,0.000,614.000,469.000,5.000,0.000,0.000,0.000,0.100,0.000,0.000,0.900,0.000,2.000,9.608,0.009,0.009,5.000
30.000,2762.000,92.067,237.331,341.199,0.000,180.000,0.001,0.009,7.785,18.000,0.000,614.000,469.000,5.000,0.000,0.000,0.000,0.100,0.000,0.000,0.900,0.000,2.000,9.608,0.009,0.009,5.000
30.000,2763.000,92.100,237.284,341.456,0.000,180.000,0.001,0.005,7.785,18.000,0.000,614.000,469.000,5.000,0.000,0.000,0.000,0.100,0.000,0.000,0.900,0.000,2.000,14.460,0.005,0.005,5.000
30.000,2764.000,92.133,237.223,341.230,0.000,180.000,0.001,0.005,7.785,18.000,0.000,614.000,469.000,5.000,0.000,0.000,0.000,0.100,0.000,0.000,0.900,0.000,2.000,14.460,0.005,0.005,5.000
30.000,2765.000,92.167,237.047,341.270,0.000,180.000,0.001,0.005,7.785,18.000,0.000,614.000,469.000,5.000,0.000,0.000,0.000,0.100,0.000,0.000,0.900,0.000,2.000,14.460,0.005,0.005,5.000
30.000,2766.000,92.200,237.119,341.361,0.000,180.000,0.001,0.005,7.785,18.000,0.000,614.000,469.000,5.000,0.000,0.000,0.000,0.100,0.000,0.000,0.900,0.000,2.000,14.460,0.005,0.005,5.000
30.000,2767.000,92.233,237.026,341.103,0.000,180.000,0.001,0.005,7.785,18.000,0.000,614.000,469.000,5.000,0.000,0.000,0.000,0.100,0.000,0.000,0.900,0.000,2.000,14.460,0.005,0.005,5.000
30.000,2768.000,92.267,237.000,340.866,0.000,180.000,0.001,0.005,7.785,18.000,0.000,614.000,469.000,5.000,0.000,0.000,0.000,0.100,0.000,0.000,0.900,0.000,2.000,14.460,0.005,0.005,5.000
30.000,2769.000,92.300,236.730,340.847,0.000,180.000,0.001,0.004,7.785,18.000,0.000,614.000,469.000,5.000,0.000,0.000,0.000,0.100,0.000,0.000,0.900,0.000,2.000,5.308,0.004,0.004,5.000
30.000,2770.000,92.333,236.320,340.822,0.000,180.000,0.001,0.004,7.785,18.000,0.000,614.000,469.000,5.000,0.000,0.000,0.000,0.100,0.000,0.000,0.900,0.000,2.000,5.308,0.004,0.004,5.000
30.000,2771.000,92.367,236.019,340.796,0.000,180.000,0.001,0.004,7.785,18.000,0.000,614.000,469.000,5.000,0.000,0.000,0.000,0.100,0.000,0.000,0.900,0.000,2.000,5.308,0.004,0.004,5.000
30.000,2772.000,92.400,235.853,340.219,0.000,180.000,0.001,0.004,7.785,18.000,0.000,614.000,469.000,5.000,0.000,0.000,0.000,0.100,0.000,0.000,0.900,0.000,2.000,5.308,0.004,0.004,5.000
30.000,2773.000,92.433,235.884,340.125,0.000,180.000,0.001,0.004,7.785,18.000,0.000,614.000,469.000,5.000,0.000,0.000,0.000,0.100,0.000,0.000,0.900,0.000,2.000,5.308,0.004,0.004,5.000
30.000,2774.000,92.467,235.597,340.042,0.000,180.000,0.001,0.004,7.785,18.000,0.000,614.000,469.000,5.000,0.000,0.000,0.000,0.100,0.000,0.000,0.900,0.000,2.000,5.308,0.004,0.004,5.000
30.000,2775.000,92.500,235.345,339.927,0.000,180.000,0.001,0.007,7.785,18.000,0.000,614.000,469.000,5.000,0.000,0.000,0.000,0.100,0.000,0.000,0.900,0.000,2.000,14.429,0.007,0.007,5.000
30.000,2776.000,92.533,235.274,339.897,0.000,180.000,0.001,0.007,7.785,18.000,0.000,614.000,469.000,5.000,0.000,0.000,0.000,0.100,0.000,0.000,0.900,0.000,2.000,14.429,0.007,0.007,5.000
30.000,2777.000,92.567,234.905,339.537,0.000,180.000,0.001,0.007,7.785,18.000,0.000,614.000,469.000,5.000,0.000,0.000,0.000,0.100,0.000,0.000,0.900,0.000,2.000,14.429,0.007,0.007,5.000
30.000,2778.000,92.600,234.553,339.326,0.000,180.000,0.001,0.007,7.785,18.000,0.000,614.000,469.000,5.000,0.000,0.000,0.000,0.100,0.000,0.000,0.900,0.000,2.000,14.429,0.007,0.007,5.000
30.000,2779.000,92.633,234.582,339.124,0.000,180.000,0.001,0.007,7.785,18.000,0.000,614.000,469.000,5.000,0.000,0.000,0.000,0.100,0.000,0.000,0.900,0.000,2.000,14.429,0.007,0.007,5.000
30.000,2780.000,92.667,234.522,338.911,0.000,180.000,0.001,0.007,7.785,18.000,0.000,614.000,469.000,5.000,0.000,0.000,0.000,0.100,0.000,0.000,0.900,0.000,2.000,14.429,0.007,0.007,5.000
30.000,2781.000,92.700,234.449,338.703,0.000,180.000,0.001,0.007,7.785,18.000,0.000,614.000,469.000,5.000,0.000,0.000,0.000,0.100,0.000,0.000,0.900,0.000,2.000,15.771,0.007,0.007,5.000
30.000,2782.000,92.733,234.357,338.787,0.000,180.000,0.001,0.007,7.785,18.000,0.000,614.000,469.000,5.000,0.000,0.000,0.000,0.100,0.000,0.000,0.900,0.000,2.000,15.771,0.007,0.007,5.000
30.000,2783.000,92.767,234.261,338.431,0.000,180.000,0.001,0.007,7.785,18.000,0.000,614.000,469.000,5.000,0.000,0.000,0.000,0.100,0.000,0.000,0.900,0.000,2.000,15.771,0.007,0.007,5.000
30.000,2784.000,92.800,234.481,338.301,0.000,180.000,0.001,0.007,7.785,18.000,0.000,614.000,469.000,5.000,0.000,0.000,0.000,0.100,0.000,0.000,0.900,0.000,2.000,15.771,0.007,0.007,5.000
30.000,2785.000,92.833,234.258,338.187,0.000,180.000,0.001,0.007,7.785,18.000,0.000,614.000,469.000,5.000,0.000,0.000,0.000,0.100,0.000,0.000,0.900,0.000,2.000,15.771,0.007,0.007,5.000
30.000,2786.000,92.867,234.169,338.007,0.000,180.000,0.001,0.007,7.785,18.000,0.000,614.000,469.000,5.000,0.000,0.000,0.000,0.100,0.000,0.000,0.900,0.000,2.000,15.771,0.007,0.007,5.000
30.000,2787.000,92.900,234.340,337.785,0.000,180.000,0.001,0.010,7.785,18.000,0.000,614.000,469.000,5.000,0.000,0.000,0.000,0.100,0.000,0.000,0.900,0.000,2.000,9.519,0.010,0.010,5.000
30.000,2788.000,92.933,233.773,337.960,0.000,180.000,0.001,0.010,7.785,18.000,0.000,614.000,469.000,5.000,0.000,0.000,0.000,0.100,0.000,0.000,0.900,0.000,2.000,9.519,0.010,0.010,5.000
30.000,2789.000,92.967,233.708,337.823,0.000,180.000,0.001,0.010,7.785,18.000,0.000,614.000,469.000,5.000,0.000,0.000,0.000,0.100,0.000,0.000,0.900,0.000,2.000,9.519,0.010,0.010,5.000
30.000,2790.000,93.000,233.525,337.815,0.000,180.000,0.001,0.010,7.785,18.000,0.000,614.000,469.000,5.000,0.000,0.000,0.000,0.100,0.000,0.000,0.900,0.000,2.000,9.519,0.010,0.010,5.000
30.000,2791.000,93.033,233.318,337.793,0.000,180.000,0.001,0.010,7.785,18.000,0.000,614.000,469.000,5.000,0.000,0.000,0.000,0.100,0.000,0.000,0.900,0.000,2.000,9.519,0.010,0.010,5.000
30.000,2792.000,93.067,233.205,337.871,0.000,180.000,0.001,0.010,7.785,18.000,0.000,614.000,469.000,5.000,0.000,0.000,0.000,0.100,0.000,0.000,0.900,0.000,2.000,9.519,0.010,0.010,5.000
30.000,2793.000,93.100,233.042,337.755,0.000,180.000,0.001,0.001,7.785,18.000,0.000,614.000,469.000,5.000,0.000,0.000,0.000,0.100,0.000,0.000,0.900,0.000,2.000,9.784,0.001,0.001,5.000
30.000,2794.000,93.133,232.935,337.710,0.000,180.000,0.001,0.001,7.785,18.000,0.000,614.000,469.000,5.000,0.000,0.000,0.000,0.100,0.000,0.000,0.900,0.000,2.000,9.784,0.001,0.001,5.000
30.000,2795.000,93.167,232.600,337.597,0.000,180.000,0.001,0.001,7.785,18.000,0.000,614.000,469.000,5.000,0.000,0.000,0.000,0.100,0.000,0.000,0.900,0.000,2.000,9.784,0.001,0.001,5.000
30.000,2796.000,93.200,232.632,337.589,0.000,180.000,0.001,0.001,7.785,18.000,0.000,614.000,469.000,5.000,0.000,0.000,0.000,0.100,0.000,0.000,0.900,0.000,2.000,9.784,0.001,0.001,5.000
30.000,2797.000,93.233,232.328,337.577,0.000,180.000,0.001,0.001,7.785,18.000,0.000,614.000,469.000,5.000,0.000,0.000,0.000,0.100,0.000,0.000,0.900,0.000,2.000,9.784,0.001,0.001,5.000
30.000,2798.000,93.267,232.370,336.998,0.000,180.000,0.001,0.001,7.785,18.000,0.000,614.000,469.000,5.000,0.000,0.000,0.000,0.100,0.000,0.000,0.900,0.000,2.000,9.784,0.001,0.001,5.000
30.000,2799.000,93.300,232.389,337.090,0.000,180.000,0.001,-0.001,7.785,18.000,0.000,614.000,469.000,5.000,0.000,0.000,0.000,0.100,0.000,0.000,0.900,0.000,2.000,9.727,-0.001,-0.001,5.000
30.000,2800.000,93.333,232.276,336.892,0.000,180.000,0.001,-0.001,7.785,18.000,0.000,614.000,469.000,5.000,0.000,0.000,0.000,0.100,0.000,0.000,0.900,0.000,2.000,9.727,-0.001,-0.001,5.000
30.000,2801.000,93.367,232.287,336.899,0.000,180.000,0.001,-0.001,7.785,18.000,0.000,614.000,469.000,5.000,0.000,0.000,0.000,0.100,0.000,0.000,0.900,0.000,2.000,9.727,-0.001,-0.001,5.000
30.000,2802.000,93.400,232.061,336.836,0.000,180.000,0.001,-0.001,7.785,18.000,0.000,614.000,469.000,5.000,0.000,0.000,0.000,0.100,0.000,0.000,0.900,0.000,2.000,9.727,-0.001,-0.001,5.000
30.000,2803.000,93.433,231.762,336.435,0.000,180.000,0.001,-0.001,7.785,18.000,0.000,614.000,469.000,5.000,0.000,0.000,0.000,0.100,0.000,0.000,0.900,0.000,2.000,9.727,-0.001,-0.001,5.000
30.000,2804.000,93.467,231.590,336.333,0.000,180.000,0.001,-0.001,7.785,18.000,0.000,614.000,469.000,5.000,0.000,0.000,0.000,0.100,0.000,0.000,0.900,0.000,2.000,9.727,-0.001,-0.001,5.000
30.000,2805.000,93.500,231.112,336.288,0.000,180.000,0.001,0.011,7.785,18.000,0.000,614.000,469.000,5.000,0.000,0.000,0.000,0.100,0.000,0.000,0.900,0.000,2.000,12.236,0.011,0.011,5.000
30.000,2806.000,93.533,231.009,336.130,0.000,180.000,0.001,0.011,7.785,18.000,0.000,614.000,469.000,5.000,0.000,0.000,0.000,0.100,0.000,0.000,0.900,0.000,2.000,12.236,0.011,0.011,5.000
30.000,2807.000,93.567,231.070,336.223,0.000,180.000,0.001,0.011,7.785,18.000,0.000,614.000,469.000,5.000,0.000,0.000,0.000,0.100,0.000,0.000,0.900,0.000,2.000,12.236,0.011,0.011,5.000
30.000,2808.000,93.600,230.745,336.009,0.000,180.000,0.001,0.011,7.785,18.000,0.000,614.000,469.000,5.000,0.000,0.000,0.000,0.100,0.000,0.000,0.900,0.000,2.000,12.236,0.011,0.011,5.000
30.000,2809.000,93.633,230.762,336.048,0.000,180.000,0.001,0.011,7.785,18.000,0.000,614.000,469.000,5.000,0.000,0.000,0.000,0.100,0.000,0.000,0.900,0.000,2.000,12.236,0.011,0.011,5.000
30.000,2810.000,93.667,230.640,336.035,0.000,180.000,0.001,0.011,7.785,18.000,0.000,614.000,469.000,5.000,0.000,0.000,0.000,0.100,0.000,0.000,0.900,0.000,2.000,12.236,0.011,0.011,5.000
30.000,2811.000,93.700,230.589,336.111,0.000,180.000,0.001,0.000,7.785,18.000,0.000,614.000,469.000,5.000,0.000,0.000,0.000,0.100,0.000,0.000,0.900,0.000,2.000,10.287,0.000,0.000,5.000
30.000,2812.000,93.733,230.612,336.042,0.000,180.000,0.001,0.000,7.785,18.000,0.000,614.000,469.000,5.000,0.000,0.000,0.000,0.100,0.000,0.000,0.900,0.000,2.000,10.287,0.000,0.000,5.000
30.000,2813.000,93.767,230.444,335.972,0.000,180.000,0.001,0.000,7.785,18.000,0.000,614.000,469.000,5.000,0.000,0.000,0.000,0.100,0.000,0.000,0.900,0.000,2.000,10.287,0.000,0.000,5.000
30.000,2814.000,93.800,230.366,335.754,0.000,180.000,0.001,0.000,7.785,18.000,0.000,614.000,469.000,5.000,0.000,0.000,0.000,0.100,0.000,0.000,0.900,0.000,2.000,10.287,0.000,0.000,5.000
30.000,2815.000,93.833,230.271,335.348,0.000,180.000,0.001,0.000,7.785,18.000,0.000,614.000,469.000,5.000,0.000,0.000,0.000,0.100,0.000,0.000,0.900,0.000,2.000,10.287,0.000,0.000,5.000
30.000,2816.000,93.867,230.231,335.158,0.000,180.000,0.001,0.000,7.785,18.000,0.000,614.000,469.000,5.000,0.000,0.000,0.000,0.100,0.000,0.000,0.900,0.000,2.000,10.287,0.000,0.000,5.000
30.000,2817.000,93.900,230.000,335.053,0.000,180.000,0.001,0.006,7.785,18.000,0.000,614.000,469.000,5.000,0.000,0.000,0.000,0.100,0.000,0.000,0.900,0.000,2.000,8.214,0.006,0.006,5.000
30.000,2818.000,93.933,229.756,334.809,0.000,180.000,0.001,0.006,7.785,18.000,0.000,614.000,469.000,5.000,0.000,0.000,0.000,0.100,0.000,0.000,0.900,0.000,2.000,8.214,0.006,0.006,5.000
30.000,2819.000,93.967,229.714,334.386,0.000,180.000,0.001,0.006,7.785,18.000,0.000,614.000,469.000,5.000,0.000,0.000,0.000,0.100,0.000,0.000,0.900,0.000,2.000,8.214,0.006,0.006,5.000
30.000,2820.000,94.000,229.520,334.204,0.000,180.000,0.001,0.006,7.785,18.000,0.000,614.000,469.000,5.000,0.000,0.000,0.000,0.100,0.000,0.000,0.900,0.000,2.000,8.214,0.006,0.006,5.000
30.000,2821.000,94.033,229.529,334.686,0.000,180.000,0.001,0.006,7.785,18.000,0.000,614.000,469.000,5.000,0.000,0.000,0.000,0.100,0.000,0.000,0.900,0.000,2.000,8.214,0.006,0.006,5.000
30.000,2822.000,94.067,229.530,334.357,0.000,180.000,0.001,0.006,7.785,18.000,0.000,614.000,469.000,5.000,0.000,0.000,0.000,0.100,0.000,0.000,0.900,0.000,2.000,8.214,0.006,0.006,5.000
30.000,2823.000,94.100,228.916,334.285,0.000,180.000,0.001,0.005,7.785,18.000,0.000,614.000,469.000,5.000,0.000,0.000,0.000,0.100,0.000,0.000,0.900,0.000,2.000,9.548,0.005,0.005,5.000
30.000,2824.000,94.133,229.284,334.200,0.000,180.000,0.001,0.005,7.785,18.000,0.000,614.000,469.000,5.000,0.000,0.000,0.000,0.100,0.000,0.000,0.900,0.000,2.000,9.548,0.005,0.005,5.000
30.000,2825.000,94.167,228.982,334.102,0.000,180.000,0.001,0.005,7.785,18.000,0.000,614.000,469.000,5.000,0.000,0.000,0.000,0.100,0.000,0.000,0.900,0.000,2.000,9.548,0.005,0.005,5.000
30.000,2826.000,94.200,228.995,334.121,0.000,180.000,0.001,0.005,7.785,18.000,0.000,614.000,469.000,5.000,0.000,0.000,0.000,0.100,0.000,0.000,0.900,0.000,2.000,9.548,0.005,0.005,5.000
30.000,2827.000,94.233,228.910,334.090,0.000,180.000,0.001,0.005,7.785,18.000,0.000,614.000,469.000,5.000,0.000,0.000,0.000,0.100,0.000,0.000,0.900,0.000,2.000,9.548,0.005,0.005,5.000
30.000,2828.000,94.267,228.839,334.124,0.000,180.000,0.001,0.005,7.785,18.000,0.000,614.000,469.000,5.000,0.000,0.000,0.000,0.100,0.000,0.000,0.900,0.000,2.000,9.548,0.005,0.005,5.000
30.000,2829.000,94.300,228.796,333.807,0.000,180.000,0.001,0.004,7.785,18.000,0.000,614.000,469.000,5.000,0.000,0.000,0.000,0.100,0.000,0.000,0.900,0.000,2.000,8.248,0.004,0.004,5.000
30.000,2830.000,94.333,228.632,333.308,0.000,180.000,0.001,0.004,7.785,18.000,0.000,614.000,469.000,5.000,0.000,0.000,0.000,0.100,0.000,0.000,0.900,0.000,2.000,8.248,0.004,0.004,5.000
30.000,2831.000,94.367,228.601,333.114,0.000,180.000,0.001,0.004,7.785,18.000,0.000,614.000,469.000,5.000,0.000,0.000,0.000,0.100,0.000,0.000,0.900,0.000,2.000,8.248,0.004,0.004,5.000
30.000,2832.000,94.400,228.378,332.740,0.000,180.000,0.001,0.004,7.785,18.000,0.000,614.000,469.000,5.000,0.000,0.000,0.000,0.100,0.000,0.000,0.900,0.000,2.000,8.248,0.004,0.004,5.000
30.000,2833.000,94.433,228.388,332.610,0.000,180.000,0.001,0.004,7.785,18.000,0.000,614.000,469.000,5.000,0.000,0.000,0.000,0.100,0.000,0.000,0.900,0.000,2.000,8.248,0.004,0.004,5.000
30.000,2834.000,94.467,228.390,332.690,0.000,180.000,0.001,0.004,7.785,18.000,0.000,614.000,469.000,5.000,0.000,0.000,0.000,0.100,0.000,0.000,0.900,0.000,2.000,8.248,0.004,0.004,5.000
30.000,2835.000,94.500,228.345,332.721,0.000,180.000,0.001,0.015,7.785,18.000,0.000,614.000,469.000,5.000,0.000,0.000,0.000,0.100,0.000,0.000,0.900,0.000,2.000,15.070,0.015,0.015,5.000
30.000,2836.000,94.533,228.390,332.187,0.000,180.000,0.001,0.015,7.785,18.000,0.000,614.000,469.000,5.000,0.000,0.000,0.000,0.100,0.000,0.000,0.900,0.000,2.000,15.070,0.015,0.015,5.000
30.000,2837.000,94.567,228.214,332.049,0.000,180.000,0.001,0.015,7.785,18.000,0.000,614.000,469.000,5.000,0.000,0.000,0.000,0.100,0.000,0.000,0.900,0.000,2.000,15.070,0.015,0.015,5.000
30.000,2838.000,94.600,228.094,331.897,0.000,180.000,0.001,0.015,7.785,18.000,0.000,614.000,469.000,5.000,0.000,0.000,0.000,0.100,0.000,0.000,0.900,0.000,2.000,15.070,0.015,0.015,5.000
30.000,2839.000,94.633,227.868,331.963,0.000,180.000,0.001,0.015,7.785,18.000,0.000,614.000,469.000,5.000,0.000,0.000,0.000,0.100,0.000,0.000,0.900,0.000,2.000,15.070,0.015,0.015,5.000
30.000,2840.000,94.667,227.645,331.968,0.000,180.000,0.001,0.015,7.785,18.000,0.000,614.000,469.000,5.000,0.000,0.000,0.000,0.100,0.000,0.000,0.900,0.000,2.000,15.070,0.015,0.015,5.000
30.000,2841.000,94.700,227.619,331.982,0.000,180.000,0.001,0.005,7.785,18.000,0.000,614.000,469.000,5.000,0.000,0.000,0.000,0.100,0.000,0.000,0.900,0.000,2.000,7.964,0.005,0.005,5.000
30.000,2842.000,94.733,227.431,331.937,0.000,180.000,0.001,0.005,7.785,18.000,0.000,614.000,469.000,5.000,0.000,0.000,0.000,0.100,0.000,0.000,0.900,0.000,2.000,7.964,0.005,0.005,5.000
30.000,2843.000,94.767,227.211,331.944,0.000,180.000,0.001,0.005,7.785,18.000,0.000,614.000,469.000,5.000,0.000,0.000,0.000,0.100,0.000,0.000,0.900,0.000,2.000,7.964,0.005,0.005,5.000
30.000,2844.000,94.800,227.085,331.536,0.000,180.000,0.001,0.005,7.785,18.000,0.000,614.000,469.000,5.000,0.000,0.000,0.000,0.100,0.000,0.000,0.900,0.000,2.000,7.964,0.005,0.005,5.000
29.970,2845.000,94.928,226.818,331.692,0.000,180.000,0.001,0.005,7.785,18.000,0.000,614.000,469.000,5.000,0.000,0.000,0.000,0.100,0.000,0.000,0.900,0.000,2.000,7.964,0.005,0.005,5.000
29.970,2846.000,94.962,226.480,331.532,0.000,180.000,0.001,0.005,7.785,18.000,0.000,614.000,469.000,5.000,0.000,0.000,0.000,0.100,0.000,0.000,0.900,0.000,2.000,7.964,0.005,0.005,5.000
29.970,2847.000,94.995,226.311,331.537,0.000,180.000,0.001,-0.001,7.785,18.000,0.000,614.000,469.000,5.000,0.000,0.000,0.000,0.100,0.000,0.000,0.900,0.000,2.000,10.417,-0.001,-0.001,5.000
29.970,2848.000,95.028,226.148,331.199,0.000,180.000,0.001,-0.001,7.785,18.000,0.000,614.000,469.000,5.000,0.000,0.000,0.000,0.100,0.000,0.000,0.900,0.000,2.000,10.417,-0.001,-0.001,5.000
29.970,2849.000,95.062,226.231,331.141,0.000,180.000,0.001,-0.001,7.785,18.000,0.000,614.000,469.000,5.000,0.000,0.000,0.000,0.100,0.000,0.000,0.900,0.000,2.000,10.417,-0.001,-0.001,5.000
29.970,2850.000,95.095,226.090,331.083,0.000,180.000,0.001,-0.001,7.785,18.000,0.000,614.000,469.000,5.000,0.000,0.000,0.000,0.100,0.000,0.000,0.900,0.000,2.000,10.417,-0.001,-0.001,5.000
29.970,2851.000,95.128,225.912,330.947,0.000,180.000,0.001,-0.001,7.785,18.000,0.000,614.000,469.000,5.000,0.000,0.000,0.000,0.100,0.000,0.000,0.900,0.000,2.000,10.417,-0.001,-0.001,5.000
29.970,2852.000,95.162,225.782,330.897,0.000,180.000,0.001,-0.001,7.785,18.000,0.000,614.000,469.000,5.000,0.000,0.000,0.000,0.100,0.000,0.000,0.900,0.000,2.000,10.417,-0.001,-0.001,5.000
29.970,2853.000,95.195,225.516,330.778,0.000,180.000,0.001,0.005,7.785,18.000,0.000,614.000,469.000,5.000,0.000,0.000,0.000,0.100,0.000,0.000,0.900,0.000,2.000,11.257,0.005,0.005,5.000
29.970,2854.000,95.228,225.669,330.478,0.000,180.000,0.001,0.005,7.785,18.000,0.000,614.000,469.000,5.000,0.000,0.000,0.000,0.100,0.000,0.000,0.900,0.000,2.000,11.257,0.005,0.005,5.000
29.970,2855.000,95.262,225.709,330.478,0.000,180.000,0.001,0.005,7.785,18.000,0.000,614.000,469.000,5.000,0.000,0.000,0.000,0.100,0.000,0.000,0.900,0.000,2.000,11.257,0.005,0.005,5.000
29.970,2856.000,95.295,225.688,330.406,0.000,180.000,0.001,0.005,7.785,18.000,0.000,614.000,469.000,5.000,0.000,0.000,0.000,0.100,0.000,0.000,0.900,0.000,2.000,11.257,0.005,0.005,5.000
29.970,2857.000,95.329,225.317,330.167,0.000,180.000,0.001,0.005,7.785,18.000,0.000,614.000,469.000,5.000,0.000,0.000,0.000,0.100,0.000,0.000,0.900,0.000,2.000,11.257,0.005,0.005,5.000
29.970,2858.000,95.362,224.787,330.220,0.000,180.000,0.001,0.005,7.785,18.000,0.000,614.000,469.000,5.000,0.000,0.000,0.000,0.100,0.000,0.000,0.900,0.000,2.000,11.257,0.005,0.005,5.000
29.970,2859.000,95.395,224.612,330.316,0.000,180.000,0.001,0.006,7.785,18.000,0.000,614.000,469.000,5.000,0.000,0.000,0.000,0.100,0.000,0.000,0.900,0.000,2.000,9.419,0.006,0.006,5.000
29.970,2860.000,95.429,224.775,329.995,0.000,180.000,0.001,0.006,7.785,18.000,0.000,614.000,469.000,5.000,0.000,0.000,0.000,0.100,0.000,0.000,0.900,0.000,2.000,9.419,0.006,0.006,5.000
29.970,2861.000,95.462,224.541,329.809,0.000,180.000,0.001,0.006,7.785,18.000,0.000,614.000,469.000,5.000,0.000,0.000,0.000,0.100,0.000,0.000,0.900,0.000,2.000,9.419,0.006,0.006,5.000
29.970,2862.000,95.495,224.553,329.717,0.000,180.000,0.001,0.006,7.785,18.000,0.000,614.000,469.000,5.000,0.000,0.000,0.000,0.100,0.000,0.000,0.900,0.000,2.000,9.419,0.006,0.006,5.000
29.970,2863.000,95.529,224.709,329.366,0.000,180.000,0.001,0.006,7.785,18.000,0.000,614.000,469.000,5.000,0.000,0.000,0.000,0.100,0.000,0.000,0.900,0.000,2.000,9.419,0.006,0.006,5.000
29.970,2864.000,95.562,224.375,329.272,0.000,180.000,0.001,0.006,7.785,18.000,0.000,614.000,469.000,5.000,0.000,0.000,0.000,0.100,0.000,0.000,0.900,0.000,2.000,9.419,0.006,0.006,5.000
29.970,2865.000,95.596,224.296,329.195,0.000,180.000,0.001,0.007,7.785,18.000,0.000,614.000,469.000,5.000,0.000,0.000,0.000,0.100,0.000,0.000,0.900,0.000,2.000,9.653,0.007,0.007,5.000
29.970,2866.000,95.629,223.968,329.122,0.000,180.000,0.001,0.007,7.785,18.000,0.000,614.000,469.000,5.000,0.000,0.000,0.000,0.100,0.000,0.000,0.900,0.000,2.000,9.653,0.007,0.007,5.000
29.970,2867.000,95.662,223.880,328.981,0.000,180.000,0.001,0.007,7.785,18.000,0.000,614.000,469.000,5.000,0.000,0.000,0.000,0.100,0.000,0.000,0.900,0.000,2.000,9.653,0.007,0.007,5.000
29.970,2868.000,95.696,223.839,328.977,0.000,180.000,0.001,0.007,7.785,18.000,0.000,614.000,469.000,5.000,0.000,0.000,0.000,0.100,0.000,0.000,0.900,0.000,2.000,9.653,0.007,0.007,5.000
29.970,2869.000,95.729,223.895,328.464,0.000,180.000,0.001,0.007,7.785,18.000,0.000,614.000,469.000,5.000,0.000,0.000,0.000,0.100,0.000,0.000,0.900,0.000,2.000,9.653,0.007,0.007,5.000
29.970,2870.000,95.762,223.730,328.139,0.000,180.000,0.001,0.007,7.785,18.000,0.000,614.000,469.000,5.000,0.000,0.000,0.000,0.100,0.000,0.000,0.900,0.000,2.000,9.653,0.007,0.007,5.000
29.970,2871.000,95.796,223.604,328.021,0.000,180.000,0.001,0.007,7.785,18.000,0.000,614.000,469.000,5.000,0.000,0.000,0.000,0.100,0.000,0.000,0.900,0.000,2.000,11.666,0.007,0.007,5.000
29.970,2872.000,95.829,223.492,327.761,0.000,180.000,0.001,0.007,7.785,18.000,0.000,614.000,469.000,5.000,0.000,0.000,0.000,0.100,0.000,0.000,0.900,0.000,2.000,11.666,0.007,0.007,5.000
29.970,2873.000,95.862,223.414,327.574,0.000,180.000,0.001,0.007,7.785,18.000,0.000,614.000,469.000,5.000,0.000,0.000,0.000,0.100,0.000,0.000,0.900,0.000,2.000,11.666,0.007,0.007,5.000
29.970,2874.000,95.896,223.181,327.021,0.000,180.000,0.001,0.007,7.785,18.000,0.000,614.000,469.000,5.000,0.000,0.000,0.000,0.100,0.000,0.000,0.900,0.000,2.000,11.666,0.007,0.007,5.000
30.000,2875.000,95.833,223.033,327.021,0.000,180.000,0.001,0.007,7.785,18.000,0.000,614.000,469.000,5.000,0.000,0.000,0.000,0.100,0.000,0.000,0.900,0.000,2.000,11.666,0.007,0.007,5.000
30.000,2876.000,95.867,222.731,326.961,0.000,180.000,0.001,0.007,7.785,18.000,0.000,614.000,469.000,5.000,0.000,0.000,0.000,0.100,0.000,0.000,0.900,0.000,2.000,11.666,0.007,0.007,5.000
30.000,2877.000,95.900,222.734,326.792,0.000,180.000,0.001,0.013,7.785,18.000,0.000,614.000,469.000,5.000,0.000,0.000,0.000,0.100,0.000,0.000,0.900,0.000,2.000,16.133,0.013,0.013,5.000
30.000,2878.000,95.933,222.334,326.692,0.000,180.000,0.001,0.013,7.785,18.000,0.000,614.000,469.000,5.000,0.000,0.000,0.000,0.100,0.000,0.000,0.900,0.000,2.000,16.133,0.013,0.013,5.000
30.000,2879.000,95.967,222.126,326.925,0.000,180.000,0.001,0.013,7.785,18.000,0.000,614.000,469.000,5.000,0.000,0.000,0.000,0.100,0.000,0.000,0.900,0.000,2.000,16.133,0.013,0.013,5.000
30.000,2880.000,96.000,222.295,326.597,0.000,180.000,0.001,0.013,7.785,18.000,0.000,614.000,469.000,5.000,0.000,0.000,0.000,0.100,0.000,0.000,0.900,0.000,2.000,16.133,0.013,0.013,5.000
30.000,2881.000,96.033,222.000,326.369,0.000,180.000,0.001,0.013,7.785,18.000,0.000,614.000,469.000,5.000,0.000,0.000,0.000,0.100,0.000,0.000,0.900,0.000,2.000,16.133,0.013,0.013,5.000
30.000,2882.000,96.067,222.149,326.354,0.000,180.000,0.001,0.013,7.785,18.000,0.000,614.000,469.000,5.000,0.000,0.000,0.000,0.100,0.000,0.000,0.900,0.000,2.000,16.133,0.013,0.013,5.000
30.000,2883.000,96.100,222.124,326.277,0.000,180.000,0.001,0.003,7.785,18.000,0.000,614.000,469.000,5.000,0.000,0.000,0.000,0.100,0.000,0.000,0.900,0.000,2.000,11.727,0.003,0.003,5.000
30.000,2884.000,96.133,222.118,326.104,0.000,180.000,0.001,0.003,7.785,18.000,0.000,614.000,469.000,5.000,0.000,0.000,0.000,0.100,0.000,0.000,0.900,0.000,2.000,11.727,0.003,0.003,5.000
30.000,2885.000,96.167,222.373,325.869,0.000,180.000,0.001,0.003,7.785,18.000,0.000,614.000,469.000,5.000,0.000,0.000,0.000,0.100,0.000,0.000,0.900,0.000,2.000,11.727,0.003,0.003,5.000
30.000,2886.000,96.200,222.247,325.786,0.000,180.000,0.001,0.003,7.785,18.000,0.000,614.000,469.000,5.000,0.000,0.000,0.000,0.100,0.000,0.000,0.900,0.000,2.000,11.727,0.003,0.003,5.000
30.000,2887.000,96.233,221.871,325.489,0.000,180.000,0.001,0.003,7.785,18.000,0.000,614.000,469.000,5.000,0.000,0.000,0.000,0.100,0.000,0.000,0.900,0.000,2.000,11.727,0.003,0.003,5.000
30.000,2888.000,96.267,221.810,325.323,0.000,180.000,0.001,0.003,7.785,18.000,0.000,614.000,469.000,5.000,0.000,0.000,0.000,0.100,0.000,0.000,0.900,0.000,2.000,11.727,0.003,0.003,5.000
30.000,2889.000,96.300,221.789,325.328,0.000,180.000,0.001,0.009,7.785,18.000,0.000,614.000,469.000,5.000,0.000,0.000,0.000,0.100,0.000,0.000,0.900,0.000,2.000,8.529,0.009,0.009,5.000
30.000,2890.000,96.333,221.664,325.141,0.000,180.000,0.001,0.009,7.785,18.000,0.000,614.000,469.000,5.000,0.000,0.000,0.000,0.100,0.000,0.000,0.900,0.000,2.000,8.529,0.009,0.009,5.000
30.000,2891.000,96.367,221.513,325.148,0.000,180.000,0.001,0.009,7.785,18.000,0.000,614.000,469.000,5.000,0.000,0.000,0.000,0.100,0.000,0.000,0.900,0.000,2.000,8.529,0.009,0.009,5.000
30.000,2892.000,96.400,221.419,325.089,0.000,180.000,0.001,0.009,7.785,18.000,0.000,614.000,469.000,5.000,0.000,0.000,0.000,0.100,0.000,0.000,0.900,0.000,2.000,8.529,0.009,0.009,5.000
30.000,2893.000,96.433,221.336,324.932,0.000,180.000,0.001,0.009,7.785,18.000,0.000,614.000,469.000,5.000,0.000,0.000,0.000,0.100,0.000,0.000,0.900,0.000,2.000,8.529,0.009,0.009,5.000
30.000,2894.000,96.467,220.972,324.858,0.000,180.000,0.001,0.009,7.785,18.000,0.000,614.000,469.000,5.000,0.000,0.000,0.000,0.100,0.000,0.000,0.900,0.000,2.000,8.529,0.009,0.009,5.000
30.000,2895.000,96.500,220.855,324.744,0.000,180.000,0.001,0.004,7.785,18.000,0.000,614.000,469.000,5.000,0.000,0.000,0.000,0.100,0.000,0.000,0.900,0.000,2.000,7.418,0.004,0.004,5.000
30.000,2896.000,96.533,220.626,324.877,0.000,180.000,0.001,0.004,7.785,18.000,0.000,614.000,469.000,5.000,0.000,0.000,0.000,0.100,0.000,0.000,0.900,0.000,2.000,7.418,0.004,0.004,5.000
30.000,2897.000,96.567,220.558,324.875,0.000,180.000,0.001,0.004,7.785,18.000,0.000,614.000,469.000,5.000,0.000,0.000,0.000,0.100,0.000,0.000,0.900,0.000,2.000,7.418,0.004,0.004,5.000
30.000,2898.000,96.600,220.244,324.621,0.000,180.000,0.001,0.004,7.785,18.000,0.000,614.000,469.000,5.000,0.000,0.000,0.000,0.100,0.000,0.000,0.900,0.000,2.000,7.418,0.004,0.004,5.000
30.000,2899.000,96.633,220.470,324.432,0.000,180.000,0.001,0.004,7.785,18.000,0.000,614.000,469.000,5.000,0.000,0.000,0.000,0.100,0.000,0.000,0.900,0.000,2.000,7.418,0.004,0.004,5.000
30.000,2900.000,96.667,220.074,324.237,0.000,180.000,0.001,0.004,7.785,18.000,0.000,614.000,469.000,5.000,0.000,0.000,0.000,0.100,0.000,0.000,0.900,0.000,2.000,7.418,0.004,0.004,5.000
30.000,2901.000,96.700,220.244,324.153,0.000,180.000,0.001,0.002,7.785,18.000,0.000,614.000,469.000,5.000,0.000,0.000,0.000,0.100,0.000,0.000,0.900,0.000,2.000,9.601,0.002,0.002,5.000
30.000,2902.000,96.733,220.049,324.053,0.000,180.000,0.001,0.002,7.785,18.000,0.000,614.000,469.000,5.000,0.000,0.000,0.000,0.100,0.000,0.000,0.900,0.000,2.000,9.601,0.002,0.002,5.000
30.000,2903.000,96.767,220.014,323.984,0.000,180.000,0.001,0.002,7.785,18.000,0.000,614.000,469.000,5.000,0.000,0.000,0.000,0.100,0.000,0.000,0.900,0.000,2.000,9.601,0.002,0.002,5.000
30.000,2904.000,96.800,219.798,323.874,0.000,180.000,0.001,0.002,7.785,18.000,0.000,614.000,469.000,5.000,0.000,0.000,0.000,0.100,0.000,0.000,0.900,0.000,2.000,9.601,0.002,0.002,5.000
30.000,2905.000,96.833,219.665,323.585,0.000,180.000,0.001,0.002,7.785,18.000,0.000,614.000,469.000,5.000,0.000,0.000,0.000,0.100,0.000,0.000,0.900,0.000,2.000,9.601,0.002,0.002,5.000
30.010,2906.000,96.835,219.730,323.880,0.000,180.000,0.001,0.002,7.785,18.000,0.000,614.000,469.000,5.000,0.000,0.000,0.000,0.100,0.000,0.000,0.900,0.000,2.000,9.601,0.002,0.002,5.000
30.010,2907.000,96.869,219.672,323.704,0.000,180.000,0.001,0.006,7.785,18.000,0.000,614.000,469.000,5.000,0.000,0.000,0.000,0.100,0.000,0.000,0.900,0.000,2.000,11.213,0.006,0.006,5.000
30.010,2908.000,96.902,219.578,323.413,0.000,180.000,0.001,0.006,7.785,18.000,0.000,614.000,469.000,5.000,0.000,0.000,0.000,0.100,0.000,0.000,0.900,0.000,2.000,11.213,0.006,0.006,5.000
30.010,2909.000,96.935,219.198,323.336,0.000,180.000,0.001,0.006,7.785,18.000,0.000,614.000,469.000,5.000,0.000,0.000,0.000,0.100,0.000,0.000,0.900,0.000,2.000,11.213,0.006,0.006,5.000
30.010,2910.000,96.969,219.014,323.074,0.000,180.000,0.001,0.006,7.785,18.000,0.000,614.000,469.000,5.000,0.000,0.000,0.000,0.100,0.000,0.000,0.900,0.000,2.000,11.213,0.006,0.006,5.000
30.010,2911.000,97.002,218.781,323.041,0.000,180.000,0.001,0.006,7.785,18.000,0.000,614.000,469.000,5.000,0.000,0.000,0.000,0.100,0.000,0.000,0.900,0.000,2.000,11.213,0.006,0.006,5.000
30.010,2912.000,97.035,218.488,322.465,0.000,180.000,0.001,0.006,7.785,18.000,0.000,614.000,469.000,5.000,0.000,0.000,0.000,0.100,0.000,0.000,0.900,0.000,2.000,11.213,0.006,0.006,5.000
30.010,2913.000,97.069,218.604,322.572,0.000,180.000,0.001,0.002,7.785,18.000,0.000,614.000,469.000,5.000,0.000,0.000,0.000,0.100,0.000,0.000,0.900,0.000,2.000,9.965,0.002,0.002,5.000
30.010,2914.000,97.102,218.660,322.458,0.000,180.000,0.001,0.002,7.785,18.000,0.000,614.000,469.000,5.000,0.000,0.000,0.000,0.100,0.000,0.000,0.900,0.000,2.000,9.965,0.002,0.002,5.000
30.010,2915.000,97.135,218.465,322.222,0.000,180.000,0.001,0.002,7.785,18.000,0.000,614.000,469.000,5.000,0.000,0.000,0.000,0.100,0.000,0.000,0.900,0.000,2.000,9.965,0.002,0.002,5.000
30.010,2916.000,97.169,218.281,322.106,0.000,180.000,0.001,0.002,7.785,18.000,0.000,614.000,469.000,5.000,0.000,0.000,0.000,0.100,0.000,0.000,0.900,0.000,2.000,9.965,0.002,0.002,5.000
30.010,2917.000,97.202,218.123,321.991,0.000,180.000,0.001,0.002,7.785,18.000,0.000,614.000,469.000,5.000,0.000,0.000,0.000,0.100,0.000,0.000,0.900,0.000,2.000,9.965,0.002,0.002,5.000
30.010,2918.000,97.235,217.972,321.869,0.000,180.000,0.001,0.002,7.785,18.000,0.000,614.000,469.000,5.000,0.000,0.000,0.000,0.100,0.000,0.000,0.900,0.000,2.000,9.965,0.002,0.002,5.000
30.010,2919.000,97.269,217.998,321.947,0.000,180.000,0.001,0.009,7.785,18.000,0.000,614.000,469.000,5.000,0.000,0.000,0.000,0.100,0.000,0.000,0.900,0.000,2.000,11.903,0.009,0.009,5.000
30.010,2920.000,97.302,218.032,321.738,0.000,180.000,0.001,0.009,7.785,18.000,0.000,614.000,469.000,5.000,0.000,0.000,0.000,0.100,0.000,0.000,0.900,0.000,2.000,11.903,0.009,0.009,5.000
30.010,2921.000,97.335,217.909,321.636,0.000,180.000,0.001,0.009,7.785,18.000,0.000,614.000,469.000,5.000,0.000,0.000,0.000,0.100,0.000,0.000,0.900,0.000,2.000,11.903,0.009,0.009,5.000
30.010,2922.000,97.369,217.807,321.542,0.000,180.000,0.001,0.009,7.785,18.000,0.000,614.000,469.000,5.000,0.000,0.000,0.000,0.100,0.000,0.000,0.900,0.000,2.000,11.903,0.009,0.009,5.000
30.010,2923.000,97.402,217.714,321.263,0.000,180.000,0.001,0.009,7.785,18.000,0.000,614.000,469.000,5.000,0.000,0.000,0.000,0.100,0.000,0.000,0.900,0.000,2.000,11.903,0.009,0.009,5.000
30.010,2924.000,97.435,217.733,321.074,0.000,180.000,0.001,0.009,7.785,18.000,0.000,614.000,469.000,5.000,0.000,0.000,0.000,0.100,0.000,0.000,0.900,0.000,2.000,11.903,0.009,0.009,5.000
30.010,2925.000,97.469,217.836,321.037,0.000,180.000,0.001,0.006,7.785,18.000,0.000,614.000,469.000,5.000,0.000,0.000,0.000,0.100,0.000,0.000,0.900,0.000,2.000,8.016,0.006,0.006,5.000
30.010,2926.000,97.502,217.706,320.761,0.000,180.000,0.001,0.006,7.785,18.000,0.000,614.000,469.000,5.000,0.000,0.000,0.000,0.100,0.000,0.000,0.900,0.000,2.000,8.016,0.006,0.006,5.000
30.010,2927.000,97.535,217.466,320.411,0.000,180.000,0.001,0.006,7.785,18.000,0.000,614.000,469.000,5.000,0.000,0.000,0.000,0.100,0.000,0.000,0.900,0.000,2.000,8.016,0.006,0.006,5.000
30.010,2928.000,97.569,217.464,320.265,0.000,180.000,0.001,0.006,7.785,18.000,0.000,614.000,469.000,5.000,0.000,0.000,0.000,0.100,0.000,0.000,0.900,0.000,2.000,8.016,0.006,0.006,5.000
30.010,2929.000,97.602,217.523,320.205,0.000,180.000,0.001,0.006,7.785,18.000,0.000,614.000,469.000,5.000,0.000,0.000,0.000,0.100,0.000,0.000,0.900,0.000,2.000,8.016,0.006,0.006,5.000
30.010,2930.000,97.635,217.576,320.117,0.000,180.000,0.001,0.006,7.785,18.000,0.000,614.000,469.000,5.000,0.000,0.000,0.000,0.100,0.000,0.000,0.900,0.000,2.000,8.016,0.006,0.006,5.000
30.010,2931.000,97.668,217.665,320.000,0.000,180.000,0.001,0.011,7.785,18.000,0.000,614.000,469.000,5.000,0.000,0.000,0.000,0.100,0.000,0.000,0.900,0.000,2.000,10.322,0.011,0.011,5.000
30.010,2932.000,97.702,217.263,319.901,0.000,180.000,0.001,0.011,7.785,18.000,0.000,614.000,469.000,5.000,0.000,0.000,0.000,0.100,0.000,0.000,0.900,0.000,2.000,10.322,0.011,0.011,5.000
30.010,2933.000,97.735,217.061,319.918,0.000,180.000,0.001,0.011,7.785,18.000,0.000,614.000,469.000,5.000,0.000,0.000,0.000,0.100,0.000,0.000,0.900,0.000,2.000,10.322,0.011,0.011,5.000
30.010,2934.000,97.768,216.909,319.840,0.000,180.000,0.001,0.011,7.785,18.000,0.000,614.000,469.000,5.000,0.000,0.000,0.000,0.100,0.000,0.000,0.900,0.000,2.000,10.322,0.011,0.011,5.000
30.010,2935.000,97.802,216.765,319.548,0.000,180.000,0.001,0.011,7.785,18.000,0.000,614.000,469.000,5.000,0.000,0.000,0.000,0.100,0.000,0.000,0.900,0.000,2.000,10.322,0.011,0.011,5.000
30.000,2936.000,97.867,216.722,319.225,0.000,180.000,0.001,0.011,7.785,18.000,0.000,614.000,469.000,5.000,0.000,0.000,0.000,0.100,0.000,0.000,0.900,0.000,2.000,10.322,0.011,0.011,5.000
30.000,2937.000,97.900,216.227,319.189,0.000,180.000,0.001,0.004,7.785,18.000,0.000,614.000,469.000,5.000,0.000,0.000,0.000,0.100,0.000,0.000,0.900,0.000,2.000,9.634,0.004,0.004,5.000
30.000,2938.000,97.933,216.100,319.014,0.000,180.000,0.001,0.004,7.785,18.000,0.000,614.000,469.000,5.000,0.000,0.000,0.000,0.100,0.000,0.000,0.900,0.000,2.000,9.634,0.004,0.004,5.000
30.000,2939.000,97.967,215.981,318.807,0.000,180.000,0.001,0.004,7.785,18.000,0.000,614.000,469.000,5.000,0.000,0.000,0.000,0.100,0.000,0.000,0.900,0.000,2.000,9.634,0.004,0.004,5.000
30.000,2940.000,98.000,215.895,318.855,0.000,180.000,0.001,0.004,7.785,18.000,0.000,614.000,469.000,5.000,0.000,0.000,0.000,0.100,0.000,0.000,0.900,0.000,2.000,9.634,0.004,0.004,5.000
30.000,2941.000,98.033,215.693,318.531,0.000,180.000,0.001,0.004,7.785,18.000,0.000,614.000,469.000,5.000,0.000,0.000,0.000,0.100,0.000,0.000,0.900,0.000,2.000,9.634,0.004,0.004,5.000
30.000,2942.000,98.067,215.538,318.338,0.000,180.000,0.001,0.004,7.785,18.000,0.000,614.000,469.000,5.000,0.000,0.000,0.000,0.100,0.000,0.000,0.900,0.000,2.000,9.634,0.004,0.004,5.000
30.000,2943.000,98.100,215.574,318.317,0.000,180.000,0.001,0.007,7.785,18.000,0.000,614.000,469.000,5.000,0.000,0.000,0.000,0.100,0.000,0.000,0.900,0.000,2.000,14.181,0.007,0.007,5.000
30.000,2944.000,98.133,215.526,318.395,0.000,180.000,0.001,0.007,7.785,18.000,0.000,614.000,469.000,5.000,0.000,0.000,0.000,0.100,0.000,0.000,0.900,0.000,2.000,14.181,0.007,0.007,5.000
30.000,2945.000,98.167,215.243,318.530,0.000,180.000,0.001,0.007,7.785,18.000,0.000,614.000,469.000,5.000,0.000,0.000,0.000,0.100,0.000,0.000,0.900,0.000,2.000,14.181,0.007,0.007,5.000
30.000,2946.000,98.200,215.178,318.401,0.000,180.000,0.001,0.007,7.785,18.000,0.000,614.000,469.000,5.000,0.000,0.000,0.000,0.100,0.000,0.000,0.900,0.000,2.000,14.181,0.007,0.007,5.000
30.000,2947.000,98.233,214.995,318.112,0.000,180.000,0.001,0.007,7.785,18.000,0.000,614.000,469.000,5.000,0.000,0.000,0.000,0.100,0.000,0.000,0.900,0.000,2.000,14.181,0.007,0.007,5.000
30.000,2948.000,98.267,215.237,318.226,0.000,180.000,0.001,0.007,7.785,18.000,0.000,614.000,469.000,5.000,0.000,0.000,0.000,0.100,0.000,0.000,0.900,0.000,2.000,14.181,0.007,0.007,5.000
30.000,2949.000,98.300,215.256,318.207,0.000,180.000,0.001,0.002,7.785,18.000,0.000,614.000,469.000,5.000,0.000,0.000,0.000,0.100,0.000,0.000,0.900,0.000,2.000,7.814,0.002,0.002,5.000
30.000,2950.000,98.333,215.123,318.107,0.000,180.000,0.001,0.002,7.785,18.000,0.000,614.000,469.000,5.000,0.000,0.000,0.000,0.100,0.000,0.000,0.900,0.000,2.000,7.814,0.002,0.002,5.000
30.000,2951.000,98.367,214.854,318.051,0.000,180.000,0.001,0.002,7.785,18.000,0.000,614.000,469.000,5.000,0.000,0.000,0.000,0.100,0.000,0.000,0.900,0.000,2.000,7.814,0.002,0.002,5.000
30.000,2952.000,98.400,214.691,318.040,0.000,180.000,0.001,0.002,7.785,18.000,0.000,614.000,469.000,5.000,0.000,0.000,0.000,0.100,0.000,0.000,0.900,0.000,2.000,7.814,0.002,0.002,5.000
30.000,2953.000,98.433,214.716,317.977,0.000,180.000,0.001,0.002,7.785,18.000,0.000,614.000,469.000,5.000,0.000,0.000,0.000,0.100,0.000,0.000,0.900,0.000,2.000,7.814,0.002,0.002,5.000
30.000,2954.000,98.467,214.719,318.035,0.000,180.000,0.001,0.002,7.785,18.000,0.000,614.000,469.000,5.000,0.000,0.000,0.000,0.100,0.000,0.000,0.900,0.000,2.000,7.814,0.002,0.002,5.000
30.000,2955.000,98.500,214.749,317.930,0.000,180.000,0.001,0.000,7.785,18.000,0.000,614.000,469.000,5.000,0.000,0.000,0.000,0.100,0.000,0.000,0.900,0.000,2.000,2.982,0.000,0.000,5.000
30.000,2956.000,98.533,214.485,317.408,0.000,180.000,0.001,0.000,7.785,18.000,0.000,614.000,469.000,5.000,0.000,0.000,0.000,0.100,0.000,0.000,0.900,0.000,2.000,2.982,0.000,0.000,5.000
30.000,2957.000,98.567,214.246,317.502,0.000,180.000,0.001,0.000,7.785,18.000,0.000,614.000,469.000,5.000,0.000,0.000,0.000,0.100,0.000,0.000,0.900,0.000,2.000,2.982,0.000,0.000,5.000
30.000,2958.000,98.600,214.368,317.517,0.000,180.000,0.001,0.000,7.785,18.000,0.000,614.000,469.000,5.000,0.000,0.000,0.000,0.100,0.000,0.000,0.900,0.000,2.000,2.982,0.000,0.000,5.000
30.000,2959.000,98.633,214.076,317.344,0.000,180.000,0.001,0.000,7.785,18.000,0.000,614.000,469.000,5.000,0.000,0.000,0.000,0.100,0.000,0.000,0.900,0.000,2.000,2.982,0.000,0.000,5.000
30.000,2960.000,98.667,214.241,317.211,0.000,180.000,0.001,0.000,7.785,18.000,0.000,614.000,469.000,5.000,0.000,0.000,0.000,0.100,0.000,0.000,0.900,0.000,2.000,2.982,0.000,0.000,5.000
30.000,2961.000,98.700,214.568,317.324,0.000,180.000,0.001,0.004,7.785,18.000,0.000,614.000,469.000,5.000,0.000,0.000,0.000,0.100,0.000,0.000,0.900,0.000,2.000,8.635,0.004,0.004,5.000
30.000,2962.000,98.733,214.397,317.479,0.000,180.000,0.001,0.004,7.785,18.000,0.000,614.000,469.000,5.000,0.000,0.000,0.000,0.100,0.000,0.000,0.900,0.000,2.000,8.635,0.004,0.004,5.000
30.000,2963.000,98.767,214.233,317.431,0.000,180.000,0.001,0.004,7.785,18.000,0.000,614.000,469.000,5.000,0.000,0.000,0.000,0.100,0.000,0.000,0.900,0.000,2.000,8.635,0.004,0.004,5.000
30.000,2964.000,98.800,213.908,316.988,0.000,180.000,0.001,0.004,7.785,18.000,0.000,614.000,469.000,5.000,0.000,0.000,0.000,0.100,0.000,0.000,0.900,0.000,2.000,8.635,0.004,0.004,5.000
30.000,2965.000,98.833,213.378,316.782,0.000,180.000,0.001,0.004,7.785,18.000,0.000,614.000,469.000,5.000,0.000,0.000,0.000,0.100,0.000,0.000,0.900,0.000,2.000,8.635,0.004,0.004,5.000
30.000,2966.000,98.867,213.328,316.717,0.000,180.000,0.001,0.004,7.785,18.000,0.000,614.000,469.000,5.000,0.000,0.000,0.000,0.100,0.000,0.000,0.900,0.000,2.000,8.635,0.004,0.004,5.000
30.000,2967.000,98.900,213.114,316.324,0.000,180.000,0.001,0.003,7.785,18.000,0.000,614.000,469.000,5.000,0.000,0.000,0.000,0.100,0.000,0.000,0.900,0.000,2.000,8.607,0.003,0.003,5.000
30.000,2968.000,98.933,213.026,316.622,0.000,180.000,0.001,0.003,7.785,18.000,0.000,614.000,469.000,5.000,0.000,0.000,0.000,0.100,0.000,0.000,0.900,0.000,2.000,8.607,0.003,0.003,5.000
30.000,2969.000,98.967,212.913,316.198,0.000,180.000,0.001,0.003,7.785,18.000,0.000,614.000,469.000,5.000,0.000,0.000,0.000,0.100,0.000,0.000,0.900,0.000,2.000,8.607,0.003,0.003,5.000
30.000,2970.000,99.000,212.917,316.236,0.000,180.000,0.001,0.003,7.785,18.000,0.000,614.000,469.000,5.000,0.000,0.000,0.000,0.100,0.000,0.000,0.900,0.000,2.000,8.607,0.003,0.003,5.000
30.000,2971.000,99.033,212.820,316.067,0.000,180.000,0.001,0.003,7.785,18.000,0.000,614.000,469.000,5.000,0.000,0.000,0.000,0.100,0.000,0.000,0.900,0.000,2.000,8.607,0.003,0.003,5.000
30.000,2972.000,99.067,212.815,315.815,0.000,180.000,0.001,0.003,7.785,18.000,0.000,614.000,469.000,5.000,0.000,0.000,0.000,0.100,0.000,0.000,0.900,0.000,2.000,8.607,0.003,0.003,5.000
30.000,2973.000,99.100,212.778,315.817,0.000,180.000,0.001,0.005,7.785,18.000,0.000,614.000,469.000,5.000,0.000,0.000,0.000,0.100,0.000,0.000,0.900,0.000,2.000,8.705,0.005,0.005,5.000
30.000,2974.000,99.133,212.740,315.721,0.000,180.000,0.001,0.005,7.785,18.000,0.000,614.000,469.000,5.000,0.000,0.000,0.000,0.100,0.000,0.000,0.900,0.000,2.000,8.705,0.005,0.005,5.000
30.000,2975.000,99.167,212.730,315.298,0.000,180.000,0.001,0.005,7.785,18.000,0.000,614.000,469.000,5.000,0.000,0.000,0.000,0.100,0.000,0.000,0.900,0.000,2.000,8.705,0.005,0.005,5.000
30.000,2976.000,99.200,212.316,315.098,0.000,180.000,0.001,0.005,7.785,18.000,0.000,614.000,469.000,5.000,0.000,0.000,0.000,0.100,0.000,0.000,0.900,0.000,2.000,8.705,0.005,0.005,5.000
30.000,2977.000,99.233,212.053,315.053,0.000,180.000,0.001,0.005,7.785,18.000,0.000,614.000,469.000,5.000,0.000,0.000,0.000,0.100,0.000,0.000,0.900,0.000,2.000,8.705,0.005,0.005,5.000
30.000,2978.000,99.267,211.970,314.991,0.000,180.000,0.001,0.005,7.785,18.000,0.000,614.000,469.000,5.000,0.000,0.000,0.000,0.100,0.000,0.000,0.900,0.000,2.000,8.705,0.005,0.005,5.000
30.000,2979.000,99.300,212.238,314.708,0.000,180.000,0.001,0.008,7.785,18.000,0.000,614.000,469.000,5.000,0.000,0.000,0.000,0.100,0.000,0.000,0.900,0.000,2.000,12.201,0.008,0.008,5.000
30.000,2980.000,99.333,211.960,314.614,0.000,180.000,0.001,0.008,7.785,18.000,0.000,614.000,469.000,5.000,0.000,0.000,0.000,0.100,0.000,0.000,0.900,0.000,2.000,12.201,0.008,0.008,5.000
30.000,2981.000,99.367,211.684,314.625,0.000,180.000,0.001,0.008,7.785,18.000,0.000,614.000,469.000,5.000,0.000,0.000,0.000,0.100,0.000,0.000,0.900,0.000,2.000,12.201,0.008,0.008,5.000
30.000,2982.000,99.400,211.350,314.261,0.000,180.000,0.001,0.008,7.785,18.000,0.000,614.000,469.000,5.000,0.000,0.000,0.000,0.100,0.000,0.000,0.900,0.000,2.000,12.201,0.008,0.008,5.000
30.000,2983.000,99.433,211.007,314.065,0.000,180.000,0.001,0.008,7.785,18.000,0.000,614.000,469.000,5.000,0.000,0.000,0.000,0.100,0.000,0.000,0.900,0.000,2.000,12.201,0.008,0.008,5.000
30.000,2984.000,99.467,210.737,313.758,0.000,180.000,0.001,0.008,7.785,18.000,0.000,614.000,469.000,5.000,0.000,0.000,0.000,0.100,0.000,0.000,0.900,0.000,2.000,12.201,0.008,0.008,5.000
30.000,2985.000,99.500,210.744,313.826,0.000,180.000,0.001,0.006,7.785,18.000,0.000,614.000,469.000,5.000,0.000,0.000,0.000,0.100,0.000,0.000,0.900,0.000,2.000,13.816,0.006,0.006,5.000
30.000,2986.000,99.533,210.586,313.605,0.000,180.000,0.001,0.006,7.785,18.000,0.000,614.000,469.000,5.000,0.000,0.000,0.000,0.100,0.000,0.000,0.900,0.000,2.000,13.816,0.006,0.006,5.000
30.000,2987.000,99.567,210.572,313.494,0.000,180.000,0.001,0.006,7.785,18.000,0.000,614.000,469.000,5.000,0.000,0.000,0.000,0.100,0.000,0.000,0.900,0.000,2.000,13.816,0.006,0.006,5.000
30.000,2988.000,99.600,210.543,313.377,0.000,180.000,0.001,0.006,7.785,18.000,0.000,614.000,469.000,5.000,0.000,0.000,0.000,0.100,0.000,0.000,0.900,0.000,2.000,13.816,0.006,0.006,5.000
30.000,2989.000,99.633,210.414,313.451,0.000,180.000,0.001,0.006,7.785,18.000,0.000,614.000,469.000,5.000,0.000,0.000,0.000,0.100,0.000,0.000,0.900,0.000,2.000,13.816,0.006,0.006,5.000
30.000,2990.000,99.667,210.182,313.262,0.000,180.000,0.001,0.006,7.785,18.000,0.000,614.000,469.000,5.000,0.000,0.000,0.000,0.100,0.000,0.000,0.900,0.000,2.000,13.816,0.006,0.006,5.000
30.000,2991.000,99.700,210.115,313.367,0.000,180.000,0.001,0.004,7.785,18.000,0.000,614.000,469.000,5.000,0.000,0.000,0.000,0.100,0.000,0.000,0.900,0.000,2.000,8.199,0.004,0.004,5.000
30.000,2992.000,99.733,210.060,313.309,0.000,180.000,0.001,0.004,7.785,18.000,0.000,614.000,469.000,5.000,0.000,0.000,0.000,0.100,0.000,0.000,0.900,0.000,2.000,8.199,0.004,0.004,5.000
30.000,2993.000,99.767,210.037,313.331,0.000,180.000,0.001,0.004,7.785,18.000,0.000,614.000,469.000,5.000,0.000,0.000,0.000,0.100,0.000,0.000,0.900,0.000,2.000,8.199,0.004,0.004,5.000
30.000,2994.000,99.800,209.890,313.326,0.000,180.000,0.001,0.004,7.785,18.000,0.000,614.000,469.000,5.000,0.000,0.000,0.000,0.100,0.000,0.000,0.900,0.000,2.000,8.199,0.004,0.004,5.000
30.000,2995.000,99.833,209.702,313.354,0.000,180.000,0.001,0.004,7.785,18.000,0.000,614.000,469.000,5.000,0.000,0.000,0.000,0.100,0.000,0.000,0.900,0.000,2.000,8.199,0.004,0.004,5.000
30.000,2996.000,99.867,209.382,313.425,0.000,180.000,0.001,0.004,7.785,18.000,0.000,614.000,469.000,5.000,0.000,0.000,0.000,0.100,0.000,0.000,0.900,0.000,2.000,8.199,0.004,0.004,5.000
30.000,2997.000,99.900,209.203,313.396,0.000,180.000,0.001,-0.002,7.785,18.000,0.000,614.000,469.000,5.000,0.000,0.000,0.000,0.100,0.000,0.000,0.900,0.000,2.000,6.897,-0.002,-0.002,5.000
30.000,2998.000,99.933,209.009,313.083,0.000,180.000,0.001,-0.002,7.785,18.000,0.000,614.000,469.000,5.000,0.000,0.000,0.000,0.100,0.000,0.000,0.900,0.000,2.000,6.897,-0.002,-0.002,5.000
30.000,2999.000,99.967,208.770,312.887,0.000,180.000,0.001,-0.002,7.785,18.000,0.000,614.000,469.000,5.000,0.000,0.000,0.000,0.100,0.000,0.000,0.900,0.000,2.000,6.897,-0.002,-0.002,5.000
30.000,3000.000,100.000,208.548,312.612,0.000,180.000,0.001,-0.002,7.785,18.000,0.000,614.000,469.000,5.000,0.000,0.000,0.000,0.100,0.000,0.000,0.900,0.000,2.000,6.897,-0.002,-0.002,5.000
30.000,3001.000,100.033,208.374,312.742,0.000,180.000,0.001,-0.002,7.785,18.000,0.000,614.000,469.000,5.000,0.000,0.000,0.000,0.100,0.000,0.000,0.900,0.000,2.000,6.897,-0.002,-0.002,5.000
30.000,3002.000,100.067,208.235,312.380,0.000,180.000,0.001,-0.002,7.785,18.000,0.000,614.000,469.000,5.000,0.000,0.000,0.000,0.100,0.000,0.000,0.900,0.000,2.000,6.897,-0.002,-0.002,5.000
30.000,3003.000,100.100,207.935,312.321,0.000,180.000,0.001,0.001,7.785,18.000,0.000,614.000,469.000,5.000,0.000,0.000,0.000,0.100,0.000,0.000,0.900,0.000,2.000,14.038,0.001,0.001,5.000
30.000,3004.000,100.133,207.930,311.967,0.000,180.000,0.001,0.001,7.785,18.000,0.000,614.000,469.000,5.000,0.000,0.000,0.000,0.100,0.000,0.000,0.900,0.000,2.000,14.038,0.001,0.001,5.000
30.000,3005.000,100.167,208.005,311.889,0.000,180.000,0.001,0.001,7.785,18.000,0.000,614.000,469.000,5.000,0.000,0.000,0.000,0.100,0.000,0.000,0.900,0.000,2.000,14.038,0.001,0.001,5.000
30.000,3006.000,100.200,207.817,311.858,0.000,180.000,0.001,0.001,7.785,18.000,0.000,614.000,469.000,5.000,0.000,0.000,0.000,0.100,0.000,0.000,0.900,0.000,2.000,14.038,0.001,0.001,5.000
30.000,3007.000,100.233,207.700,311.753,0.000,180.000,0.001,0.001,7.785,18.000,0.000,614.000,469.000,5.000,0.000,0.000,0.000,0.100,0.000,0.000,0.900,0.000,2.000,14.038,0.001,0.001,5.000
30.000,3008.000,100.267,207.763,311.642,0.000,180.000,0.001,0.001,7.785,18.000,0.000,614.000,469.000,5.000,0.000,0.000,0.000,0.100,0.000,0.000,0.900,0.000,2.000,14.038,0.001,0.001,5.000
30.000,3009.000,100.300,207.796,311.325,0.000,180.000,0.001,0.008,7.785,18.000,0.000,614.000,469.000,5.000,0.000,0.000,0.000,0.100,0.000,0.000,0.900,0.000,2.000,11.486,0.008,0.008,5.000
30.000,3010.000,100.333,207.734,311.289,0.000,180.000,0.001,0.008,7.785,18.000,0.000,614.000,469.000,5.000,0.000,0.000,0.000,0.100,0.000,0.000,0.900,0.000,2.000,11.486,0.008,0.008,5.000
30.000,3011.000,100.367,207.491,311.172,0.000,180.000,0.001,0.008,7.785,18.000,0.000,614.000,469.000,5.000,0.000,0.000,0.000,0.100,0.000,0.000,0.900,0.000,2.000,11.486,0.008,0.008,5.000
30.000,3012.000,100.400,207.544,311.093,0.000,180.000,0.001,0.008,7.785,18.000,0.000,614.000,469.000,5.000,0.000,0.000,0.000,0.100,0.000,0.000,0.900,0.000,2.000,11.486,0.008,0.008,5.000
30.000,3013.000,100.433,207.760,311.067,0.000,180.000,0.001,0.008,7.785,18.000,0.000,614.000,469.000,5.000,0.000,0.000,0.000,0.100,0.000,0.000,0.900,0.000,2.000,11.486,0.008,0.008,5.000
30.000,3014.000,100.467,207.300,311.103,0.000,180.000,0.001,0.008,7.785,18.000,0.000,614.000,469.000,5.000,0.000,0.000,0.000,0.100,0.000,0.000,0.900,0.000,2.000,11.486,0.008,0.008,5.000
30.000,3015.000,100.500,207.018,310.968,0.000,180.000,0.001,0.008,7.785,18.000,0.000,614.000,469.000,5.000,0.000,0.000,0.000,0.100,0.000,0.000,0.900,0.000,2.000,6.616,0.008,0.008,5.000
30.000,3016.000,100.533,206.849,310.754,0.000,180.000,0.001,0.008,7.785,18.000,0.000,614.000,469.000,5.000,0.000,0.000,0.000,0.100,0.000,0.000,0.900,0.000,2.000,6.616,0.008,0.008,5.000
30.000,3017.000,100.567,207.030,310.822,0.000,180.000,0.001,0.008,7.785,18.000,0.000,614.000,469.000,5.000,0.000,0.000,0.000,0.100,0.000,0.000,0.900,0.000,2.000,6.616,0.008,0.008,5.000
30.000,3018.000,100.600,207.095,310.678,0.000,180.000,0.001,0.008,7.785,18.000,0.000,614.000,469.000,5.000,0.000,0.000,0.000,0.100,0.000,0.000,0.900,0.000,2.000,6.616,0.008,0.008,5.000
30.000,3019.000,100.633,206.728,310.714,0.000,180.000,0.001,0.008,7.785,18.000,0.000,614.000,469.000,5.000,0.000,0.000,0.000,0.100,0.000,0.000,0.900,0.000,2.000,6.616,0.008,0.008,5.000
30.000,3020.000,100.667,206.530,310.371,0.000,180.000,0.001,0.008,7.785,18.000,0.000,614.000,469.000,5.000,0.000,0.000,0.000,0.100,0.000,0.000,0.900,0.000,2.000,6.616,0.008,0.008,5.000
30.000,3021.000,100.700,206.287,310.113,0.000,180.000,0.001,-0.001,7.785,18.000,0.000,614.000,469.000,5.000,0.000,0.000,0.000,0.100,0.000,0.000,0.900,0.000,2.000,10.470,-0.001,-0.001,5.000
30.000,3022.000,100.733,205.933,309.924,0.000,180.000,0.001,-0.001,7.785,18.000,0.000,614.000,469.000,5.000,0.000,0.000,0.000,0.100,0.000,0.000,0.900,0.000,2.000,10.470,-0.001,-0.001,5.000
30.000,3023.000,100.767,205.773,309.698,0.000,180.000,0.001,-0.001,7.785,18.000,0.000,614.000,469.000,5.000,0.000,0.000,0.000,0.100,0.000,0.000,0.900,0.000,2.000,10.470,-0.001,-0.001,5.000
30.000,3024.000,100.800,205.651,309.790,0.000,180.000,0.001,-0.001,7.785,18.000,0.000,614.000,469.000,5.000,0.000,0.000,0.000,0.100,0.000,0.000,0.900,0.000,2.000,10.470,-0.001,-0.001,5.000
30.000,3025.000,100.833,205.330,309.705,0.000,180.000,0.001,-0.001,7.785,18.000,0.000,614.000,469.000,5.000,0.000,0.000,0.000,0.100,0.000,0.000,0.900,0.000,2.000,10.470,-0.001,-0.001,5.000
30.000,3026.000,100.867,205.341,309.715,0.000,180.000,0.001,-0.001,7.785,18.000,0.000,614.000,469.000,5.000,0.000,0.000,0.000,0.100,0.000,0.000,0.900,0.000,2.000,10.470,-0.001,-0.001,5.000
30.000,3027.000,100.900,205.023,309.756,0.000,180.000,0.001,0.005,7.785,18.000,0.000,614.000,469.000,5.000,0.000,0.000,0.000,0.100,0.000,0.000,0.900,0.000,2.000,16.549,0.005,0.005,5.000
30.000,3028.000,100.933,205.107,309.529,0.000,180.000,0.001,0.005,7.785,18.000,0.000,614.000,469.000,5.000,0.000,0.000,0.000,0.100,0.000,0.000,0.900,0.000,2.000,16.549,0.005,0.005,5.000
30.000,3029.000,100.967,205.082,309.540,0.000,180.000,0.001,0.005,7.785,18.000,0.000,614.000,469.000,5.000,0.000,0.000,0.000,0.100,0.000,0.000,0.900,0.000,2.000,16.549,0.005,0.005,5.000
30.000,3030.000,101.000,204.880,309.513,0.000,180.000,0.001,0.005,7.785,18.000,0.000,614.000,469.000,5.000,0.000,0.000,0.000,0.100,0.000,0.000,0.900,0.000,2.000,16.549,0.005,0.005,5.000
30.000,3031.000,101.033,204.756,309.640,0.000,180.000,0.001,0.005,7.785,18.000,0.000,614.000,469.000,5.000,0.000,0.000,0.000,0.100,0.000,0.000,0.900,0.000,2.000,16.549,0.005,0.005,5.000
30.000,3032.000,101.067,204.382,309.406,0.000,180.000,0.001,0.005,7.785,18.000,0.000,614.000,469.000,5.000,0.000,0.000,0.000,0.100,0.000,0.000,0.900,0.000,2.000,16.549,0.005,0.005,5.000
30.000,3033.000,101.100,204.327,309.374,0.000,180.000,0.001,-0.002,7.785,18.000,0.000,614.000,469.000,5.000,0.000,0.000,0.000,0.100,0.000,0.000,0.900,0.000,2.000,5.550,-0.002,-0.002,5.000
30.000,3034.000,101.133,203.916,309.077,0.000,180.000,0.001,-0.002,7.785,18.000,0.000,614.000,469.000,5.000,0.000,0.000,0.000,0.100,0.000,0.000,0.900,0.000,2.000,5.550,-0.002,-0.002,5.000
30.000,3035.000,101.167,204.047,308.977,0.000,180.000,0.001,-0.002,7.785,18.000,0.000,614.000,469.000,5.000,0.000,0.000,0.000,0.100,0.000,0.000,0.900,0.000,2.000,5.550,-0.002,-0.002,5.000
30.000,3036.000,101.200,204.169,309.169,0.000,180.000,0.001,-0.002,7.785,18.000,0.000,614.000,469.000,5.000,0.000,0.000,0.000,0.100,0.000,0.000,0.900,0.000,2.000,5.550,-0.002,-0.002,5.000
30.000,3037.000,101.233,204.069,309.222,0.000,180.000,0.001,-0.002,7.785,18.000,0.000,614.000,469.000,5.000,0.000,0.000,0.000,0.100,0.000,0.000,0.900,0.000,2.000,5.550,-0.002,-0.002,5.000
30.000,3038.000,101.267,203.804,309.215,0.000,180.000,0.001,-0.002,7.785,18.000,0.000,614.000,469.000,5.000,0.000,0.000,0.000,0.100,0.000,0.000,0.900,0.000,2.000,5.550,-0.002,-0.002,5.000
30.000,3039.000,101.300,203.524,309.629,0.000,180.000,0.001,0.002,7.785,18.000,0.000,614.000,469.000,5.000,0.000,0.000,0.000,0.100,0.000,0.000,0.900,0.000,2.000,7.715,0.002,0.002,5.000
30.000,3040.000,101.333,203.524,309.498,0.000,180.000,0.001,0.002,7.785,18.000,0.000,614.000,469.000,5.000,0.000,0.000,0.000,0.100,0.000,0.000,0.900,0.000,2.000,7.715,0.002,0.002,5.000
30.000,3041.000,101.367,203.297,309.349,0.000,180.000,0.001,0.002,7.785,18.000,0.000,614.000,469.000,5.000,0.000,0.000,0.000,0.100,0.000,0.000,0.900,0.000,2.000,7.715,0.002,0.002,5.000
30.000,3042.000,101.400,203.230,309.274,0.000,180.000,0.001,0.002,7.785,18.000,0.000,614.000,469.000,5.000,0.000,0.000,0.000,0.100,0.000,0.000,0.900,0.000,2.000,7.715,0.002,0.002,5.000
30.000,3043.000,101.433,203.016,309.228,0.000,180.000,0.001,0.002,7.785,18.000,0.000,614.000,469.000,5.000,0.000,0.000,0.000,0.100,0.000,0.000,0.900,0.000,2.000,7.715,0.002,0.002,5.000
30.000,3044.000,101.467,202.646,309.413,0.000,180.000,0.001,0.002,7.785,18.000,0.000,614.000,469.000,5.000,0.000,0.000,0.000,0.100,0.000,0.000,0.900,0.000,2.000,7.715,0.002,0.002,5.000
30.000,3045.000,101.500,202.782,309.385,0.000,180.000,0.001,-0.004,7.785,18.000,0.000,614.000,469.000,5.000,0.000,0.000,0.000,0.100,0.000,0.000,0.900,0.000,2.000,10.109,-0.004,-0.004,5.000
30.000,3046.000,101.533,202.553,309.030,0.000,180.000,0.001,-0.004,7.785,18.000,0.000,614.000,469.000,5.000,0.000,0.000,0.000,0.100,0.000,0.000,0.900,0.000,2.000,10.109,-0.004,-0.004,5.000
30.000,3047.000,101.567,202.560,309.214,0.000,180.000,0.001,-0.004,7.785,18.000,0.000,614.000,469.000,5.000,0.000,0.000,0.000,0.100,0.000,0.000,0.900,0.000,2.000,10.109,-0.004,-0.004,5.000
30.000,3048.000,101.600,202.432,309.173,0.000,180.000,0.001,-0.004,7.785,18.000,0.000,614.000,469.000,5.000,0.000,0.000,0.000,0.100,0.000,0.000,0.900,0.000,2.000,10.109,-0.004,-0.004,5.000
30.000,3049.000,101.633,202.590,309.162,0.000,180.000,0.001,-0.004,7.785,18.000,0.000,614.000,469.000,5.000,0.000,0.000,0.000,0.100,0.000,0.000,0.900,0.000,2.000,10.109,-0.004,-0.004,5.000
30.000,3050.000,101.667,202.247,309.200,0.000,180.000,0.001,-0.004,7.785,18.000,0.000,614.000,469.000,5.000,0.000,0.000,0.000,0.100,0.000,0.000,0.900,0.000,2.000,10.109,-0.004,-0.004,5.000
30.000,3051.000,101.700,202.009,308.852,0.000,180.000,0.001,-0.001,7.785,18.000,0.000,614.000,469.000,5.000,0.000,0.000,0.000,0.100,0.000,0.000,0.900,0.000,2.000,4.138,-0.001,-0.001,5.000
30.000,3052.000,101.733,201.858,308.521,0.000,180.000,0.001,-0.001,7.785,18.000,0.000,614.000,469.000,5.000,0.000,0.000,0.000,0.100,0.000,0.000,0.900,0.000,2.000,4.138,-0.001,-0.001,5.000
30.000,3053.000,101.767,201.584,308.431,0.000,180.000,0.001,-0.001,7.785,18.000,0.000,614.000,469.000,5.000,0.000,0.000,0.000,0.100,0.000,0.000,0.900,0.000,2.000,4.138,-0.001,-0.001,5.000
30.000,3054.000,101.800,201.784,308.423,0.000,180.000,0.001,-0.001,7.785,18.000,0.000,614.000,469.000,5.000,0.000,0.000,0.000,0.100,0.000,0.000,0.900,0.000,2.000,4.138,-0.001,-0.001,5.000
30.000,3055.000,101.833,201.658,308.349,0.000,180.000,0.001,-0.001,7.785,18.000,0.000,614.000,469.000,5.000,0.000,0.000,0.000,0.100,0.000,0.000,0.900,0.000,2.000,4.138,-0.001,-0.001,5.000
30.000,3056.000,101.867,201.270,308.383,0.000,180.000,0.001,-0.001,7.785,18.000,0.000,614.000,469.000,5.000,0.000,0.000,0.000,0.100,0.000,0.000,0.900,0.000,2.000,4.138,-0.001,-0.001,5.000
30.010,3057.000,101.867,201.260,308.395,0.000,180.000,0.001,0.005,7.785,18.000,0.000,614.000,469.000,5.000,0.000,0.000,0.000,0.100,0.000,0.000,0.900,0.000,2.000,11.875,0.005,0.005,5.000
30.010,3058.000,101.900,201.114,308.095,0.000,180.000,0.001,0.005,7.785,18.000,0.000,614.000,469.000,5.000,0.000,0.000,0.000,0.100,0.000,0.000,0.900,0.000,2.000,11.875,0.005,0.005,5.000
30.010,3059.000,101.934,201.000,307.944,0.000,180.000,0.001,0.005,7.785,18.000,0.000,614.000,469.000,5.000,0.000,0.000,0.000,0.100,0.000,0.000,0.900,0.000,2.000,11.875,0.005,0.005,5.000
30.010,3060.000,101.967,200.856,307.786,0.000,180.000,0.001,0.005,7.785,18.000,0.000,614.000,469.000,5.000,0.000,0.000,0.000,0.100,0.000,0.000,0.900,0.000,2.000,11.875,0.005,0.005,5.000
30.010,3061.000,102.000,201.117,307.925,0.000,180.000,0.001,0.005,7.785,18.000,0.000,614.000,469.000,5.000,0.000,0.000,0.000,0.100,0.000,0.000,0.900,0.000,2.000,11.875,0.005,0.005,5.000
30.010,3062.000,102.034,200.595,308.047,0.000,180.000,0.001,0.005,7.785,18.000,0.000,614.000,469.000,5.000,0.000,0.000,0.000,0.100,0.000,0.000,0.900,0.000,2.000,11.875,0.005,0.005,5.000
30.010,3063.000,102.067,200.417,307.759,0.000,180.000,0.001,0.002,7.785,18.000,0.000,614.000,469.000,5.000,0.000,0.000,0.000,0.100,0.000,0.000,0.900,0.000,2.000,6.599,0.002,0.002,5.000
30.010,3064.000,102.100,200.312,307.751,0.000,180.000,0.001,0.002,7.785,18.000,0.000,614.000,469.000,5.000,0.000,0.000,0.000,0.100,0.000,0.000,0.900,0.000,2.000,6.599,0.002,0.002,5.000
30.010,3065.000,102.134,200.314,307.731,0.000,180.000,0.001,0.002,7.785,18.000,0.000,614.000,469.000,5.000,0.000,0.000,0.000,0.100,0.000,0.000,0.900,0.000,2.000,6.599,0.002,0.002,5.000
30.010,3066.000,102.167,200.317,307.784,0.000,180.000,0.001,0.002,7.785,18.000,0.000,614.000,469.000,5.000,0.000,0.000,0.000,0.100,0.000,0.000,0.900,0.000,2.000,6.599,0.002,0.002,5.000
30.010,3067.000,102.200,200.350,307.734,0.000,180.000,0.001,0.002,7.785,18.000,0.000,614.000,469.000,5.000,0.000,0.000,0.000,0.100,0.000,0.000,0.900,0.000,2.000,6.599,0.002,0.002,5.000
30.010,3068.000,102.234,200.260,307.665,0.000,180.000,0.001,0.002,7.785,18.000,0.000,614.000,469.000,5.000,0.000,0.000,0.000,0.100,0.000,0.000,0.900,0.000,2.000,6.599,0.002,0.002,5.000
30.010,3069.000,102.267,199.862,307.214,0.000,180.000,0.001,-0.001,7.785,18.000,0.000,614.000,469.000,5.000,0.000,0.000,0.000,0.100,0.000,0.000,0.900,0.000,2.000,7.583,-0.001,-0.001,5.000
30.010,3070.000,102.300,199.673,307.111,0.000,180.000,0.001,-0.001,7.785,18.000,0.000,614.000,469.000,5.000,0.000,0.000,0.000,0.100,0.000,0.000,0.900,0.000,2.000,7.583,-0.001,-0.001,5.000
30.010,3071.000,102.334,199.439,306.988,0.000,180.000,0.001,-0.001,7.785,18.000,0.000,614.000,469.000,5.000,0.000,0.000,0.000,0.100,0.000,0.000,0.900,0.000,2.000,7.583,-0.001,-0.001,5.000
30.010,3072.000,102.367,199.515,306.932,0.000,180.000,0.001,-0.001,7.785,18.000,0.000,614.000,469.000,5.000,0.000,0.000,0.000,0.100,0.000,0.000,0.900,0.000,2.000,7.583,-0.001,-0.001,5.000
30.010,3073.000,102.400,199.467,307.012,0.000,180.000,0.001,-0.001,7.785,18.000,0.000,614.000,469.000,5.000,0.000,0.000,0.000,0.100,0.000,0.000,0.900,0.000,2.000,7.583,-0.001,-0.001,5.000
30.010,3074.000,102.434,199.340,306.855,0.000,180.000,0.001,-0.001,7.785,18.000,0.000,614.000,469.000,5.000,0.000,0.000,0.000,0.100,0.000,0.000,0.900,0.000,2.000,7.583,-0.001,-0.001,5.000
30.010,3075.000,102.467,199.108,306.376,0.000,180.000,0.001,0.004,7.785,18.000,0.000,614.000,469.000,5.000,0.000,0.000,0.000,0.100,0.000,0.000,0.900,0.000,2.000,10.952,0.004,0.004,5.000
30.010,3076.000,102.500,198.933,306.234,0.000,180.000,0.001,0.004,7.785,18.000,0.000,614.000,469.000,5.000,0.000,0.000,0.000,0.100,0.000,0.000,0.900,0.000,2.000,10.952,0.004,0.004,5.000
30.010,3077.000,102.534,198.912,306.232,0.000,180.000,0.001,0.004,7.785,18.000,0.000,614.000,469.000,5.000,0.000,0.000,0.000,0.100,0.000,0.000,0.900,0.000,2.000,10.952,0.004,0.004,5.000
30.010,3078.000,102.567,198.951,306.197,0.000,180.000,0.001,0.004,7.785,18.000,0.000,614.000,469.000,5.000,0.000,0.000,0.000,0.100,0.000,0.000,0.900,0.000,2.000,10.952,0.004,0.004,5.000
30.010,3079.000,102.600,198.559,306.140,0.000,180.000,0.001,0.004,7.785,18.000,0.000,614.000,469.000,5.000,0.000,0.000,0.000,0.100,0.000,0.000,0.900,0.000,2.000,10.952,0.004,0.004,5.000
30.010,3080.000,102.634,198.638,306.129,0.000,180.000,0.001,0.004,7.785,18.000,0.000,614.000,469.000,5.000,0.000,0.000,0.000,0.100,0.000,0.000,0.900,0.000,2.000,10.952,0.004,0.004,5.000
30.010,3081.000,102.667,198.397,305.956,0.000,180.000,0.001,0.005,7.785,18.000,0.000,614.000,469.000,5.000,0.000,0.000,0.000,0.100,0.000,0.000,0.900,0.000,2.000,12.083,0.005,0.005,5.000
30.010,3082.000,102.700,198.422,305.832,0.000,180.000,0.001,0.005,7.785,18.000,0.000,614.000,469.000,5.000,0.000,0.000,0.000,0.100,0.000,0.000,0.900,0.000,2.000,12.083,0.005,0.005,5.000
30.010,3083.000,102.734,198.330,305.630,0.000,180.000,0.001,0.005,7.785,18.000,0.000,614.000,469.000,5.000,0.000,0.000,0.000,0.100,0.000,0.000,0.900,0.000,2.000,12.083,0.005,0.005,5.000
30.010,3084.000,102.767,198.035,305.728,0.000,180.000,0.001,0.005,7.785,18.000,0.000,614.000,469.000,5.000,0.000,0.000,0.000,0.100,0.000,0.000,0.900,0.000,2.000,12.083,0.005,0.005,5.000
30.010,3085.000,102.800,198.144,305.706,0.000,180.000,0.001,0.005,7.785,18.000,0.000,614.000,469.000,5.000,0.000,0.000,0.000,0.100,0.000,0.000,0.900,0.000,2.000,12.083,0.005,0.005,5.000
30.010,3086.000,102.833,197.949,305.512,0.000,180.000,0.001,0.005,7.785,18.000,0.000,614.000,469.000,5.000,0.000,0.000,0.000,0.100,0.000,0.000,0.900,0.000,2.000,12.083,0.005,0.005,5.000
30.000,3087.000,102.900,197.633,305.802,0.000,180.000,0.001,0.003,7.785,18.000,0.000,614.000,469.000,5.000,0.000,0.000,0.000,0.100,0.000,0.000,0.900,0.000,2.000,5.770,0.003,0.003,5.000
30.000,3088.000,102.933,197.434,305.599,0.000,180.000,0.001,0.003,7.785,18.000,0.000,614.000,469.000,5.000,0.000,0.000,0.000,0.100,0.000,0.000,0.900,0.000,2.000,5.770,0.003,0.003,5.000
30.000,3089.000,102.967,197.532,305.213,0.000,180.000,0.001,0.003,7.785,18.000,0.000,614.000,469.000,5.000,0.000,0.000,0.000,0.100,0.000,0.000,0.900,0.000,2.000,5.770,0.003,0.003,5.000
30.000,3090.000,103.000,197.475,305.119,0.000,270.000,0.001,0.003,7.785,18.000,0.000,614.000,469.000,5.000,0.000,0.000,0.000,0.100,0.000,0.000,0.900,0.000,2.000,5.770,0.003,0.003,5.000
30.000,3091.000,103.033,197.353,304.988,0.000,270.000,0.001,0.003,7.785,18.000,0.000,614.000,469.000,5.000,0.000,0.000,0.000,0.100,0.000,0.000,0.900,0.000,2.000,5.770,0.003,0.003,5.000
30.000,3092.000,103.067,196.998,305.134,0.000,270.000,0.001,0.003,7.785,18.000,0.000,614.000,469.000,5.000,0.000,0.000,0.000,0.100,0.000,0.000,0.900,0.000,2.000,5.770,0.003,0.003,5.000
30.000,3093.000,103.100,196.783,304.941,0.000,270.000,0.001,0.004,7.785,18.000,0.000,614.000,469.000,5.000,0.000,0.000,0.000,0.100,0.000,0.000,0.900,0.000,2.000,10.251,0.004,0.004,5.000
30.000,3094.000,103.133,196.585,304.878,0.000,270.000,0.001,0.004,7.785,18.000,0.000,614.000,469.000,5.000,0.000,0.000,0.000,0.100,0.000,0.000,0.900,0.000,2.000,10.251,0.004,0.004,5.000
30.000,3095.000,103.167,196.660,304.779,0.000,270.000,0.001,0.004,7.785,18.000,0.000,614.000,469.000,5.000,0.000,0.000,0.000,0.100,0.000,0.000,0.900,0.000,2.000,10.251,0.004,0.004,5.000
30.000,3096.000,103.200,196.272,304.623,0.000,270.000,0.001,0.004,7.785,18.000,0.000,614.000,469.000,5.000,0.000,0.000,0.000,0.100,0.000,0.000,0.900,0.000,2.000,10.251,0.004,0.004,5.000
30.000,3097.000,103.233,196.495,304.271,0.000,270.000,0.001,0.004,7.785,18.000,0.000,614.000,469.000,5.000,0.000,0.000,0.000,0.100,0.000,0.000,0.900,0.000,2.000,10.251,0.004,0.004,5.000
30.000,3098.000,103.267,196.318,304.065,0.000,270.000,0.001,0.004,7.785,18.000,0.000,614.000,469.000,5.000,0.000,0.000,0.000,0.100,0.000,0.000,0.900,0.000,2.000,10.251,0.004,0.004,5.000
30.000,3099.000,103.300,196.297,303.970,0.000,270.000,0.001,0.004,7.785,18.000,0.000,614.000,469.000,5.000,0.000,0.000,0.000,0.100,0.000,0.000,0.900,0.000,2.000,10.732,0.004,0.004,5.000
30.000,3100.000,103.333,195.991,304.218,0.000,270.000,0.001,0.004,7.785,18.000,0.000,614.000,469.000,5.000,0.000,0.000,0.000,0.100,0.000,0.000,0.900,0.000,2.000,10.732,0.004,0.004,5.000
30.000,3101.000,103.367,195.783,304.035,0.000,270.000,0.001,0.004,7.785,18.000,0.000,614.000,469.000,5.000,0.000,0.000,0.000,0.100,0.000,0.000,0.900,0.000,2.000,10.732,0.004,0.004,5.000
30.000,3102.000,103.400,195.764,304.144,0.000,270.000,0.001,0.004,7.785,18.000,0.000,614.000,469.000,5.000,0.000,0.000,0.000,0.100,0.000,0.000,0.900,0.000,2.000,10.732,0.004,0.004,5.000
30.000,3103.000,103.433,195.619,304.037,0.000,270.000,0.001,0.004,7.785,18.000,0.000,614.000,469.000,5.000,0.000,0.000,0.000,0.100,0.000,0.000,0.900,0.000,2.000,10.732,0.004,0.004,5.000
30.000,3104.000,103.467,195.520,303.874,0.000,270.000,0.001,0.004,7.785,18.000,0.000,614.000,469.000,5.000,0.000,0.000,0.000,0.100,0.000,0.000,0.900,0.000,2.000,10.732,0.004,0.004,5.000
30.000,3105.000,103.500,195.112,303.768,0.000,270.000,0.001,-0.001,7.785,18.000,0.000,614.000,469.000,5.000,0.000,0.000,0.000,0.100,0.000,0.000,0.900,0.000,2.000,8.703,-0.001,-0.001,5.000
30.000,3106.000,103.533,194.926,303.300,0.000,270.000,0.001,-0.001,7.785,18.000,0.000,614.000,469.000,5.000,0.000,0.000,0.000,0.100,0.000,0.000,0.900,0.000,2.000,8.703,-0.001,-0.001,5.000
30.000,3107.000,103.567,194.869,302.935,0.000,270.000,0.001,-0.001,7.785,18.000,0.000,614.000,469.000,5.000,0.000,0.000,0.000,0.100,0.000,0.000,0.900,0.000,2.000,8.703,-0.001,-0.001,5.000
30.000,3108.000,103.600,194.847,302.597,0.000,270.000,0.001,-0.001,7.785,18.000,0.000,614.000,469.000,5.000,0.000,0.000,0.000,0.100,0.000,0.000,0.900,0.000,2.000,8.703,-0.001,-0.001,5.000
30.000,3109.000,103.633,194.882,302.603,0.000,270.000,0.001,-0.001,7.785,18.000,0.000,614.000,469.000,5.000,0.000,0.000,0.000,0.100,0.000,0.000,0.900,0.000,2.000,8.703,-0.001,-0.001,5.000
30.000,3110.000,103.667,194.730,302.539,0.000,270.000,0.001,-0.001,7.785,18.000,0.000,614.000,469.000,5.000,0.000,0.000,0.000,0.100,0.000,0.000,0.900,0.000,2.000,8.703,-0.001,-0.001,5.000
30.000,3111.000,103.700,194.697,302.273,0.000,270.000,0.001,0.012,7.785,18.000,0.000,614.000,469.000,5.000,0.000,0.000,0.000,0.100,0.000,0.000,0.900,0.000,2.000,15.482,0.012,0.012,5.000
30.000,3112.000,103.733,194.444,302.153,0.000,270.000,0.001,0.012,7.785,18.000,0.000,614.000,469.000,5.000,0.000,0.000,0.000,0.100,0.000,0.000,0.900,0.000,2.000,15.482,0.012,0.012,5.000
30.000,3113.000,103.767,194.306,301.528,0.000,270.000,0.001,0.012,7.785,18.000,0.000,614.000,469.000,5.000,0.000,0.000,0.000,0.100,0.000,0.000,0.900,0.000,2.000,15.482,0.012,0.012,5.000
30.000,3114.000,103.800,194.300,301.390,0.000,270.000,0.001,0.012,7.785,18.000,0.000,614.000,469.000,5.000,0.000,0.000,0.000,0.100,0.000,0.000,0.900,0.000,2.000,15.482,0.012,0.012,5.000
30.000,3115.000,103.833,194.261,301.577,0.000,270.000,0.001,0.012,7.785,18.000,0.000,614.000,469.000,5.000,0.000,0.000,0.000,0.100,0.000,0.000,0.900,0.000,2.000,15.482,0.012,0.012,5.000
30.000,3116.000,103.867,194.174,301.401,0.000,270.000,0.001,0.012,7.785,18.000,0.000,614.000,469.000,5.000,0.000,0.000,0.000,0.100,0.000,0.000,0.900,0.000,2.000,15.482,0.012,0.012,5.000
30.000,3117.000,103.900,193.861,301.315,0.000,270.000,0.001,0.008,7.785,18.000,0.000,614.000,469.000,5.000,0.000,0.000,0.000,0.100,0.000,0.000,0.900,0.000,2.000,11.516,0.008,0.008,5.000
30.000,3118.000,103.933,193.798,301.233,0.000,270.000,0.001,0.008,7.785,18.000,0.000,614.000,469.000,5.000,0.000,0.000,0.000,0.100,0.000,0.000,0.900,0.000,2.000,11.516,0.008,0.008,5.000
30.000,3119.000,103.967,193.554,301.324,0.000,270.000,0.001,0.008,7.785,18.000,0.000,614.000,469.000,5.000,0.000,0.000,0.000,0.100,0.000,0.000,0.900,0.000,2.000,11.516,0.008,0.008,5.000
30.000,3120.000,104.000,193.469,301.088,0.000,270.000,0.001,0.008,7.785,18.000,0.000,614.000,469.000,5.000,0.000,0.000,0.000,0.100,0.000,0.000,0.900,0.000,2.000,11.516,0.008,0.008,5.000
30.000,3121.000,104.033,193.239,300.713,0.000,270.000,0.001,0.008,7.785,18.000,0.000,614.000,469.000,5.000,0.000,0.000,0.000,0.100,0.000,0.000,0.900,0.000,2.000,11.516,0.008,0.008,5.000
30.000,3122.000,104.067,193.095,300.474,0.000,270.000,0.001,0.008,7.785,18.000,0.000,614.000,469.000,5.000,0.000,0.000,0.000,0.100,0.000,0.000,0.900,0.000,2.000,11.516,0.008,0.008,5.000
30.000,3123.000,104.100,193.026,300.146,0.000,270.000,0.001,0.005,7.785,18.000,0.000,614.000,469.000,5.000,0.000,0.000,0.000,0.100,0.000,0.000,0.900,0.000,2.000,12.843,0.005,0.005,5.000
30.000,3124.000,104.133,192.906,300.083,0.000,270.000,0.001,0.005,7.785,18.000,0.000,614.000,469.000,5.000,0.000,0.000,0.000,0.100,0.000,0.000,0.900,0.000,2.000,12.843,0.005,0.005,5.000
30.000,3125.000,104.167,192.863,299.634,0.000,270.000,0.001,0.005,7.785,18.000,0.000,614.000,469.000,5.000,0.000,0.000,0.000,0.100,0.000,0.000,0.900,0.000,2.000,12.843,0.005,0.005,5.000
30.000,3126.000,104.200,192.666,299.297,0.000,270.000,0.001,0.005,7.785,18.000,0.000,614.000,469.000,5.000,0.000,0.000,0.000,0.100,0.000,0.000,0.900,0.000,2.000,12.843,0.005,0.005,5.000
30.000,3127.000,104.233,192.567,299.127,0.000,270.000,0.001,0.005,7.785,18.000,0.000,614.000,469.000,5.000,0.000,0.000,0.000,0.100,0.000,0.000,0.900,0.000,2.000,12.843,0.005,0.005,5.000
30.000,3128.000,104.267,192.161,298.457,0.000,270.000,0.001,0.005,7.785,18.000,0.000,614.000,469.000,5.000,0.000,0.000,0.000,0.100,0.000,0.000,0.900,0.000,2.000,12.843,0.005,0.005,5.000
30.000,3129.000,104.300,192.097,298.221,0.000,270.000,0.001,0.013,7.785,18.000,0.000,614.000,469.000,5.000,0.000,0.000,0.000,0.100,0.000,0.000,0.900,0.000,2.000,16.537,0.013,0.013,5.000
30.000,3130.000,104.333,192.060,298.037,0.000,270.000,0.001,0.013,7.785,18.000,0.000,614.000,469.000,5.000,0.000,0.000,0.000,0.100,0.000,0.000,0.900,0.000,2.000,16.537,0.013,0.013,5.000
30.000,3131.000,104.367,191.977,297.991,0.000,270.000,0.001,0.013,7.785,18.000,0.000,614.000,469.000,5.000,0.000,0.000,0.000,0.100,0.000,0.000,0.900,0.000,2.000,16.537,0.013,0.013,5.000
30.000,3132.000,104.400,191.558,298.057,0.000,270.000,0.001,0.013,7.785,18.000,0.000,614.000,469.000,5.000,0.000,0.000,0.000,0.100,0.000,0.000,0.900,0.000,2.000,16.537,0.013,0.013,5.000
30.000,3133.000,104.433,191.386,297.730,0.000,270.000,0.001,0.013,7.785,18.000,0.000,614.000,469.000,5.000,0.000,0.000,0.000,0.100,0.000,0.000,0.900,0.000,2.000,16.537,0.013,0.013,5.000
30.000,3134.000,104.467,191.678,297.683,0.000,270.000,0.001,0.013,7.785,18.000,0.000,614.000,469.000,5.000,0.000,0.000,0.000,0.100,0.000,0.000,0.900,0.000,2.000,16.537,0.013,0.013,5.000
30.000,3135.000,104.500,191.287,297.505,0.000,270.000,0.001,0.009,7.785,18.000,0.000,614.000,469.000,5.000,0.000,0.000,0.000,0.100,0.000,0.000,0.900,0.000,2.000,17.559,0.009,0.009,5.000
30.000,3136.000,104.533,191.265,297.485,0.000,270.000,0.001,0.009,7.785,18.000,0.000,614.000,469.000,5.000,0.000,0.000,0.000,0.100,0.000,0.000,0.900,0.000,2.000,17.559,0.009,0.009,5.000
30.000,3137.000,104.567,191.301,297.375,0.000,270.000,0.001,0.009,7.785,18.000,0.000,614.000,469.000,5.000,0.000,0.000,0.000,0.100,0.000,0.000,0.900,0.000,2.000,17.559,0.009,0.009,5.000
30.000,3138.000,104.600,191.304,297.050,0.000,270.000,0.001,0.009,7.785,18.000,0.000,614.000,469.000,5.000,0.000,0.000,0.000,0.100,0.000,0.000,0.900,0.000,2.000,17.559,0.009,0.009,5.000
30.000,3139.000,104.633,191.196,297.014,0.000,270.000,0.001,0.009,7.785,18.000,0.000,614.000,469.000,5.000,0.000,0.000,0.000,0.100,0.000,0.000,0.900,0.000,2.000,17.559,0.009,0.009,5.000
30.000,3140.000,104.667,190.906,296.943,0.000,270.000,0.001,0.009,7.785,18.000,0.000,614.000,469.000,5.000,0.000,0.000,0.000,0.100,0.000,0.000,0.900,0.000,2.000,17.559,0.009,0.009,5.000
30.000,3141.000,104.700,191.065,296.556,0.000,270.000,0.001,0.006,7.785,18.000,0.000,614.000,469.000,5.000,0.000,0.000,0.000,0.100,0.000,0.000,0.900,0.000,2.000,7.116,0.006,0.006,5.000
30.000,3142.000,104.733,191.371,296.203,0.000,270.000,0.001,0.006,7.785,18.000,0.000,614.000,469.000,5.000,0.000,0.000,0.000,0.100,0.000,0.000,0.900,0.000,2.000,7.116,0.006,0.006,5.000
30.000,3143.000,104.767,191.264,296.037,0.000,270.000,0.001,0.006,7.785,18.000,0.000,614.000,469.000,5.000,0.000,0.000,0.000,0.100,0.000,0.000,0.900,0.000,2.000,7.116,0.006,0.006,5.000
30.000,3144.000,104.800,191.352,296.007,0.000,270.000,0.001,0.006,7.785,18.000,0.000,614.000,469.000,5.000,0.000,0.000,0.000,0.100,0.000,0.000,0.900,0.000,2.000,7.116,0.006,0.006,5.000
30.000,3145.000,104.833,191.437,295.841,0.000,270.000,0.001,0.006,7.785,18.000,0.000,614.000,469.000,5.000,0.000,0.000,0.000,0.100,0.000,0.000,0.900,0.000,2.000,7.116,0.006,0.006,5.000
30.000,3146.000,104.867,191.938,295.484,0.000,270.000,0.001,0.006,7.785,18.000,0.000,614.000,469.000,5.000,0.000,0.000,0.000,0.100,0.000,0.000,0.900,0.000,2.000,7.116,0.006,0.006,5.000
30.000,3147.000,104.900,191.755,295.101,0.000,270.000,0.001,0.013,7.785,18.000,0.000,614.000,469.000,5.000,0.000,0.000,0.000,0.100,0.000,0.000,0.900,0.000,2.000,11.489,0.013,0.013,5.000
30.010,3148.000,104.899,191.782,294.848,0.000,270.000,0.001,0.013,7.785,18.000,0.000,614.000,469.000,5.000,0.000,0.000,0.000,0.100,0.000,0.000,0.900,0.000,2.000,11.489,0.013,0.013,5.000
30.010,3149.000,104.933,191.706,294.717,0.000,270.000,0.001,0.013,7.785,18.000,0.000,614.000,469.000,5.000,0.000,0.000,0.000,0.100,0.000,0.000,0.900,0.000,2.000,11.489,0.013,0.013,5.000
30.010,3150.000,104.966,191.353,294.397,0.000,270.000,0.001,0.013,7.785,18.000,0.000,614.000,469.000,5.000,0.000,0.000,0.000,0.100,0.000,0.000,0.900,0.000,2.000,11.489,0.013,0.013,5.000
30.010,3151.000,104.999,191.500,294.423,0.000,270.000,0.001,0.013,7.785,18.000,0.000,614.000,469.000,5.000,0.000,0.000,0.000,0.100,0.000,0.000,0.900,0.000,2.000,11.489,0.013,0.013,5.000
30.010,3152.000,105.033,191.576,294.025,0.000,270.000,0.001,0.013,7.785,18.000,0.000,614.000,469.000,5.000,0.000,0.000,0.000,0.100,0.000,0.000,0.900,0.000,2.000,11.489,0.013,0.013,5.000
30.010,3153.000,105.066,191.888,293.784,0.000,270.000,0.001,0.015,7.785,18.000,0.000,614.000,469.000,5.000,0.000,0.000,0.000,0.100,0.000,0.000,0.900,0.000,2.000,13.628,0.015,0.015,5.000
30.010,3154.000,105.099,191.789,293.726,0.000,270.000,0.001,0.015,7.785,18.000,0.000,614.000,469.000,5.000,0.000,0.000,0.000,0.100,0.000,0.000,0.900,0.000,2.000,13.628,0.015,0.015,5.000
30.010,3155.000,105.133,191.563,293.651,0.000,270.000,0.001,0.015,7.785,18.000,0.000,614.000,469.000,5.000,0.000,0.000,0.000,0.100,0.000,0.000,0.900,0.000,2.000,13.628,0.015,0.015,5.000
30.010,3156.000,105.166,191.631,293.447,0.000,270.000,0.001,0.015,7.785,18.000,0.000,614.000,469.000,5.000,0.000,0.000,0.000,0.100,0.000,0.000,0.900,0.000,2.000,13.628,0.015,0.015,5.000
30.010,3157.000,105.199,191.578,293.401,0.000,270.000,0.001,0.015,7.785,18.000,0.000,614.000,469.000,5.000,0.000,0.000,0.000,0.100,0.000,0.000,0.900,0.000,2.000,13.628,0.015,0.015,5.000
30.010,3158.000,105.233,191.767,293.150,0.000,270.000,0.001,0.015,7.785,18.000,0.000,614.000,469.000,5.000,0.000,0.000,0.000,0.100,0.000,0.000,0.900,0.000,2.000,13.628,0.015,0.015,5.000
30.010,3159.000,105.266,191.938,292.950,0.000,270.000,0.001,0.011,7.785,18.000,0.000,614.000,469.000,5.000,0.000,0.000,0.000,0.100,0.000,0.000,0.900,0.000,2.000,9.839,0.011,0.011,5.000
30.010,3160.000,105.299,191.993,292.766,0.000,270.000,0.001,0.011,7.785,18.000,0.000,614.000,469.000,5.000,0.000,0.000,0.000,0.100,0.000,0.000,0.900,0.000,2.000,9.839,0.011,0.011,5.000
30.010,3161.000,105.333,192.137,292.784,0.000,270.000,0.001,0.011,7.785,18.000,0.000,614.000,469.000,5.000,0.000,0.000,0.000,0.100,0.000,0.000,0.900,0.000,2.000,9.839,0.011,0.011,5.000
30.010,3162.000,105.366,191.968,292.743,0.000,270.000,0.001,0.011,7.785,18.000,0.000,614.000,469.000,5.000,0.000,0.000,0.000,0.100,0.000,0.000,0.900,0.000,2.000,9.839,0.011,0.011,5.000
30.010,3163.000,105.399,191.991,292.742,0.000,270.000,0.001,0.011,7.785,18.000,0.000,614.000,469.000,5.000,0.000,0.000,0.000,0.100,0.000,0.000,0.900,0.000,2.000,9.839,0.011,0.011,5.000
30.010,3164.000,105.433,192.051,292.339,0.000,270.000,0.001,0.011,7.785,18.000,0.000,614.000,469.000,5.000,0.000,0.000,0.000,0.100,0.000,0.000,0.900,0.000,2.000,9.839,0.011,0.011,5.000
30.010,3165.000,105.466,191.970,292.434,0.000,270.000,0.001,0.008,7.785,18.000,0.000,614.000,469.000,5.000,0.000,0.000,0.000,0.100,0.000,0.000,0.900,0.000,2.000,7.469,0.008,0.008,5.000
30.010,3166.000,105.499,192.002,291.936,0.000,270.000,0.001,0.008,7.785,18.000,0.000,614.000,469.000,5.000,0.000,0.000,0.000,0.100,0.000,0.000,0.900,0.000,2.000,7.469,0.008,0.008,5.000
30.010,3167.000,105.533,192.030,292.005,0.000,270.000,0.001,0.008,7.785,18.000,0.000,614.000,469.000,5.000,0.000,0.000,0.000,0.100,0.000,0.000,0.900,0.000,2.000,7.469,0.008,0.008,5.000
30.010,3168.000,105.566,191.920,291.975,0.000,270.000,0.001,0.008,7.785,18.000,0.000,614.000,469.000,5.000,0.000,0.000,0.000,0.100,0.000,0.000,0.900,0.000,2.000,7.469,0.008,0.008,5.000
30.010,3169.000,105.599,192.047,291.977,0.000,270.000,0.001,0.008,7.785,18.000,0.000,614.000,469.000,5.000,0.000,0.000,0.000,0.100,0.000,0.000,0.900,0.000,2.000,7.469,0.008,0.008,5.000
30.010,3170.000,105.633,192.241,291.941,0.000,270.000,0.001,0.008,7.785,18.000,0.000,614.000,469.000,5.000,0.000,0.000,0.000,0.100,0.000,0.000,0.900,0.000,2.000,7.469,0.008,0.008,5.000
30.010,3171.000,105.666,192.214,291.736,0.000,270.000,0.001,0.008,7.785,18.000,0.000,614.000,469.000,5.000,0.000,0.000,0.000,0.100,0.000,0.000,0.900,0.000,2.000,7.359,0.008,0.008,5.000
30.010,3172.000,105.699,192.412,291.705,0.000,270.000,0.001,0.008,7.785,18.000,0.000,614.000,469.000,5.000,0.000,0.000,0.000,0.100,0.000,0.000,0.900,0.000,2.000,7.359,0.008,0.008,5.000
30.010,3173.000,105.733,192.755,291.826,0.000,270.000,0.001,0.008,7.785,18.000,0.000,614.000,469.000,5.000,0.000,0.000,0.000,0.100,0.000,0.000,0.900,0.000,2.000,7.359,0.008,0.008,5.000
30.010,3174.000,105.766,192.915,291.575,0.000,270.000,0.001,0.008,7.785,18.000,0.000,614.000,469.000,5.000,0.000,0.000,0.000,0.100,0.000,0.000,0.900,0.000,2.000,7.359,0.008,0.008,5.000
30.010,3175.000,105.799,192.836,291.435,0.000,270.000,0.001,0.008,7.785,18.000,0.000,614.000,469.000,5.000,0.000,0.000,0.000,0.100,0.000,0.000,0.900,0.000,2.000,7.359,0.008,0.008,5.000
30.010,3176.000,105.833,192.861,291.427,0.000,270.000,0.001,0.008,7.785,18.000,0.000,614.000,469.000,5.000,0.000,0.000,0.000,0.100,0.000,0.000,0.900,0.000,2.000,7.359,0.008,0.008,5.000
30.010,3177.000,105.866,192.879,291.677,0.000,270.000,0.001,0.009,7.785,18.000,0.000,614.000,469.000,5.000,0.000,0.000,0.000,0.100,0.000,0.000,0.900,0.000,2.000,9.186,0.009,0.009,5.000
30.000,3178.000,105.933,192.984,291.475,0.000,270.000,0.001,0.009,7.785,18.000,0.000,614.000,469.000,5.000,0.000,0.000,0.000,0.100,0.000,0.000,0.900,0.000,2.000,9.186,0.009,0.009,5.000
30.000,3179.000,105.967,193.002,291.125,0.000,270.000,0.001,0.009,7.785,18.000,0.000,614.000,469.000,5.000,0.000,0.000,0.000,0.100,0.000,0.000,0.900,0.000,2.000,9.186,0.009,0.009,5.000
30.000,3180.000,106.000,193.223,291.055,0.000,270.000,0.001,0.009,7.785,18.000,0.000,614.000,469.000,5.000,0.000,0.000,0.000,0.100,0.000,0.000,0.900,0.000,2.000,9.186,0.009,0.009,5.000
30.000,3181.000,106.033,193.450,290.852,0.000,270.000,0.001,0.009,7.785,18.000,0.000,614.000,469.000,5.000,0.000,0.000,0.000,0.100,0.000,0.000,0.900,0.000,2.000,9.186,0.009,0.009,5.000
30.000,3182.000,106.067,193.825,290.818,0.000,270.000,0.001,0.009,7.785,18.000,0.000,614.000,469.000,5.000,0.000,0.000,0.000,0.100,0.000,0.000,0.900,0.000,2.000,9.186,0.009,0.009,5.000
30.000,3183.000,106.100,193.748,290.458,0.000,270.000,0.001,0.008,7.785,18.000,0.000,614.000,469.000,5.000,0.000,0.000,0.000,0.100,0.000,0.000,0.900,0.000,2.000,8.130,0.008,0.008,5.000
30.000,3184.000,106.133,193.792,290.471,0.000,270.000,0.001,0.008,7.785,18.000,0.000,614.000,469.000,5.000,0.000,0.000,0.000,0.100,0.000,0.000,0.900,0.000,2.000,8.130,0.008,0.008,5.000
30.000,3185.000,106.167,193.849,290.215,0.000,270.000,0.001,0.008,7.785,18.000,0.000,614.000,469.000,5.000,0.000,0.000,0.000,0.100,0.000,0.000,0.900,0.000,2.000,8.130,0.008,0.008,5.000
30.000,3186.000,106.200,193.915,290.146,0.000,270.000,0.001,0.008,7.785,18.000,0.000,614.000,469.000,5.000,0.000,0.000,0.000,0.100,0.000,0.000,0.900,0.000,2.000,8.130,0.008,0.008,5.000
30.000,3187.000,106.233,193.863,290.009,0.000,270.000,0.001,0.008,7.785,18.000,0.000,614.000,469.000,5.000,0.000,0.000,0.000,0.100,0.000,0.000,0.900,0.000,2.000,8.130,0.008,0.008,5.000
30.000,3188.000,106.267,194.011,289.740,0.000,270.000,0.001,0.008,7.785,18.000,0.000,614.000,469.000,5.000,0.000,0.000,0.000,0.100,0.000,0.000,0.900,0.000,2.000,8.130,0.008,0.008,5.000
30.000,3189.000,106.300,194.217,289.449,0.000,270.000,0.001,0.010,7.785,18.000,0.000,614.000,469.000,5.000,0.000,0.000,0.000,0.100,0.000,0.000,0.900,0.000,2.000,9.012,0.010,0.010,5.000
30.000,3190.000,106.333,194.441,289.507,0.000,270.000,0.001,0.010,7.785,18.000,0.000,614.000,469.000,5.000,0.000,0.000,0.000,0.100,0.000,0.000,0.900,0.000,2.000,9.012,0.010,0.010,5.000
30.000,3191.000,106.367,194.678,289.108,0.000,270.000,0.001,0.010,7.785,18.000,0.000,614.000,469.000,5.000,0.000,0.000,0.000,0.100,0.000,0.000,0.900,0.000,2.000,9.012,0.010,0.010,5.000
30.000,3192.000,106.400,194.754,289.030,0.000,270.000,0.001,0.010,7.785,18.000,0.000,614.000,469.000,5.000,0.000,0.000,0.000,0.100,0.000,0.000,0.900,0.000,2.000,9.012,0.010,0.010,5.000
30.000,3193.000,106.433,194.467,288.882,0.000,270.000,0.001,0.010,7.785,18.000,0.000,614.000,469.000,5.000,0.000,0.000,0.000,0.100,0.000,0.000,0.900,0.000,2.000,9.012,0.010,0.010,5.000
30.000,3194.000,106.467,194.772,288.897,0.000,270.000,0.001,0.010,7.785,18.000,0.000,614.000,469.000,5.000,0.000,0.000,0.000,0.100,0.000,0.000,0.900,0.000,2.000,9.012,0.010,0.010,5.000
30.000,3195.000,106.500,194.920,288.741,0.000,270.000,0.001,0.014,7.785,18.000,0.000,614.000,469.000,5.000,0.000,0.000,0.000,0.100,0.000,0.000,0.900,0.000,2.000,12.281,0.014,0.014,5.000
30.000,3196.000,106.533,195.005,288.534,0.000,270.000,0.001,0.014,7.785,18.000,0.000,614.000,469.000,5.000,0.000,0.000,0.000,0.100,0.000,0.000,0.900,0.000,2.000,12.281,0.014,0.014,5.000
30.000,3197.000,106.567,195.011,288.638,0.000,270.000,0.001,0.014,7.785,18.000,0.000,614.000,469.000,5.000,0.000,0.000,0.000,0.100,0.000,0.000,0.900,0.000,2.000,12.281,0.014,0.014,5.000
30.000,3198.000,106.600,195.489,288.651,0.000,270.000,0.001,0.014,7.785,18.000,0.000,614.000,469.000,5.000,0.000,0.000,0.000,0.100,0.000,0.000,0.900,0.000,2.000,12.281,0.014,0.014,5.000
30.000,3199.000,106.633,195.407,288.384,0.000,270.000,0.001,0.014,7.785,18.000,0.000,614.000,469.000,5.000,0.000,0.000,0.000,0.100,0.000,0.000,0.900,0.000,2.000,12.281,0.014,0.014,5.000
30.000,3200.000,106.667,195.407,288.273,0.000,270.000,0.001,0.014,7.785,18.000,0.000,614.000,469.000,5.000,0.000,0.000,0.000,0.100,0.000,0.000,0.900,0.000,2.000,12.281,0.014,0.014,5.000
30.000,3201.000,106.700,196.071,288.376,0.000,270.000,0.001,0.009,7.785,18.000,0.000,614.000,469.000,5.000,0.000,0.000,0.000,0.100,0.000,0.000,0.900,0.000,2.000,10.211,0.009,0.009,5.000
30.000,3202.000,106.733,196.430,288.180,0.000,270.000,0.001,0.009,7.785,18.000,0.000,614.000,469.000,5.000,0.000,0.000,0.000,0.100,0.000,0.000,0.900,0.000,2.000,10.211,0.009,0.009,5.000
30.000,3203.000,106.767,196.770,288.132,0.000,270.000,0.001,0.009,7.785,18.000,0.000,614.000,469.000,5.000,0.000,0.000,0.000,0.100,0.000,0.000,0.900,0.000,2.000,10.211,0.009,0.009,5.000
30.000,3204.000,106.800,196.911,288.125,0.000,270.000,0.001,0.009,7.785,18.000,0.000,614.000,469.000,5.000,0.000,0.000,0.000,0.100,0.000,0.000,0.900,0.000,2.000,10.211,0.009,0.009,5.000
30.000,3205.000,106.833,196.927,288.025,0.000,270.000,0.001,0.009,7.785,18.000,0.000,614.000,469.000,5.000,0.000,0.000,0.000,0.100,0.000,0.000,0.900,0.000,2.000,10.211,0.009,0.009,5.000
30.000,3206.000,106.867,196.880,287.955,0.000,270.000,0.001,0.009,7.785,18.000,0.000,614.000,469.000,5.000,0.000,0.000,0.000,0.100,0.000,0.000,0.900,0.000,2.000,10.211,0.009,0.009,5.000
30.000,3207.000,106.900,196.830,287.878,0.000,270.000,0.001,0.010,7.785,18.000,0.000,614.000,469.000,5.000,0.000,0.000,0.000,0.100,0.000,0.000,0.900,0.000,2.000,14.992,0.010,0.010,5.000
30.000,3208.000,106.933,196.979,287.897,0.000,270.000,0.001,0.010,7.785,18.000,0.000,614.000,469.000,5.000,0.000,0.000,0.000,0.100,0.000,0.000,0.900,0.000,2.000,14.992,0.010,0.010,5.000
30.000,3209.000,106.967,197.306,287.939,0.000,270.000,0.001,0.010,7.785,18.000,0.000,614.000,469.000,5.000,0.000,0.000,0.000,0.100,0.000,0.000,0.900,0.000,2.000,14.992,0.010,0.010,5.000
30.000,3210.000,107.000,197.344,287.910,0.000,270.000,0.001,0.010,7.785,18.000,0.000,614.000,469.000,5.000,0.000,0.000,0.000,0.100,0.000,0.000,0.900,0.000,2.000,14.992,0.010,0.010,5.000
30.000,3211.000,107.033,197.280,287.643,0.000,270.000,0.001,0.010,7.785,18.000,0.000,614.000,469.000,5.000,0.000,0.000,0.000,0.100,0.000,0.000,0.900,0.000,2.000,14.992,0.010,0.010,5.000
30.000,3212.000,107.067,197.403,287.194,0.000,270.000,0.001,0.010,7.785,18.000,0.000,614.000,469.000,5.000,0.000,0.000,0.000,0.100,0.000,0.000,0.900,0.000,2.000,14.992,0.010,0.010,5.000
30.000,3213.000,107.100,197.498,287.115,0.000,270.000,0.001,0.005,7.785,18.000,0.000,614.000,469.000,5.000,0.000,0.000,0.000,0.100,0.000,0.000,0.900,0.000,2.000,4.990,0.005,0.005,5.000
30.000,3214.000,107.133,197.720,287.172,0.000,270.000,0.001,0.005,7.785,18.000,0.000,614.000,469.000,5.000,0.000,0.000,0.000,0.100,0.000,0.000,0.900,0.000,2.000,4.990,0.005,0.005,5.000
30.000,3215.000,107.167,197.954,287.228,0.000,270.000,0.001,0.005,7.785,18.000,0.000,614.000,469.000,5.000,0.000,0.000,0.000,0.100,0.000,0.000,0.900,0.000,2.000,4.990,0.005,0.005,5.000
30.000,3216.000,107.200,198.007,286.989,0.000,270.000,0.001,0.005,7.785,18.000,0.000,614.000,469.000,5.000,0.000,0.000,0.000,0.100,0.000,0.000,0.900,0.000,2.000,4.990,0.005,0.005,5.000
30.000,3217.000,107.233,198.273,286.950,0.000,270.000,0.001,0.005,7.785,18.000,0.000,614.000,469.000,5.000,0.000,0.000,0.000,0.100,0.000,0.000,0.900,0.000,2.000,4.990,0.005,0.005,5.000
30.000,3218.000,107.267,198.253,286.971,0.000,270.000,0.001,0.005,7.785,18.000,0.000,614.000,469.000,5.000,0.000,0.000,0.000,0.100,0.000,0.000,0.900,0.000,2.000,4.990,0.005,0.005,5.000
30.000,3219.000,107.300,198.082,286.911,0.000,270.000,0.001,0.011,7.785,18.000,0.000,614.000,469.000,5.000,0.000,0.000,0.000,0.100,0.000,0.000,0.900,0.000,2.000,11.625,0.011,0.011,5.000
30.000,3220.000,107.333,198.415,286.685,0.000,270.000,0.001,0.011,7.785,18.000,0.000,614.000,469.000,5.000,0.000,0.000,0.000,0.100,0.000,0.000,0.900,0.000,2.000,11.625,0.011,0.011,5.000
30.000,3221.000,107.367,198.132,286.765,0.000,270.000,0.001,0.011,7.785,18.000,0.000,614.000,469.000,5.000,0.000,0.000,0.000,0.100,0.000,0.000,0.900,0.000,2.000,11.625,0.011,0.011,5.000
30.000,3222.000,107.400,198.190,286.635,0.000,270.000,0.001,0.011,7.785,18.000,0.000,614.000,469.000,5.000,0.000,0.000,0.000,0.100,0.000,0.000,0.900,0.000,2.000,11.625,0.011,0.011,5.000
30.000,3223.000,107.433,198.005,286.626,0.000,270.000,0.001,0.011,7.785,18.000,0.000,614.000,469.000,5.000,0.000,0.000,0.000,0.100,0.000,0.000,0.900,0.000,2.000,11.625,0.011,0.011,5.000
30.000,3224.000,107.467,198.317,286.169,0.000,270.000,0.001,0.011,7.785,18.000,0.000,614.000,469.000,5.000,0.000,0.000,0.000,0.100,0.000,0.000,0.900,0.000,2.000,11.625,0.011,0.011,5.000
30.000,3229.000,107.633,199.071,286.184,0.000,270.000,0.001,0.002,7.785,18.000,0.000,614.000,469.000,5.000,0.000,0.000,0.000,0.100,0.000,0.000,0.900,0.000,2.000,4.036,0.002,0.002,5.000
30.000,3230.000,107.667,199.224,286.043,0.000,270.000,0.001,0.002,7.785,18.000,0.000,614.000,469.000,5.000,0.000,0.000,0.000,0.100,0.000,0.000,0.900,0.000,2.000,4.036,0.002,0.002,5.000
30.000,3231.000,107.700,199.314,285.957,0.000,270.000,0.001,0.009,7.785,18.000,0.000,614.000,469.000,5.000,0.000,0.000,0.000,0.100,0.000,0.000,0.900,0.000,2.000,11.085,0.009,0.009,5.000
30.000,3232.000,107.733,199.736,285.916,0.000,270.000,0.001,0.009,7.785,18.000,0.000,614.000,469.000,5.000,0.000,0.000,0.000,0.100,0.000,0.000,0.900,0.000,2.000,11.085,0.009,0.009,5.000
30.000,3233.000,107.767,199.734,285.884,0.000,270.000,0.001,0.009,7.785,18.000,0.000,614.000,469.000,5.000,0.000,0.000,0.000,0.100,0.000,0.000,0.900,0.000,2.000,11.085,0.009,0.009,5.000
30.000,3234.000,107.800,200.043,285.879,0.000,270.000,0.001,0.009,7.785,18.000,0.000,614.000,469.000,5.000,0.000,0.000,0.000,0.100,0.000,0.000,0.900,0.000,2.000,11.085,0.009,0.009,5.000
30.000,3235.000,107.833,200.194,285.791,0.000,270.000,0.001,0.009,7.785,18.000,0.000,614.000,469.000,5.000,0.000,0.000,0.000,0.100,0.000,0.000,0.900,0.000,2.000,11.085,0.009,0.009,5.000
30.000,3236.000,107.867,200.322,285.881,0.000,270.000,0.001,0.009,7.785,18.000,0.000,614.000,469.000,5.000,0.000,0.000,0.000,0.100,0.000,0.000,0.900,0.000,2.000,11.085,0.009,0.009,5.000
30.000,3237.000,107.900,200.485,285.998,0.000,270.000,0.001,0.009,7.785,18.000,0.000,614.000,469.000,5.000,0.000,0.000,0.000,0.100,0.000,0.000,0.900,0.000,2.000,11.418,0.009,0.009,5.000
30.000,3238.000,107.933,200.553,286.027,0.000,270.000,0.001,0.009,7.785,18.000,0.000,614.000,469.000,5.000,0.000,0.000,0.000,0.100,0.000,0.000,0.900,0.000,2.000,11.418,0.009,0.009,5.000
30.000,3239.000,107.967,200.744,285.858,0.000,270.000,0.001,0.009,7.785,18.000,0.000,614.000,469.000,5.000,0.000,0.000,0.000,0.100,0.000,0.000,0.900,0.000,2.000,11.418,0.009,0.009,5.000
30.000,3240.000,108.000,200.886,285.886,0.000,270.000,0.001,0.009,7.785,18.000,0.000,614.000,469.000,5.000,0.000,0.000,0.000,0.100,0.000,0.000,0.900,0.000,2.000,11.418,0.009,0.009,5.000
30.000,3241.000,108.033,200.700,285.920,0.000,270.000,0.001,0.009,7.785,18.000,0.000,614.000,469.000,5.000,0.000,0.000,0.000,0.100,0.000,0.000,0.900,0.000,2.000,11.418,0.009,0.009,5.000
30.000,3242.000,108.067,200.604,285.631,0.000,270.000,0.001,0.009,7.785,18.000,0.000,614.000,469.000,5.000,0.000,0.000,0.000,0.100,0.000,0.000,0.900,0.000,2.000,11.418,0.009,0.009,5.000
30.000,3243.000,108.100,200.661,285.359,0.000,270.000,0.001,0.001,7.785,18.000,0.000,614.000,469.000,5.000,0.000,0.000,0.000,0.100,0.000,0.000,0.900,0.000,2.000,5.012,0.001,0.001,5.000
30.000,3244.000,108.133,200.622,285.037,0.000,270.000,0.001,0.001,7.785,18.000,0.000,614.000,469.000,5.000,0.000,0.000,0.000,0.100,0.000,0.000,0.900,0.000,2.000,5.012,0.001,0.001,5.000
30.000,3245.000,108.167,200.488,284.839,0.000,270.000,0.001,0.001,7.785,18.000,0.000,614.000,469.000,5.000,0.000,0.000,0.000,0.100,0.000,0.000,0.900,0.000,2.000,5.012,0.001,0.001,5.000
30.000,3246.000,108.200,200.766,284.786,0.000,270.000,0.001,0.001,7.785,18.000,0.000,614.000,469.000,5.000,0.000,0.000,0.000,0.100,0.000,0.000,0.900,0.000,2.000,5.012,0.001,0.001,5.000
30.000,3247.000,108.233,200.765,284.738,0.000,270.000,0.001,0.001,7.785,18.000,0.000,614.000,469.000,5.000,0.000,0.000,0.000,0.100,0.000,0.000,0.900,0.000,2.000,5.012,0.001,0.001,5.000
30.000,3248.000,108.267,200.884,284.895,0.000,270.000,0.001,0.001,7.785,18.000,0.000,614.000,469.000,5.000,0.000,0.000,0.000,0.100,0.000,0.000,0.900,0.000,2.000,5.012,0.001,0.001,5.000
30.000,3249.000,108.300,200.881,284.893,0.000,270.000,0.001,0.012,7.785,18.000,0.000,614.000,469.000,5.000,0.000,0.000,0.000,0.100,0.000,0.000,0.900,0.000,2.000,11.362,0.012,0.012,5.000
30.000,3250.000,108.333,200.868,284.799,0.000,270.000,0.001,0.012,7.785,18.000,0.000,614.000,469.000,5.000,0.000,0.000,0.000,0.100,0.000,0.000,0.900,0.000,2.000,11.362,0.012,0.012,5.000
30.000,3251.000,108.367,201.275,284.691,0.000,270.000,0.001,0.012,7.785,18.000,0.000,614.000,469.000,5.000,0.000,0.000,0.000,0.100,0.000,0.000,0.900,0.000,2.000,11.362,0.012,0.012,5.000
30.000,3252.000,108.400,201.573,284.725,0.000,270.000,0.001,0.012,7.785,18.000,0.000,614.000,469.000,5.000,0.000,0.000,0.000,0.100,0.000,0.000,0.900,0.000,2.000,11.362,0.012,0.012,5.000
30.000,3253.000,108.433,201.438,284.566,0.000,270.000,0.001,0.012,7.785,18.000,0.000,614.000,469.000,5.000,0.000,0.000,0.000,0.100,0.000,0.000,0.900,0.000,2.000,11.362,0.012,0.012,5.000
30.000,3254.000,108.467,201.391,284.323,0.000,270.000,0.001,0.012,7.785,18.000,0.000,614.000,469.000,5.000,0.000,0.000,0.000,0.100,0.000,0.000,0.900,0.000,2.000,11.362,0.012,0.012,5.000
30.000,3255.000,108.500,201.707,284.333,0.000,270.000,0.001,0.005,7.785,18.000,0.000,614.000,469.000,5.000,0.000,0.000,0.000,0.100,0.000,0.000,0.900,0.000,2.000,6.668,0.005,0.005,5.000
30.000,3256.000,108.533,201.736,284.294,0.000,270.000,0.001,0.005,7.785,18.000,0.000,614.000,469.000,5.000,0.000,0.000,0.000,0.100,0.000,0.000,0.900,0.000,2.000,6.668,0.005,0.005,5.000
30.000,3257.000,108.567,201.824,284.292,0.000,270.000,0.001,0.005,7.785,18.000,0.000,614.000,469.000,5.000,0.000,0.000,0.000,0.100,0.000,0.000,0.900,0.000,2.000,6.668,0.005,0.005,5.000
30.000,3258.000,108.600,201.961,284.159,0.000,270.000,0.001,0.005,7.785,18.000,0.000,614.000,469.000,5.000,0.000,0.000,0.000,0.100,0.000,0.000,0.900,0.000,2.000,6.668,0.005,0.005,5.000
30.000,3259.000,108.633,202.386,284.289,0.000,270.000,0.001,0.005,7.785,18.000,0.000,614.000,469.000,5.000,0.000,0.000,0.000,0.100,0.000,0.000,0.900,0.000,2.000,6.668,0.005,0.005,5.000
30.000,3260.000,108.667,202.604,284.077,0.000,270.000,0.001,0.005,7.785,18.000,0.000,614.000,469.000,5.000,0.000,0.000,0.000,0.100,0.000,0.000,0.900,0.000,2.000,6.668,0.005,0.005,5.000
30.000,3261.000,108.700,202.662,283.893,0.000,270.000,0.001,0.007,7.785,18.000,0.000,614.000,469.000,5.000,0.000,0.000,0.000,0.100,0.000,0.000,0.900,0.000,2.000,9.475,0.007,0.007,5.000
30.000,3262.000,108.733,202.867,284.082,0.000,270.000,0.001,0.007,7.785,18.000,0.000,614.000,469.000,5.000,0.000,0.000,0.000,0.100,0.000,0.000,0.900,0.000,2.000,9.475,0.007,0.007,5.000
30.000,3263.000,108.767,203.066,283.921,0.000,270.000,0.001,0.007,7.785,18.000,0.000,614.000,469.000,5.000,0.000,0.000,0.000,0.100,0.000,0.000,0.900,0.000,2.000,9.475,0.007,0.007,5.000
30.000,3264.000,108.800,203.381,284.032,0.000,270.000,0.001,0.007,7.785,18.000,0.000,614.000,469.000,5.000,0.000,0.000,0.000,0.100,0.000,0.000,0.900,0.000,2.000,9.475,0.007,0.007,5.000
30.000,3265.000,108.833,203.074,283.791,0.000,270.000,0.001,0.007,7.785,18.000,0.000,614.000,469.000,5.000,0.000,0.000,0.000,0.100,0.000,0.000,0.900,0.000,2.000,9.475,0.007,0.007,5.000
30.000,3266.000,108.867,203.054,283.860,0.000,270.000,0.001,0.007,7.785,18.000,0.000,614.000,469.000,5.000,0.000,0.000,0.000,0.100,0.000,0.000,0.900,0.000,2.000,9.475,0.007,0.007,5.000
30.000,3267.000,108.900,202.938,283.792,0.000,270.000,0.001,0.008,7.785,18.000,0.000,614.000,469.000,5.000,0.000,0.000,0.000,0.100,0.000,0.000,0.900,0.000,2.000,8.163,0.008,0.008,5.000
30.000,3268.000,108.933,203.117,283.322,0.000,270.000,0.001,0.008,7.785,18.000,0.000,614.000,469.000,5.000,0.000,0.000,0.000,0.100,0.000,0.000,0.900,0.000,2.000,8.163,0.008,0.008,5.000
30.010,3269.000,108.932,202.961,283.386,0.000,270.000,0.001,0.008,7.785,18.000,0.000,614.000,469.000,5.000,0.000,0.000,0.000,0.100,0.000,0.000,0.900,0.000,2.000,8.163,0.008,0.008,5.000
30.010,3270.000,108.965,203.212,283.166,0.000,270.000,0.001,0.008,7.785,18.000,0.000,614.000,469.000,5.000,0.000,0.000,0.000,0.100,0.000,0.000,0.900,0.000,2.000,8.163,0.008,0.008,5.000
30.010,3271.000,108.998,203.041,283.016,0.000,270.000,0.001,0.008,7.785,18.000,0.000,614.000,469.000,5.000,0.000,0.000,0.000,0.100,0.000,0.000,0.900,0.000,2.000,8.163,0.008,0.008,5.000
30.010,3272.000,109.031,202.798,283.243,0.000,270.000,0.001,0.008,7.785,18.000,0.000,614.000,469.000,5.000,0.000,0.000,0.000,0.100,0.000,0.000,0.900,0.000,2.000,8.163,0.008,0.008,5.000
30.010,3273.000,109.065,202.779,283.046,0.000,270.000,0.001,0.008,7.785,18.000,0.000,614.000,469.000,5.000,0.000,0.000,0.000,0.100,0.000,0.000,0.900,0.000,2.000,7.443,0.008,0.008,5.000
30.010,3274.000,109.098,203.043,282.962,0.000,270.000,0.001,0.008,7.785,18.000,0.000,614.000,469.000,5.000,0.000,0.000,0.000,0.100,0.000,0.000,0.900,0.000,2.000,7.443,0.008,0.008,5.000
30.010,3275.000,109.131,203.102,283.073,0.000,270.000,0.001,0.008,7.785,18.000,0.000,614.000,469.000,5.000,0.000,0.000,0.000,0.100,0.000,0.000,0.900,0.000,2.000,7.443,0.008,0.008,5.000
30.010,3276.000,109.165,203.152,282.930,0.000,270.000,0.001,0.008,7.785,18.000,0.000,614.000,469.000,5.000,0.000,0.000,0.000,0.100,0.000,0.000,0.900,0.000,2.000,7.443,0.008,0.008,5.000
30.010,3277.000,109.198,203.122,282.948,0.000,270.000,0.001,0.008,7.785,18.000,0.000,614.000,469.000,5.000,0.000,0.000,0.000,0.100,0.000,0.000,0.900,0.000,2.000,7.443,0.008,0.008,5.000
30.010,3278.000,109.231,203.244,282.868,0.000,270.000,0.001,0.008,7.785,18.000,0.000,614.000,469.000,5.000,0.000,0.000,0.000,0.100,0.000,0.000,0.900,0.000,2.000,7.443,0.008,0.008,5.000
30.010,3279.000,109.265,202.973,282.895,0.000,270.000,0.001,0.001,7.785,18.000,0.000,614.000,469.000,5.000,0.000,0.000,0.000,0.100,0.000,0.000,0.900,0.000,2.000,1.019,0.001,0.001,5.000
30.010,3280.000,109.298,203.389,282.785,0.000,270.000,0.001,0.001,7.785,18.000,0.000,614.000,469.000,5.000,0.000,0.000,0.000,0.100,0.000,0.000,0.900,0.000,2.000,1.019,0.001,0.001,5.000
30.010,3281.000,109.331,203.761,282.986,0.000,270.000,0.001,0.001,7.785,18.000,0.000,614.000,469.000,5.000,0.000,0.000,0.000,0.100,0.000,0.000,0.900,0.000,2.000,1.019,0.001,0.001,5.000
30.010,3282.000,109.365,203.682,282.984,0.000,270.000,0.001,0.001,7.785,18.000,0.000,614.000,469.000,5.000,0.000,0.000,0.000,0.100,0.000,0.000,0.900,0.000,2.000,1.019,0.001,0.001,5.000
30.010,3283.000,109.398,203.902,282.769,0.000,270.000,0.001,0.001,7.785,18.000,0.000,614.000,469.000,5.000,0.000,0.000,0.000,0.100,0.000,0.000,0.900,0.000,2.000,1.019,0.001,0.001,5.000
30.010,3284.000,109.431,203.865,282.767,0.000,270.000,0.001,0.001,7.785,18.000,0.000,614.000,469.000,5.000,0.000,0.000,0.000,0.100,0.000,0.000,0.900,0.000,2.000,1.019,0.001,0.001,5.000
30.010,3285.000,109.465,203.892,282.716,0.000,270.000,0.001,0.005,7.785,18.000,0.000,614.000,469.000,5.000,0.000,0.000,0.000,0.100,0.000,0.000,0.900,0.000,2.000,7.676,0.005,0.005,5.000
30.010,3286.000,109.498,204.352,282.533,0.000,270.000,0.001,0.005,7.785,18.000,0.000,614.000,469.000,5.000,0.000,0.000,0.000,0.100,0.000,0.000,0.900,0.000,2.000,7.676,0.005,0.005,5.000
30.010,3287.000,109.531,204.706,282.151,0.000,270.000,0.001,0.005,7.785,18.000,0.000,614.000,469.000,5.000,0.000,0.000,0.000,0.100,0.000,0.000,0.900,0.000,2.000,7.676,0.005,0.005,5.000
30.010,3288.000,109.565,204.759,281.959,0.000,270.000,0.001,0.005,7.785,18.000,0.000,614.000,469.000,5.000,0.000,0.000,0.000,0.100,0.000,0.000,0.900,0.000,2.000,7.676,0.005,0.005,5.000
30.010,3289.000,109.598,204.938,281.847,0.000,270.000,0.001,0.005,7.785,18.000,0.000,614.000,469.000,5.000,0.000,0.000,0.000,0.100,0.000,0.000,0.900,0.000,2.000,7.676,0.005,0.005,5.000
30.010,3290.000,109.631,204.897,281.838,0.000,270.000,0.001,0.005,7.785,18.000,0.000,614.000,469.000,5.000,0.000,0.000,0.000,0.100,0.000,0.000,0.900,0.000,2.000,7.676,0.005,0.005,5.000
30.010,3291.000,109.665,205.244,281.792,0.000,270.000,0.001,0.014,7.785,18.000,0.000,614.000,469.000,5.000,0.000,0.000,0.000,0.100,0.000,0.000,0.900,0.000,2.000,13.320,0.014,0.014,5.000
30.010,3292.000,109.698,205.652,281.748,0.000,270.000,0.001,0.014,7.785,18.000,0.000,614.000,469.000,5.000,0.000,0.000,0.000,0.100,0.000,0.000,0.900,0.000,2.000,13.320,0.014,0.014,5.000
30.010,3293.000,109.731,205.888,281.741,0.000,270.000,0.001,0.014,7.785,18.000,0.000,614.000,469.000,5.000,0.000,0.000,0.000,0.100,0.000,0.000,0.900,0.000,2.000,13.320,0.014,0.014,5.000
30.010,3294.000,109.765,206.066,281.682,0.000,270.000,0.001,0.014,7.785,18.000,0.000,614.000,469.000,5.000,0.000,0.000,0.000,0.100,0.000,0.000,0.900,0.000,2.000,13.320,0.014,0.014,5.000
30.010,3295.000,109.798,206.043,281.272,0.000,270.000,0.001,0.014,7.785,18.000,0.000,614.000,469.000,5.000,0.000,0.000,0.000,0.100,0.000,0.000,0.900,0.000,2.000,13.320,0.014,0.014,5.000
30.010,3296.000,109.831,205.853,281.477,0.000,270.000,0.001,0.014,7.785,18.000,0.000,614.000,469.000,5.000,0.000,0.000,0.000,0.100,0.000,0.000,0.900,0.000,2.000,13.320,0.014,0.014,5.000
30.010,3297.000,109.865,205.909,281.077,0.000,270.000,0.001,0.011,7.785,18.000,0.000,614.000,469.000,5.000,0.000,0.000,0.000,0.100,0.000,0.000,0.900,0.000,2.000,11.958,0.011,0.011,5.000
30.010,3298.000,109.898,205.903,281.007,0.000,270.000,0.001,0.011,7.785,18.000,0.000,614.000,469.000,5.000,0.000,0.000,0.000,0.100,0.000,0.000,0.900,0.000,2.000,11.958,0.011,0.011,5.000
30.010,3299.000,109.931,205.977,280.920,0.000,270.000,0.001,0.011,7.785,18.000,0.000,614.000,469.000,5.000,0.000,0.000,0.000,0.100,0.000,0.000,0.900,0.000,2.000,11.958,0.011,0.011,5.000
30.010,3300.000,109.965,206.071,280.815,0.000,270.000,0.001,0.011,7.785,18.000,0.000,614.000,469.000,5.000,0.000,0.000,0.000,0.100,0.000,0.000,0.900,0.000,2.000,11.958,0.011,0.011,5.000
30.010,3301.000,109.998,206.041,280.825,0.000,270.000,0.001,0.011,7.785,18.000,0.000,614.000,469.000,5.000,0.000,0.000,0.000,0.100,0.000,0.000,0.900,0.000,2.000,11.958,0.011,0.011,5.000
30.010,3302.000,110.031,205.943,280.650,0.000,270.000,0.001,0.011,7.785,18.000,0.000,614.000,469.000,5.000,0.000,0.000,0.000,0.100,0.000,0.000,0.900,0.000,2.000,11.958,0.011,0.011,5.000
30.010,3303.000,110.064,205.970,280.651,0.000,270.000,0.001,0.005,7.785,18.000,0.000,614.000,469.000,5.000,0.000,0.000,0.000,0.100,0.000,0.000,0.900,0.000,2.000,4.298,0.005,0.005,5.000
30.010,3304.000,110.098,206.222,280.717,0.000,270.000,0.001,0.005,7.785,18.000,0.000,614.000,469.000,5.000,0.000,0.000,0.000,0.100,0.000,0.000,0.900,0.000,2.000,4.298,0.005,0.005,5.000
30.010,3305.000,110.131,206.234,280.712,0.000,270.000,0.001,0.005,7.785,18.000,0.000,614.000,469.000,5.000,0.000,0.000,0.000,0.100,0.000,0.000,0.900,0.000,2.000,4.298,0.005,0.005,5.000
30.010,3306.000,110.164,206.416,280.257,0.000,270.000,0.001,0.005,7.785,18.000,0.000,614.000,469.000,5.000,0.000,0.000,0.000,0.100,0.000,0.000,0.900,0.000,2.000,4.298,0.005,0.005,5.000
30.010,3307.000,110.198,206.185,280.204,0.000,270.000,0.001,0.005,7.785,18.000,0.000,614.000,469.000,5.000,0.000,0.000,0.000,0.100,0.000,0.000,0.900,0.000,2.000,4.298,0.005,0.005,5.000
30.010,3308.000,110.231,206.228,279.977,0.000,270.000,0.001,0.005,7.785,18.000,0.000,614.000,469.000,5.000,0.000,0.000,0.000,0.100,0.000,0.000,0.900,0.000,2.000,4.298,0.005,0.005,5.000
30.010,3309.000,110.264,206.535,279.878,0.000,270.000,0.001,0.007,7.785,18.000,0.000,614.000,469.000,5.000,0.000,0.000,0.000,0.100,0.000,0.000,0.900,0.000,2.000,6.120,0.007,0.007,5.000
30.010,3310.000,110.298,206.716,279.533,0.000,270.000,0.001,0.007,7.785,18.000,0.000,614.000,469.000,5.000,0.000,0.000,0.000,0.100,0.000,0.000,0.900,0.000,2.000,6.120,0.007,0.007,5.000
30.010,3311.000,110.331,206.770,279.400,0.000,270.000,0.001,0.007,7.785,18.000,0.000,614.000,469.000,5.000,0.000,0.000,0.000,0.100,0.000,0.000,0.900,0.000,2.000,6.120,0.007,0.007,5.000
30.010,3312.000,110.364,206.892,279.034,0.000,270.000,0.001,0.007,7.785,18.000,0.000,614.000,469.000,5.000,0.000,0.000,0.000,0.100,0.000,0.000,0.900,0.000,2.000,6.120,0.007,0.007,5.000
30.010,3313.000,110.398,206.807,279.143,0.000,270.000,0.001,0.007,7.785,18.000,0.000,614.000,469.000,5.000,0.000,0.000,0.000,0.100,0.000,0.000,0.900,0.000,2.000,6.120,0.007,0.007,5.000
30.010,3314.000,110.431,206.918,279.070,0.000,270.000,0.001,0.007,7.785,18.000,0.000,614.000,469.000,5.000,0.000,0.000,0.000,0.100,0.000,0.000,0.900,0.000,2.000,6.120,0.007,0.007,5.000
30.010,3315.000,110.464,206.934,278.906,0.000,270.000,0.001,0.014,7.785,18.000,0.000,614.000,469.000,5.000,0.000,0.000,0.000,0.100,0.000,0.000,0.900,0.000,2.000,11.800,0.014,0.014,5.000
30.010,3316.000,110.498,206.968,278.743,0.000,270.000,0.001,0.014,7.785,18.000,0.000,614.000,469.000,5.000,0.000,0.000,0.000,0.100,0.000,0.000,0.900,0.000,2.000,11.800,0.014,0.014,5.000
30.010,3317.000,110.531,206.961,278.743,0.000,270.000,0.001,0.014,7.785,18.000,0.000,614.000,469.000,5.000,0.000,0.000,0.000,0.100,0.000,0.000,0.900,0.000,2.000,11.800,0.014,0.014,5.000
30.010,3318.000,110.564,207.099,278.462,0.000,270.000,0.001,0.014,7.785,18.000,0.000,614.000,469.000,5.000,0.000,0.000,0.000,0.100,0.000,0.000,0.900,0.000,2.000,11.800,0.014,0.014,5.000
30.010,3319.000,110.598,206.908,278.381,0.000,270.000,0.001,0.014,7.785,18.000,0.000,614.000,469.000,5.000,0.000,0.000,0.000,0.100,0.000,0.000,0.900,0.000,2.000,11.800,0.014,0.014,5.000
30.010,3320.000,110.631,206.932,278.590,0.000,270.000,0.001,0.014,7.785,18.000,0.000,614.000,469.000,5.000,0.000,0.000,0.000,0.100,0.000,0.000,0.900,0.000,2.000,11.800,0.014,0.014,5.000
30.010,3321.000,110.664,206.857,278.183,0.000,270.000,0.001,0.008,7.785,18.000,0.000,614.000,469.000,5.000,0.000,0.000,0.000,0.100,0.000,0.000,0.900,0.000,2.000,7.384,0.008,0.008,5.000
30.010,3322.000,110.698,207.120,278.093,0.000,270.000,0.001,0.008,7.785,18.000,0.000,614.000,469.000,5.000,0.000,0.000,0.000,0.100,0.000,0.000,0.900,0.000,2.000,7.384,0.008,0.008,5.000
30.010,3323.000,110.731,207.367,278.025,0.000,270.000,0.001,0.008,7.785,18.000,0.000,614.000,469.000,5.000,0.000,0.000,0.000,0.100,0.000,0.000,0.900,0.000,2.000,7.384,0.008,0.008,5.000
30.010,3324.000,110.764,207.330,278.032,0.000,270.000,0.001,0.008,7.785,18.000,0.000,614.000,469.000,5.000,0.000,0.000,0.000,0.100,0.000,0.000,0.900,0.000,2.000,7.384,0.008,0.008,5.000
30.010,3325.000,110.798,207.625,278.052,0.000,270.000,0.001,0.008,7.785,18.000,0.000,614.000,469.000,5.000,0.000,0.000,0.000,0.100,0.000,0.000,0.900,0.000,2.000,7.384,0.008,0.008,5.000
30.010,3326.000,110.831,207.770,277.923,0.000,270.000,0.001,0.008,7.785,18.000,0.000,614.000,469.000,5.000,0.000,0.000,0.000,0.100,0.000,0.000,0.900,0.000,2.000,7.384,0.008,0.008,5.000
30.010,3327.000,110.864,207.849,277.863,0.000,270.000,0.001,0.007,7.785,18.000,0.000,614.000,469.000,5.000,0.000,0.000,0.000,0.100,0.000,0.000,0.900,0.000,2.000,7.569,0.007,0.007,5.000
30.010,3328.000,110.898,207.945,277.740,0.000,270.000,0.001,0.007,7.785,18.000,0.000,614.000,469.000,5.000,0.000,0.000,0.000,0.100,0.000,0.000,0.900,0.000,2.000,7.569,0.007,0.007,5.000
30.010,3329.000,110.931,208.152,277.854,0.000,270.000,0.001,0.007,7.785,18.000,0.000,614.000,469.000,5.000,0.000,0.000,0.000,0.100,0.000,0.000,0.900,0.000,2.000,7.569,0.007,0.007,5.000
30.000,3330.000,111.000,208.213,277.776,0.000,270.000,0.001,0.007,7.785,18.000,0.000,614.000,469.000,5.000,0.000,0.000,0.000,0.100,0.000,0.000,0.900,0.000,2.000,7.569,0.007,0.007,5.000
30.000,3331.000,111.033,208.071,277.562,0.000,270.000,0.001,0.007,7.785,18.000,0.000,614.000,469.000,5.000,0.000,0.000,0.000,0.100,0.000,0.000,0.900,0.000,2.000,7.569,0.007,0.007,5.000
30.000,3332.000,111.067,208.221,277.636,0.000,270.000,0.001,0.007,7.785,18.000,0.000,614.000,469.000,5.000,0.000,0.000,0.000,0.100,0.000,0.000,0.900,0.000,2.000,7.569,0.007,0.007,5.000
30.000,3333.000,111.100,208.270,277.497,0.000,270.000,0.001,0.007,7.785,18.000,0.000,614.000,469.000,5.000,0.000,0.000,0.000,0.100,0.000,0.000,0.900,0.000,2.000,6.362,0.007,0.007,5.000
30.000,3334.000,111.133,208.591,277.276,0.000,270.000,0.001,0.007,7.785,18.000,0.000,614.000,469.000,5.000,0.000,0.000,0.000,0.100,0.000,0.000,0.900,0.000,2.000,6.362,0.007,0.007,5.000
30.000,3335.000,111.167,208.868,277.264,0.000,270.000,0.001,0.007,7.785,18.000,0.000,614.000,469.000,5.000,0.000,0.000,0.000,0.100,0.000,0.000,0.900,0.000,2.000,6.362,0.007,0.007,5.000
30.000,3336.000,111.200,208.982,277.121,0.000,270.000,0.001,0.007,7.785,18.000,0.000,614.000,469.000,5.000,0.000,0.000,0.000,0.100,0.000,0.000,0.900,0.000,2.000,6.362,0.007,0.007,5.000
30.000,3337.000,111.233,208.798,276.966,0.000,270.000,0.001,0.007,7.785,18.000,0.000,614.000,469.000,5.000,0.000,0.000,0.000,0.100,0.000,0.000,0.900,0.000,2.000,6.362,0.007,0.007,5.000
30.000,3338.000,111.267,208.945,277.145,0.000,270.000,0.001,0.007,7.785,18.000,0.000,614.000,469.000,5.000,0.000,0.000,0.000,0.100,0.000,0.000,0.900,0.000,2.000,6.362,0.007,0.007,5.000
30.000,3339.000,111.300,208.914,277.134,0.000,270.000,0.001,0.009,7.785,18.000,0.000,614.000,469.000,5.000,0.000,0.000,0.000,0.100,0.000,0.000,0.900,0.000,2.000,9.021,0.009,0.009,5.000
30.000,3340.000,111.333,208.927,276.945,0.000,270.000,0.001,0.009,7.785,18.000,0.000,614.000,469.000,5.000,0.000,0.000,0.000,0.100,0.000,0.000,0.900,0.000,2.000,9.021,0.009,0.009,5.000
30.000,3341.000,111.367,208.912,276.823,0.000,270.000,0.001,0.009,7.785,18.000,0.000,614.000,469.000,5.000,0.000,0.000,0.000,0.100,0.000,0.000,0.900,0.000,2.000,9.021,0.009,0.009,5.000
30.000,3342.000,111.400,209.088,276.758,0.000,270.000,0.001,0.009,7.785,18.000,0.000,614.000,469.000,5.000,0.000,0.000,0.000,0.100,0.000,0.000,0.900,0.000,2.000,9.021,0.009,0.009,5.000
30.000,3343.000,111.433,209.305,276.932,0.000,270.000,0.001,0.009,7.785,18.000,0.000,614.000,469.000,5.000,0.000,0.000,0.000,0.100,0.000,0.000,0.900,0.000,2.000,9.021,0.009,0.009,5.000
30.000,3344.000,111.467,209.158,276.822,0.000,270.000,0.001,0.009,7.785,18.000,0.000,614.000,469.000,5.000,0.000,0.000,0.000,0.100,0.000,0.000,0.900,0.000,2.000,9.021,0.009,0.009,5.000
30.000,3345.000,111.500,209.371,276.931,0.000,270.000,0.001,0.003,7.785,18.000,0.000,614.000,469.000,5.000,0.000,0.000,0.000,0.100,0.000,0.000,0.900,0.000,2.000,4.878,0.003,0.003,5.000
30.000,3346.000,111.533,209.288,276.947,0.000,270.000,0.001,0.003,7.785,18.000,0.000,614.000,469.000,5.000,0.000,0.000,0.000,0.100,0.000,0.000,0.900,0.000,2.000,4.878,0.003,0.003,5.000
30.000,3347.000,111.567,209.766,276.818,0.000,270.000,0.001,0.003,7.785,18.000,0.000,614.000,469.000,5.000,0.000,0.000,0.000,0.100,0.000,0.000,0.900,0.000,2.000,4.878,0.003,0.003,5.000
30.000,3348.000,111.600,209.913,276.780,0.000,270.000,0.001,0.003,7.785,18.000,0.000,614.000,469.000,5.000,0.000,0.000,0.000,0.100,0.000,0.000,0.900,0.000,2.000,4.878,0.003,0.003,5.000
30.000,3349.000,111.633,210.025,276.596,0.000,270.000,0.001,0.003,7.785,18.000,0.000,614.000,469.000,5.000,0.000,0.000,0.000,0.100,0.000,0.000,0.900,0.000,2.000,4.878,0.003,0.003,5.000
30.000,3350.000,111.667,210.155,276.680,0.000,270.000,0.001,0.003,7.785,18.000,0.000,614.000,469.000,5.000,0.000,0.000,0.000,0.100,0.000,0.000,0.900,0.000,2.000,4.878,0.003,0.003,5.000
30.000,3351.000,111.700,210.192,276.199,0.000,270.000,0.001,0.007,7.785,18.000,0.000,614.000,469.000,5.000,0.000,0.000,0.000,0.100,0.000,0.000,0.900,0.000,2.000,7.632,0.007,0.007,5.000
30.000,3352.000,111.733,210.410,276.209,0.000,270.000,0.001,0.007,7.785,18.000,0.000,614.000,469.000,5.000,0.000,0.000,0.000,0.100,0.000,0.000,0.900,0.000,2.000,7.632,0.007,0.007,5.000
30.000,3353.000,111.767,210.414,276.143,0.000,270.000,0.001,0.007,7.785,18.000,0.000,614.000,469.000,5.000,0.000,0.000,0.000,0.100,0.000,0.000,0.900,0.000,2.000,7.632,0.007,0.007,5.000
30.000,3354.000,111.800,210.251,276.058,0.000,270.000,0.001,0.007,7.785,18.000,0.000,614.000,469.000,5.000,0.000,0.000,0.000,0.100,0.000,0.000,0.900,0.000,2.000,7.632,0.007,0.007,5.000
30.000,3355.000,111.833,210.219,276.078,0.000,270.000,0.001,0.007,7.785,18.000,0.000,614.000,469.000,5.000,0.000,0.000,0.000,0.100,0.000,0.000,0.900,0.000,2.000,7.632,0.007,0.007,5.000
30.000,3356.000,111.867,210.277,275.986,0.000,270.000,0.001,0.007,7.785,18.000,0.000,614.000,469.000,5.000,0.000,0.000,0.000,0.100,0.000,0.000,0.900,0.000,2.000,7.632,0.007,0.007,5.000
30.000,3357.000,111.900,210.107,275.828,0.000,270.000,0.001,0.006,7.785,18.000,0.000,614.000,469.000,5.000,0.000,0.000,0.000,0.100,0.000,0.000,0.900,0.000,2.000,5.316,0.006,0.006,5.000
30.000,3358.000,111.933,210.171,275.547,0.000,270.000,0.001,0.006,7.785,18.000,0.000,614.000,469.000,5.000,0.000,0.000,0.000,0.100,0.000,0.000,0.900,0.000,2.000,5.316,0.006,0.006,5.000
30.000,3359.000,111.967,210.599,275.351,0.000,270.000,0.001,0.006,7.785,18.000,0.000,614.000,469.000,5.000,0.000,0.000,0.000,0.100,0.000,0.000,0.900,0.000,2.000,5.316,0.006,0.006,5.000
30.000,3360.000,112.000,210.584,275.139,0.000,270.000,0.001,0.006,7.785,18.000,0.000,614.000,469.000,5.000,0.000,0.000,0.000,0.100,0.000,0.000,0.900,0.000,2.000,5.316,0.006,0.006,5.000
30.000,3361.000,112.033,210.769,274.966,0.000,270.000,0.001,0.006,7.785,18.000,0.000,614.000,469.000,5.000,0.000,0.000,0.000,0.100,0.000,0.000,0.900,0.000,2.000,5.316,0.006,0.006,5.000
30.000,3362.000,112.067,211.037,274.805,0.000,270.000,0.001,0.006,7.785,18.000,0.000,614.000,469.000,5.000,0.000,0.000,0.000,0.100,0.000,0.000,0.900,0.000,2.000,5.316,0.006,0.006,5.000
30.000,3363.000,112.100,210.933,274.755,0.000,270.000,0.001,0.014,7.785,18.000,0.000,614.000,469.000,5.000,0.000,0.000,0.000,0.100,0.000,0.000,0.900,0.000,2.000,11.904,0.014,0.014,5.000
30.000,3364.000,112.133,210.944,274.429,0.000,270.000,0.001,0.014,7.785,18.000,0.000,614.000,469.000,5.000,0.000,0.000,0.000,0.100,0.000,0.000,0.900,0.000,2.000,11.904,0.014,0.014,5.000
30.000,3365.000,112.167,211.014,274.269,0.000,270.000,0.001,0.014,7.785,18.000,0.000,614.000,469.000,5.000,0.000,0.000,0.000,0.100,0.000,0.000,0.900,0.000,2.000,11.904,0.014,0.014,5.000
30.000,3366.000,112.200,211.233,273.844,0.000,270.000,0.001,0.014,7.785,18.000,0.000,614.000,469.000,5.000,0.000,0.000,0.000,0.100,0.000,0.000,0.900,0.000,2.000,11.904,0.014,0.014,5.000
30.000,3367.000,112.233,211.286,273.811,0.000,270.000,0.001,0.014,7.785,18.000,0.000,614.000,469.000,5.000,0.000,0.000,0.000,0.100,0.000,0.000,0.900,0.000,2.000,11.904,0.014,0.014,5.000
30.000,3368.000,112.267,211.440,273.382,0.000,270.000,0.001,0.014,7.785,18.000,0.000,614.000,469.000,5.000,0.000,0.000,0.000,0.100,0.000,0.000,0.900,0.000,2.000,11.904,0.014,0.014,5.000
30.000,3369.000,112.300,211.285,273.306,0.000,270.000,0.001,0.014,7.785,18.000,0.000,614.000,469.000,5.000,0.000,0.000,0.000,0.100,0.000,0.000,0.900,0.000,2.000,12.151,0.014,0.014,5.000
30.000,3370.000,112.333,211.450,273.102,0.000,270.000,0.001,0.014,7.785,18.000,0.000,614.000,469.000,5.000,0.000,0.000,0.000,0.100,0.000,0.000,0.900,0.000,2.000,12.151,0.014,0.014,5.000
30.000,3371.000,112.367,211.753,272.758,0.000,270.000,0.001,0.014,7.785,18.000,0.000,614.000,469.000,5.000,0.000,0.000,0.000,0.100,0.000,0.000,0.900,0.000,2.000,12.151,0.014,0.014,5.000
30.000,3372.000,112.400,211.877,272.584,0.000,270.000,0.001,0.014,7.785,18.000,0.000,614.000,469.000,5.000,0.000,0.000,0.000,0.100,0.000,0.000,0.900,0.000,2.000,12.151,0.014,0.014,5.000
30.000,3373.000,112.433,212.202,272.627,0.000,270.000,0.001,0.014,7.785,18.000,0.000,614.000,469.000,5.000,0.000,0.000,0.000,0.100,0.000,0.000,0.900,0.000,2.000,12.151,0.014,0.014,5.000
30.000,3374.000,112.467,212.509,272.767,0.000,270.000,0.001,0.014,7.785,18.000,0.000,614.000,469.000,5.000,0.000,0.000,0.000,0.100,0.000,0.000,0.900,0.000,2.000,12.151,0.014,0.014,5.000
30.000,3375.000,112.500,212.487,272.850,0.000,270.000,0.001,0.016,7.785,18.000,0.000,614.000,469.000,5.000,0.000,0.000,0.000,0.100,0.000,0.000,0.900,0.000,2.000,14.371,0.016,0.016,5.000
30.000,3376.000,112.533,212.408,272.923,0.000,270.000,0.001,0.016,7.785,18.000,0.000,614.000,469.000,5.000,0.000,0.000,0.000,0.100,0.000,0.000,0.900,0.000,2.000,14.371,0.016,0.016,5.000
30.000,3377.000,112.567,212.647,272.545,0.000,270.000,0.001,0.016,7.785,18.000,0.000,614.000,469.000,5.000,0.000,0.000,0.000,0.100,0.000,0.000,0.900,0.000,2.000,14.371,0.016,0.016,5.000
30.000,3378.000,112.600,212.653,272.414,0.000,270.000,0.001,0.016,7.785,18.000,0.000,614.000,469.000,5.000,0.000,0.000,0.000,0.100,0.000,0.000,0.900,0.000,2.000,14.371,0.016,0.016,5.000
30.000,3379.000,112.633,212.762,272.445,0.000,270.000,0.001,0.016,7.785,18.000,0.000,614.000,469.000,5.000,0.000,0.000,0.000,0.100,0.000,0.000,0.900,0.000,2.000,14.371,0.016,0.016,5.000
30.000,3380.000,112.667,212.768,272.439,0.000,270.000,0.001,0.016,7.785,18.000,0.000,614.000,469.000,5.000,0.000,0.000,0.000,0.100,0.000,0.000,0.900,0.000,2.000,14.371,0.016,0.016,5.000
30.000,3381.000,112.700,212.889,272.271,0.000,270.000,0.001,0.005,7.785,18.000,0.000,614.000,469.000,5.000,0.000,0.000,0.000,0.100,0.000,0.000,0.900,0.000,2.000,5.649,0.005,0.005,5.000
30.000,3382.000,112.733,212.830,272.177,0.000,270.000,0.001,0.005,7.785,18.000,0.000,614.000,469.000,5.000,0.000,0.000,0.000,0.100,0.000,0.000,0.900,0.000,2.000,5.649,0.005,0.005,5.000
30.000,3383.000,112.767,213.118,272.007,0.000,270.000,0.001,0.005,7.785,18.000,0.000,614.000,469.000,5.000,0.000,0.000,0.000,0.100,0.000,0.000,0.900,0.000,2.000,5.649,0.005,0.005,5.000
30.000,3384.000,112.800,213.457,271.903,0.000,270.000,0.001,0.005,7.785,18.000,0.000,614.000,469.000,5.000,0.000,0.000,0.000,0.100,0.000,0.000,0.900,0.000,2.000,5.649,0.005,0.005,5.000
30.000,3385.000,112.833,213.737,271.850,0.000,270.000,0.001,0.005,7.785,18.000,0.000,614.000,469.000,5.000,0.000,0.000,0.000,0.100,0.000,0.000,0.900,0.000,2.000,5.649,0.005,0.005,5.000
30.000,3386.000,112.867,213.781,271.774,0.000,270.000,0.001,0.005,7.785,18.000,0.000,614.000,469.000,5.000,0.000,0.000,0.000,0.100,0.000,0.000,0.900,0.000,2.000,5.649,0.005,0.005,5.000
30.000,3387.000,112.900,213.952,271.957,0.000,270.000,0.001,0.011,7.785,18.000,0.000,614.000,469.000,5.000,0.000,0.000,0.000,0.100,0.000,0.000,0.900,0.000,2.000,10.965,0.011,0.011,5.000
30.000,3388.000,112.933,214.176,271.853,0.000,270.000,0.001,0.011,7.785,18.000,0.000,614.000,469.000,5.000,0.000,0.000,0.000,0.100,0.000,0.000,0.900,0.000,2.000,10.965,0.011,0.011,5.000
30.000,3389.000,112.967,214.016,271.628,0.000,270.000,0.001,0.011,7.785,18.000,0.000,614.000,469.000,5.000,0.000,0.000,0.000,0.100,0.000,0.000,0.900,0.000,2.000,10.965,0.011,0.011,5.000
29.970,3390.000,113.113,214.572,271.952,0.000,270.000,0.001,0.011,7.785,18.000,0.000,614.000,469.000,5.000,0.000,0.000,0.000,0.100,0.000,0.000,0.900,0.000,2.000,10.965,0.011,0.011,5.000
29.970,3391.000,113.146,214.750,271.884,0.000,270.000,0.001,0.011,7.785,18.000,0.000,614.000,469.000,5.000,0.000,0.000,0.000,0.100,0.000,0.000,0.900,0.000,2.000,10.965,0.011,0.011,5.000
29.970,3392.000,113.180,214.725,271.547,0.000,270.000,0.001,0.011,7.785,18.000,0.000,614.000,469.000,5.000,0.000,0.000,0.000,0.100,0.000,0.000,0.900,0.000,2.000,10.965,0.011,0.011,5.000
29.970,3393.000,113.213,215.127,271.510,0.000,270.000,0.001,0.005,7.785,18.000,0.000,614.000,469.000,5.000,0.000,0.000,0.000,0.100,0.000,0.000,0.900,0.000,2.000,9.731,0.005,0.005,5.000
29.970,3394.000,113.246,215.156,271.533,0.000,270.000,0.001,0.005,7.785,18.000,0.000,614.000,469.000,5.000,0.000,0.000,0.000,0.100,0.000,0.000,0.900,0.000,2.000,9.731,0.005,0.005,5.000
29.970,3395.000,113.280,215.277,271.424,0.000,270.000,0.001,0.005,7.785,18.000,0.000,614.000,469.000,5.000,0.000,0.000,0.000,0.100,0.000,0.000,0.900,0.000,2.000,9.731,0.005,0.005,5.000
29.970,3396.000,113.313,215.618,271.321,0.000,270.000,0.001,0.005,7.785,18.000,0.000,614.000,469.000,5.000,0.000,0.000,0.000,0.100,0.000,0.000,0.900,0.000,2.000,9.731,0.005,0.005,5.000
29.970,3397.000,113.347,215.640,271.238,0.000,270.000,0.001,0.005,7.785,18.000,0.000,614.000,469.000,5.000,0.000,0.000,0.000,0.100,0.000,0.000,0.900,0.000,2.000,9.731,0.005,0.005,5.000
29.970,3398.000,113.380,215.761,271.155,0.000,270.000,0.001,0.005,7.785,18.000,0.000,614.000,469.000,5.000,0.000,0.000,0.000,0.100,0.000,0.000,0.900,0.000,2.000,9.731,0.005,0.005,5.000
29.970,3399.000,113.413,215.776,271.215,0.000,270.000,0.001,0.011,7.785,18.000,0.000,614.000,469.000,5.000,0.000,0.000,0.000,0.100,0.000,0.000,0.900,0.000,2.000,10.560,0.011,0.011,5.000
29.970,3400.000,113.447,215.867,271.097,0.000,270.000,0.001,0.011,7.785,18.000,0.000,614.000,469.000,5.000,0.000,0.000,0.000,0.100,0.000,0.000,0.900,0.000,2.000,10.560,0.011,0.011,5.000
29.970,3401.000,113.480,216.011,271.329,0.000,270.000,0.001,0.011,7.785,18.000,0.000,614.000,469.000,5.000,0.000,0.000,0.000,0.100,0.000,0.000,0.900,0.000,2.000,10.560,0.011,0.011,5.000
29.970,3402.000,113.513,215.864,271.111,0.000,270.000,0.001,0.011,7.785,18.000,0.000,614.000,469.000,5.000,0.000,0.000,0.000,0.100,0.000,0.000,0.900,0.000,2.000,10.560,0.011,0.011,5.000
29.970,3403.000,113.547,216.276,271.091,0.000,270.000,0.001,0.011,7.785,18.000,0.000,614.000,469.000,5.000,0.000,0.000,0.000,0.100,0.000,0.000,0.900,0.000,2.000,10.560,0.011,0.011,5.000
29.970,3404.000,113.580,216.418,271.027,0.000,270.000,0.001,0.011,7.785,18.000,0.000,614.000,469.000,5.000,0.000,0.000,0.000,0.100,0.000,0.000,0.900,0.000,2.000,10.560,0.011,0.011,5.000
29.970,3405.000,113.614,216.658,270.891,0.000,270.000,0.001,0.005,7.785,18.000,0.000,614.000,469.000,5.000,0.000,0.000,0.000,0.100,0.000,0.000,0.900,0.000,2.000,6.264,0.005,0.005,5.000
29.970,3406.000,113.647,216.412,270.490,0.000,270.000,0.001,0.005,7.785,18.000,0.000,614.000,469.000,5.000,0.000,0.000,0.000,0.100,0.000,0.000,0.900,0.000,2.000,6.264,0.005,0.005,5.000
29.970,3407.000,113.680,216.667,270.209,0.000,270.000,0.001,0.005,7.785,18.000,0.000,614.000,469.000,5.000,0.000,0.000,0.000,0.100,0.000,0.000,0.900,0.000,2.000,6.264,0.005,0.005,5.000
29.970,3408.000,113.714,216.751,270.090,0.000,270.000,0.001,0.005,7.785,18.000,0.000,614.000,469.000,5.000,0.000,0.000,0.000,0.100,0.000,0.000,0.900,0.000,2.000,6.264,0.005,0.005,5.000
29.970,3409.000,113.747,216.920,269.936,0.000,270.000,0.001,0.005,7.785,18.000,0.000,614.000,469.000,5.000,0.000,0.000,0.000,0.100,0.000,0.000,0.900,0.000,2.000,6.264,0.005,0.005,5.000
29.970,3410.000,113.780,217.054,269.989,0.000,270.000,0.001,0.005,7.785,18.000,0.000,614.000,469.000,5.000,0.000,0.000,0.000,0.100,0.000,0.000,0.900,0.000,2.000,6.264,0.005,0.005,5.000
29.970,3411.000,113.814,216.885,269.916,0.000,270.000,0.001,0.015,7.785,18.000,0.000,614.000,469.000,5.000,0.000,0.000,0.000,0.100,0.000,0.000,0.900,0.000,2.000,12.696,0.015,0.015,5.000
29.970,3412.000,113.847,216.905,269.869,0.000,270.000,0.001,0.015,7.785,18.000,0.000,614.000,469.000,5.000,0.000,0.000,0.000,0.100,0.000,0.000,0.900,0.000,2.000,12.696,0.015,0.015,5.000
29.970,3413.000,113.880,216.808,269.860,0.000,270.000,0.001,0.015,7.785,18.000,0.000,614.000,469.000,5.000,0.000,0.000,0.000,0.100,0.000,0.000,0.900,0.000,2.000,12.696,0.015,0.015,5.000
29.970,3414.000,113.914,216.682,269.525,0.000,270.000,0.001,0.015,7.785,18.000,0.000,614.000,469.000,5.000,0.000,0.000,0.000,0.100,0.000,0.000,0.900,0.000,2.000,12.696,0.015,0.015,5.000
29.970,3415.000,113.947,217.020,269.439,0.000,270.000,0.001,0.015,7.785,18.000,0.000,614.000,469.000,5.000,0.000,0.000,0.000,0.100,0.000,0.000,0.900,0.000,2.000,12.696,0.015,0.015,5.000
29.970,3416.000,113.981,217.628,269.415,0.000,270.000,0.001,0.015,7.785,18.000,0.000,614.000,469.000,5.000,0.000,0.000,0.000,0.100,0.000,0.000,0.900,0.000,2.000,12.696,0.015,0.015,5.000
29.970,3417.000,114.014,217.748,269.279,0.000,270.000,0.001,0.006,7.785,18.000,0.000,614.000,469.000,5.000,0.000,0.000,0.000,0.100,0.000,0.000,0.900,0.000,2.000,4.865,0.006,0.006,5.000
29.970,3418.000,114.047,217.869,269.390,0.000,270.000,0.001,0.006,7.785,18.000,0.000,614.000,469.000,5.000,0.000,0.000,0.000,0.100,0.000,0.000,0.900,0.000,2.000,4.865,0.006,0.006,5.000
29.970,3419.000,114.081,217.953,269.186,0.000,270.000,0.001,0.006,7.785,18.000,0.000,614.000,469.000,5.000,0.000,0.000,0.000,0.100,0.000,0.000,0.900,0.000,2.000,4.865,0.006,0.006,5.000
30.000,3420.000,114.000,218.079,269.284,0.000,270.000,0.001,0.006,7.785,18.000,0.000,614.000,469.000,5.000,0.000,0.000,0.000,0.100,0.000,0.000,0.900,0.000,2.000,4.865,0.006,0.006,5.000
30.000,3421.000,114.033,218.654,269.176,0.000,270.000,0.001,0.006,7.785,18.000,0.000,614.000,469.000,5.000,0.000,0.000,0.000,0.100,0.000,0.000,0.900,0.000,2.000,4.865,0.006,0.006,5.000
30.000,3422.000,114.067,218.878,269.162,0.000,270.000,0.001,0.006,7.785,18.000,0.000,614.000,469.000,5.000,0.000,0.000,0.000,0.100,0.000,0.000,0.900,0.000,2.000,4.865,0.006,0.006,5.000
30.000,3423.000,114.100,219.011,268.939,0.000,270.000,0.001,0.011,7.785,18.000,0.000,614.000,469.000,5.000,0.000,0.000,0.000,0.100,0.000,0.000,0.900,0.000,2.000,15.885,0.011,0.011,5.000
30.000,3424.000,114.133,218.930,268.882,0.000,270.000,0.001,0.011,7.785,18.000,0.000,614.000,469.000,5.000,0.000,0.000,0.000,0.100,0.000,0.000,0.900,0.000,2.000,15.885,0.011,0.011,5.000
30.000,3425.000,114.167,219.065,268.775,0.000,270.000,0.001,0.011,7.785,18.000,0.000,614.000,469.000,5.000,0.000,0.000,0.000,0.100,0.000,0.000,0.900,0.000,2.000,15.885,0.011,0.011,5.000
30.000,3426.000,114.200,219.401,268.381,0.000,270.000,0.001,0.011,7.785,18.000,0.000,614.000,469.000,5.000,0.000,0.000,0.000,0.100,0.000,0.000,0.900,0.000,2.000,15.885,0.011,0.011,5.000
30.000,3427.000,114.233,219.615,268.434,0.000,270.000,0.001,0.011,7.785,18.000,0.000,614.000,469.000,5.000,0.000,0.000,0.000,0.100,0.000,0.000,0.900,0.000,2.000,15.885,0.011,0.011,5.000
30.000,3428.000,114.267,219.719,268.299,0.000,270.000,0.001,0.011,7.785,18.000,0.000,614.000,469.000,5.000,0.000,0.000,0.000,0.100,0.000,0.000,0.900,0.000,2.000,15.885,0.011,0.011,5.000
30.000,3429.000,114.300,219.867,268.151,0.000,270.000,0.001,0.012,7.785,18.000,0.000,614.000,469.000,5.000,0.000,0.000,0.000,0.100,0.000,0.000,0.900,0.000,2.000,11.661,0.012,0.012,5.000
30.000,3430.000,114.333,219.900,267.973,0.000,270.000,0.001,0.012,7.785,18.000,0.000,614.000,469.000,5.000,0.000,0.000,0.000,0.100,0.000,0.000,0.900,0.000,2.000,11.661,0.012,0.012,5.000
30.000,3431.000,114.367,219.973,268.007,0.000,270.000,0.001,0.012,7.785,18.000,0.000,614.000,469.000,5.000,0.000,0.000,0.000,0.100,0.000,0.000,0.900,0.000,2.000,11.661,0.012,0.012,5.000
30.000,3432.000,114.400,220.318,267.938,0.000,270.000,0.001,0.012,7.785,18.000,0.000,614.000,469.000,5.000,0.000,0.000,0.000,0.100,0.000,0.000,0.900,0.000,2.000,11.661,0.012,0.012,5.000
30.000,3433.000,114.433,220.752,267.950,0.000,270.000,0.001,0.012,7.785,18.000,0.000,614.000,469.000,5.000,0.000,0.000,0.000,0.100,0.000,0.000,0.900,0.000,2.000,11.661,0.012,0.012,5.000
30.000,3434.000,114.467,221.025,267.897,0.000,270.000,0.001,0.012,7.785,18.000,0.000,614.000,469.000,5.000,0.000,0.000,0.000,0.100,0.000,0.000,0.900,0.000,2.000,11.661,0.012,0.012,5.000
30.000,3435.000,114.500,221.124,267.831,0.000,270.000,0.001,0.011,7.785,18.000,0.000,614.000,469.000,5.000,0.000,0.000,0.000,0.100,0.000,0.000,0.900,0.000,2.000,11.857,0.011,0.011,5.000
30.000,3436.000,114.533,221.225,267.807,0.000,270.000,0.001,0.011,7.785,18.000,0.000,614.000,469.000,5.000,0.000,0.000,0.000,0.100,0.000,0.000,0.900,0.000,2.000,11.857,0.011,0.011,5.000
30.000,3437.000,114.567,221.080,267.605,0.000,270.000,0.001,0.011,7.785,18.000,0.000,614.000,469.000,5.000,0.000,0.000,0.000,0.100,0.000,0.000,0.900,0.000,2.000,11.857,0.011,0.011,5.000
30.000,3438.000,114.600,221.454,267.593,0.000,270.000,0.001,0.011,7.785,18.000,0.000,614.000,469.000,5.000,0.000,0.000,0.000,0.100,0.000,0.000,0.900,0.000,2.000,11.857,0.011,0.011,5.000
30.000,3439.000,114.633,221.502,267.549,0.000,270.000,0.001,0.011,7.785,18.000,0.000,614.000,469.000,5.000,0.000,0.000,0.000,0.100,0.000,0.000,0.900,0.000,2.000,11.857,0.011,0.011,5.000
30.000,3440.000,114.667,221.663,267.422,0.000,270.000,0.001,0.011,7.785,18.000,0.000,614.000,469.000,5.000,0.000,0.000,0.000,0.100,0.000,0.000,0.900,0.000,2.000,11.857,0.011,0.011,5.000
30.000,3441.000,114.700,221.873,267.187,0.000,270.000,0.001,0.008,7.785,18.000,0.000,614.000,469.000,5.000,0.000,0.000,0.000,0.100,0.000,0.000,0.900,0.000,2.000,8.169,0.008,0.008,5.000
30.000,3442.000,114.733,221.910,267.036,0.000,270.000,0.001,0.008,7.785,18.000,0.000,614.000,469.000,5.000,0.000,0.000,0.000,0.100,0.000,0.000,0.900,0.000,2.000,8.169,0.008,0.008,5.000
30.000,3443.000,114.767,222.323,267.155,0.000,270.000,0.001,0.008,7.785,18.000,0.000,614.000,469.000,5.000,0.000,0.000,0.000,0.100,0.000,0.000,0.900,0.000,2.000,8.169,0.008,0.008,5.000
30.000,3444.000,114.800,222.463,267.381,0.000,270.000,0.001,0.008,7.785,18.000,0.000,614.000,469.000,5.000,0.000,0.000,0.000,0.100,0.000,0.000,0.900,0.000,2.000,8.169,0.008,0.008,5.000
30.000,3445.000,114.833,222.799,267.136,0.000,270.000,0.001,0.008,7.785,18.000,0.000,614.000,469.000,5.000,0.000,0.000,0.000,0.100,0.000,0.000,0.900,0.000,2.000,8.169,0.008,0.008,5.000
30.000,3446.000,114.867,222.917,267.136,0.000,270.000,0.001,0.008,7.785,18.000,0.000,614.000,469.000,5.000,0.000,0.000,0.000,0.100,0.000,0.000,0.900,0.000,2.000,8.169,0.008,0.008,5.000
30.000,3447.000,114.900,222.955,267.036,0.000,270.000,0.001,0.011,7.785,18.000,0.000,614.000,469.000,5.000,0.000,0.000,0.000,0.100,0.000,0.000,0.900,0.000,2.000,13.061,0.011,0.011,5.000
30.000,3448.000,114.933,223.025,267.022,0.000,270.000,0.001,0.011,7.785,18.000,0.000,614.000,469.000,5.000,0.000,0.000,0.000,0.100,0.000,0.000,0.900,0.000,2.000,13.061,0.011,0.011,5.000
30.000,3449.000,114.967,223.107,266.942,0.000,270.000,0.001,0.011,7.785,18.000,0.000,614.000,469.000,5.000,0.000,0.000,0.000,0.100,0.000,0.000,0.900,0.000,2.000,13.061,0.011,0.011,5.000
30.000,3450.000,115.000,223.228,266.658,0.000,270.000,0.001,0.011,7.785,18.000,0.000,614.000,469.000,5.000,0.000,0.000,0.000,0.100,0.000,0.000,0.900,0.000,2.000,13.061,0.011,0.011,5.000
30.000,3451.000,115.033,223.496,266.670,0.000,270.000,0.001,0.011,7.785,18.000,0.000,614.000,469.000,5.000,0.000,0.000,0.000,0.100,0.000,0.000,0.900,0.000,2.000,13.061,0.011,0.011,5.000
30.000,3452.000,115.067,223.993,266.579,0.000,270.000,0.001,0.011,7.785,18.000,0.000,614.000,469.000,5.000,0.000,0.000,0.000,0.100,0.000,0.000,0.900,0.000,2.000,13.061,0.011,0.011,5.000
30.000,3453.000,115.100,224.118,266.585,0.000,270.000,0.001,0.008,7.785,18.000,0.000,614.000,469.000,5.000,0.000,0.000,0.000,0.100,0.000,0.000,0.900,0.000,2.000,8.052,0.008,0.008,5.000
30.000,3454.000,115.133,224.224,266.452,0.000,270.000,0.001,0.008,7.785,18.000,0.000,614.000,469.000,5.000,0.000,0.000,0.000,0.100,0.000,0.000,0.900,0.000,2.000,8.052,0.008,0.008,5.000
30.000,3455.000,115.167,224.296,266.402,0.000,270.000,0.001,0.008,7.785,18.000,0.000,614.000,469.000,5.000,0.000,0.000,0.000,0.100,0.000,0.000,0.900,0.000,2.000,8.052,0.008,0.008,5.000
30.000,3456.000,115.200,224.771,266.585,0.000,270.000,0.001,0.008,7.785,18.000,0.000,614.000,469.000,5.000,0.000,0.000,0.000,0.100,0.000,0.000,0.900,0.000,2.000,8.052,0.008,0.008,5.000
30.000,3457.000,115.233,224.950,266.256,0.000,270.000,0.001,0.008,7.785,18.000,0.000,614.000,469.000,5.000,0.000,0.000,0.000,0.100,0.000,0.000,0.900,0.000,2.000,8.052,0.008,0.008,5.000
30.000,3458.000,115.267,224.778,265.950,0.000,270.000,0.001,0.008,7.785,18.000,0.000,614.000,469.000,5.000,0.000,0.000,0.000,0.100,0.000,0.000,0.900,0.000,2.000,8.052,0.008,0.008,5.000
30.000,3459.000,115.300,225.043,265.780,0.000,270.000,0.001,0.012,7.785,18.000,0.000,614.000,469.000,5.000,0.000,0.000,0.000,0.100,0.000,0.000,0.900,0.000,2.000,14.513,0.012,0.012,5.000
30.000,3460.000,115.333,225.104,265.781,0.000,270.000,0.001,0.012,7.785,18.000,0.000,614.000,469.000,5.000,0.000,0.000,0.000,0.100,0.000,0.000,0.900,0.000,2.000,14.513,0.012,0.012,5.000
30.000,3461.000,115.367,225.450,265.831,0.000,270.000,0.001,0.012,7.785,18.000,0.000,614.000,469.000,5.000,0.000,0.000,0.000,0.100,0.000,0.000,0.900,0.000,2.000,14.513,0.012,0.012,5.000
30.000,3462.000,115.400,225.507,265.665,0.000,270.000,0.001,0.012,7.785,18.000,0.000,614.000,469.000,5.000,0.000,0.000,0.000,0.100,0.000,0.000,0.900,0.000,2.000,14.513,0.012,0.012,5.000
30.000,3463.000,115.433,225.670,265.528,0.000,270.000,0.001,0.012,7.785,18.000,0.000,614.000,469.000,5.000,0.000,0.000,0.000,0.100,0.000,0.000,0.900,0.000,2.000,14.513,0.012,0.012,5.000
30.000,3464.000,115.467,225.788,265.606,0.000,270.000,0.001,0.012,7.785,18.000,0.000,614.000,469.000,5.000,0.000,0.000,0.000,0.100,0.000,0.000,0.900,0.000,2.000,14.513,0.012,0.012,5.000
30.000,3465.000,115.500,226.210,265.897,0.000,270.000,0.001,0.011,7.785,18.000,0.000,614.000,469.000,5.000,0.000,0.000,0.000,0.100,0.000,0.000,0.900,0.000,2.000,9.831,0.011,0.011,5.000
30.000,3466.000,115.533,226.540,265.809,0.000,270.000,0.001,0.011,7.785,18.000,0.000,614.000,469.000,5.000,0.000,0.000,0.000,0.100,0.000,0.000,0.900,0.000,2.000,9.831,0.011,0.011,5.000
30.000,3467.000,115.567,226.479,265.801,0.000,270.000,0.001,0.011,7.785,18.000,0.000,614.000,469.000,5.000,0.000,0.000,0.000,0.100,0.000,0.000,0.900,0.000,2.000,9.831,0.011,0.011,5.000
30.000,3468.000,115.600,226.556,265.330,0.000,270.000,0.001,0.011,7.785,18.000,0.000,614.000,469.000,5.000,0.000,0.000,0.000,0.100,0.000,0.000,0.900,0.000,2.000,9.831,0.011,0.011,5.000
30.000,3469.000,115.633,226.316,265.040,0.000,270.000,0.001,0.011,7.785,18.000,0.000,614.000,469.000,5.000,0.000,0.000,0.000,0.100,0.000,0.000,0.900,0.000,2.000,9.831,0.011,0.011,5.000
30.000,3470.000,115.667,226.413,264.964,0.000,270.000,0.001,0.011,7.785,18.000,0.000,614.000,469.000,5.000,0.000,0.000,0.000,0.100,0.000,0.000,0.900,0.000,2.000,9.831,0.011,0.011,5.000
30.000,3471.000,115.700,226.421,264.989,0.000,270.000,0.001,0.008,7.785,18.000,0.000,614.000,469.000,5.000,0.000,0.000,0.000,0.100,0.000,0.000,0.900,0.000,2.000,7.772,0.008,0.008,5.000
30.000,3472.000,115.733,226.629,264.915,0.000,270.000,0.001,0.008,7.785,18.000,0.000,614.000,469.000,5.000,0.000,0.000,0.000,0.100,0.000,0.000,0.900,0.000,2.000,7.772,0.008,0.008,5.000
30.000,3473.000,115.767,226.757,264.930,0.000,270.000,0.001,0.008,7.785,18.000,0.000,614.000,469.000,5.000,0.000,0.000,0.000,0.100,0.000,0.000,0.900,0.000,2.000,7.772,0.008,0.008,5.000
30.000,3474.000,115.800,226.642,264.957,0.000,270.000,0.001,0.008,7.785,18.000,0.000,614.000,469.000,5.000,0.000,0.000,0.000,0.100,0.000,0.000,0.900,0.000,2.000,7.772,0.008,0.008,5.000
30.000,3475.000,115.833,226.666,265.113,0.000,270.000,0.001,0.008,7.785,18.000,0.000,614.000,469.000,5.000,0.000,0.000,0.000,0.100,0.000,0.000,0.900,0.000,2.000,7.772,0.008,0.008,5.000
30.000,3476.000,115.867,226.724,265.025,0.000,270.000,0.001,0.008,7.785,18.000,0.000,614.000,469.000,5.000,0.000,0.000,0.000,0.100,0.000,0.000,0.900,0.000,2.000,7.772,0.008,0.008,5.000
30.000,3477.000,115.900,226.810,264.910,0.000,270.000,0.001,0.001,7.785,18.000,0.000,614.000,469.000,5.000,0.000,0.000,0.000,0.100,0.000,0.000,0.900,0.000,2.000,3.435,0.001,0.001,5.000
30.000,3478.000,115.933,226.845,264.840,0.000,270.000,0.001,0.001,7.785,18.000,0.000,614.000,469.000,5.000,0.000,0.000,0.000,0.100,0.000,0.000,0.900,0.000,2.000,3.435,0.001,0.001,5.000
30.000,3479.000,115.967,227.077,264.745,0.000,270.000,0.001,0.001,7.785,18.000,0.000,614.000,469.000,5.000,0.000,0.000,0.000,0.100,0.000,0.000,0.900,0.000,2.000,3.435,0.001,0.001,5.000
30.000,3480.000,116.000,227.327,264.851,0.000,270.000,0.001,0.001,7.785,18.000,0.000,614.000,469.000,5.000,0.000,0.000,0.000,0.100,0.000,0.000,0.900,0.000,2.000,3.435,0.001,0.001,5.000
30.000,3481.000,116.033,227.179,264.825,0.000,270.000,0.001,0.001,7.785,18.000,0.000,614.000,469.000,5.000,0.000,0.000,0.000,0.100,0.000,0.000,0.900,0.000,2.000,3.435,0.001,0.001,5.000
30.000,3482.000,116.067,227.300,264.827,0.000,270.000,0.001,0.001,7.785,18.000,0.000,614.000,469.000,5.000,0.000,0.000,0.000,0.100,0.000,0.000,0.900,0.000,2.000,3.435,0.001,0.001,5.000
30.000,3483.000,116.100,227.439,264.638,0.000,270.000,0.001,0.006,7.785,18.000,0.000,614.000,469.000,5.000,0.000,0.000,0.000,0.100,0.000,0.000,0.900,0.000,2.000,5.650,0.006,0.006,5.000
30.000,3484.000,116.133,227.818,264.529,0.000,270.000,0.001,0.006,7.785,18.000,0.000,614.000,469.000,5.000,0.000,0.000,0.000,0.100,0.000,0.000,0.900,0.000,2.000,5.650,0.006,0.006,5.000
30.000,3485.000,116.167,228.086,264.799,0.000,270.000,0.001,0.006,7.785,18.000,0.000,614.000,469.000,5.000,0.000,0.000,0.000,0.100,0.000,0.000,0.900,0.000,2.000,5.650,0.006,0.006,5.000
30.000,3486.000,116.200,228.183,264.612,0.000,270.000,0.001,0.006,7.785,18.000,0.000,614.000,469.000,5.000,0.000,0.000,0.000,0.100,0.000,0.000,0.900,0.000,2.000,5.650,0.006,0.006,5.000
30.000,3487.000,116.233,228.360,264.747,0.000,270.000,0.001,0.006,7.785,18.000,0.000,614.000,469.000,5.000,0.000,0.000,0.000,0.100,0.000,0.000,0.900,0.000,2.000,5.650,0.006,0.006,5.000
30.000,3488.000,116.267,228.394,264.936,0.000,270.000,0.001,0.006,7.785,18.000,0.000,614.000,469.000,5.000,0.000,0.000,0.000,0.100,0.000,0.000,0.900,0.000,2.000,5.650,0.006,0.006,5.000
30.000,3489.000,116.300,228.425,264.685,0.000,270.000,0.001,0.007,7.785,18.000,0.000,614.000,469.000,5.000,0.000,0.000,0.000,0.100,0.000,0.000,0.900,0.000,2.000,11.360,0.007,0.007,5.000
30.000,3490.000,116.333,228.479,264.566,0.000,270.000,0.001,0.007,7.785,18.000,0.000,614.000,469.000,5.000,0.000,0.000,0.000,0.100,0.000,0.000,0.900,0.000,2.000,11.360,0.007,0.007,5.000
30.000,3491.000,116.367,228.619,264.437,0.000,270.000,0.001,0.007,7.785,18.000,0.000,614.000,469.000,5.000,0.000,0.000,0.000,0.100,0.000,0.000,0.900,0.000,2.000,11.360,0.007,0.007,5.000
30.000,3492.000,116.400,228.912,264.111,0.000,270.000,0.001,0.007,7.785,18.000,0.000,614.000,469.000,5.000,0.000,0.000,0.000,0.100,0.000,0.000,0.900,0.000,2.000,11.360,0.007,0.007,5.000
30.000,3493.000,116.433,228.975,264.000,0.000,270.000,0.001,0.007,7.785,18.000,0.000,614.000,469.000,5.000,0.000,0.000,0.000,0.100,0.000,0.000,0.900,0.000,2.000,11.360,0.007,0.007,5.000
30.000,3494.000,116.467,229.225,263.894,0.000,270.000,0.001,0.007,7.785,18.000,0.000,614.000,469.000,5.000,0.000,0.000,0.000,0.100,0.000,0.000,0.900,0.000,2.000,11.360,0.007,0.007,5.000
30.000,3495.000,116.500,229.704,264.011,0.000,270.000,0.001,0.011,7.785,18.000,0.000,614.000,469.000,5.000,0.000,0.000,0.000,0.100,0.000,0.000,0.900,0.000,2.000,9.292,0.011,0.011,5.000
30.000,3496.000,116.533,229.730,263.944,0.000,270.000,0.001,0.011,7.785,18.000,0.000,614.000,469.000,5.000,0.000,0.000,0.000,0.100,0.000,0.000,0.900,0.000,2.000,9.292,0.011,0.011,5.000
30.000,3497.000,116.567,229.797,264.218,0.000,270.000,0.001,0.011,7.785,18.000,0.000,614.000,469.000,5.000,0.000,0.000,0.000,0.100,0.000,0.000,0.900,0.000,2.000,9.292,0.011,0.011,5.000
30.000,3498.000,116.600,229.799,264.056,0.000,270.000,0.001,0.011,7.785,18.000,0.000,614.000,469.000,5.000,0.000,0.000,0.000,0.100,0.000,0.000,0.900,0.000,2.000,9.292,0.011,0.011,5.000
30.000,3499.000,116.633,229.700,263.815,0.000,270.000,0.001,0.011,7.785,18.000,0.000,614.000,469.000,5.000,0.000,0.000,0.000,0.100,0.000,0.000,0.900,0.000,2.000,9.292,0.011,0.011,5.000
30.000,3500.000,116.667,230.214,263.630,0.000,270.000,0.001,0.011,7.785,18.000,0.000,614.000,469.000,5.000,0.000,0.000,0.000,0.100,0.000,0.000,0.900,0.000,2.000,9.292,0.011,0.011,5.000
30.000,3501.000,116.700,230.412,263.684,0.000,270.000,0.001,0.006,7.785,18.000,0.000,614.000,469.000,5.000,0.000,0.000,0.000,0.100,0.000,0.000,0.900,0.000,2.000,7.182,0.006,0.006,5.000
30.000,3502.000,116.733,230.468,263.563,0.000,270.000,0.001,0.006,7.785,18.000,0.000,614.000,469.000,5.000,0.000,0.000,0.000,0.100,0.000,0.000,0.900,0.000,2.000,7.182,0.006,0.006,5.000
30.000,3503.000,116.767,230.766,263.294,0.000,270.000,0.001,0.006,7.785,18.000,0.000,614.000,469.000,5.000,0.000,0.000,0.000,0.100,0.000,0.000,0.900,0.000,2.000,7.182,0.006,0.006,5.000
30.000,3504.000,116.800,230.702,263.391,0.000,270.000,0.001,0.006,7.785,18.000,0.000,614.000,469.000,5.000,0.000,0.000,0.000,0.100,0.000,0.000,0.900,0.000,2.000,7.182,0.006,0.006,5.000
30.000,3505.000,116.833,230.717,263.220,0.000,270.000,0.001,0.006,7.785,18.000,0.000,614.000,469.000,5.000,0.000,0.000,0.000,0.100,0.000,0.000,0.900,0.000,2.000,7.182,0.006,0.006,5.000
30.000,3506.000,116.867,230.860,262.803,0.000,270.000,0.001,0.006,7.785,18.000,0.000,614.000,469.000,5.000,0.000,0.000,0.000,0.100,0.000,0.000,0.900,0.000,2.000,7.182,0.006,0.006,5.000
30.000,3507.000,116.900,230.871,262.779,0.000,270.000,0.001,0.012,7.785,18.000,0.000,614.000,469.000,5.000,0.000,0.000,0.000,0.100,0.000,0.000,0.900,0.000,2.000,11.315,0.012,0.012,5.000
30.000,3508.000,116.933,231.327,262.493,0.000,270.000,0.001,0.012,7.785,18.000,0.000,614.000,469.000,5.000,0.000,0.000,0.000,0.100,0.000,0.000,0.900,0.000,2.000,11.315,0.012,0.012,5.000
30.000,3509.000,116.967,231.524,262.431,0.000,270.000,0.001,0.012,7.785,18.000,0.000,614.000,469.000,5.000,0.000,0.000,0.000,0.100,0.000,0.000,0.900,0.000,2.000,11.315,0.012,0.012,5.000
30.000,3510.000,117.000,231.152,262.467,0.000,270.000,0.001,0.012,7.785,18.000,0.000,614.000,469.000,5.000,0.000,0.000,0.000,0.100,0.000,0.000,0.900,0.000,2.000,11.315,0.012,0.012,5.000
30.010,3511.000,116.996,231.188,262.387,0.000,270.000,0.001,0.012,7.785,18.000,0.000,614.000,469.000,5.000,0.000,0.000,0.000,0.100,0.000,0.000,0.900,0.000,2.000,11.315,0.012,0.012,5.000
30.010,3512.000,117.029,231.284,262.591,0.000,270.000,0.001,0.012,7.785,18.000,0.000,614.000,469.000,5.000,0.000,0.000,0.000,0.100,0.000,0.000,0.900,0.000,2.000,11.315,0.012,0.012,5.000
30.010,3513.000,117.062,231.673,262.429,0.000,270.000,0.001,0.011,7.785,18.000,0.000,614.000,469.000,5.000,0.000,0.000,0.000,0.100,0.000,0.000,0.900,0.000,2.000,9.181,0.011,0.011,5.000
30.010,3514.000,117.096,231.808,262.541,0.000,270.000,0.001,0.011,7.785,18.000,0.000,614.000,469.000,5.000,0.000,0.000,0.000,0.100,0.000,0.000,0.900,0.000,2.000,9.181,0.011,0.011,5.000
30.010,3515.000,117.129,231.927,262.570,0.000,270.000,0.001,0.011,7.785,18.000,0.000,614.000,469.000,5.000,0.000,0.000,0.000,0.100,0.000,0.000,0.900,0.000,2.000,9.181,0.011,0.011,5.000
30.010,3516.000,117.162,232.174,262.305,0.000,270.000,0.001,0.011,7.785,18.000,0.000,614.000,469.000,5.000,0.000,0.000,0.000,0.100,0.000,0.000,0.900,0.000,2.000,9.181,0.011,0.011,5.000
30.010,3517.000,117.196,232.313,262.156,0.000,270.000,0.001,0.011,7.785,18.000,0.000,614.000,469.000,5.000,0.000,0.000,0.000,0.100,0.000,0.000,0.900,0.000,2.000,9.181,0.011,0.011,5.000
30.010,3518.000,117.229,232.436,261.964,0.000,270.000,0.001,0.011,7.785,18.000,0.000,614.000,469.000,5.000,0.000,0.000,0.000,0.100,0.000,0.000,0.900,0.000,2.000,9.181,0.011,0.011,5.000
30.010,3519.000,117.262,232.834,262.072,0.000,270.000,0.001,0.008,7.785,18.000,0.000,614.000,469.000,5.000,0.000,0.000,0.000,0.100,0.000,0.000,0.900,0.000,2.000,11.022,0.008,0.008,5.000
30.010,3520.000,117.295,233.382,261.978,0.000,270.000,0.001,0.008,7.785,18.000,0.000,614.000,469.000,5.000,0.000,0.000,0.000,0.100,0.000,0.000,0.900,0.000,2.000,11.022,0.008,0.008,5.000
30.010,3521.000,117.329,233.481,262.096,0.000,270.000,0.001,0.008,7.785,18.000,0.000,614.000,469.000,5.000,0.000,0.000,0.000,0.100,0.000,0.000,0.900,0.000,2.000,11.022,0.008,0.008,5.000
30.010,3522.000,117.362,233.520,261.931,0.000,270.000,0.001,0.008,7.785,18.000,0.000,614.000,469.000,5.000,0.000,0.000,0.000,0.100,0.000,0.000,0.900,0.000,2.000,11.022,0.008,0.008,5.000
30.010,3523.000,117.395,233.488,262.223,0.000,270.000,0.001,0.008,7.785,18.000,0.000,614.000,469.000,5.000,0.000,0.000,0.000,0.100,0.000,0.000,0.900,0.000,2.000,11.022,0.008,0.008,5.000
30.010,3524.000,117.429,233.612,261.921,0.000,270.000,0.001,0.008,7.785,18.000,0.000,614.000,469.000,5.000,0.000,0.000,0.000,0.100,0.000,0.000,0.900,0.000,2.000,11.022,0.008,0.008,5.000
30.010,3525.000,117.462,233.840,261.892,0.000,270.000,0.001,0.006,7.785,18.000,0.000,614.000,469.000,5.000,0.000,0.000,0.000,0.100,0.000,0.000,0.900,0.000,2.000,11.299,0.006,0.006,5.000
30.010,3526.000,117.495,234.119,261.935,0.000,270.000,0.001,0.006,7.785,18.000,0.000,614.000,469.000,5.000,0.000,0.000,0.000,0.100,0.000,0.000,0.900,0.000,2.000,11.299,0.006,0.006,5.000
30.010,3527.000,117.529,234.223,261.984,0.000,270.000,0.001,0.006,7.785,18.000,0.000,614.000,469.000,5.000,0.000,0.000,0.000,0.100,0.000,0.000,0.900,0.000,2.000,11.299,0.006,0.006,5.000
30.010,3528.000,117.562,234.342,261.904,0.000,270.000,0.001,0.006,7.785,18.000,0.000,614.000,469.000,5.000,0.000,0.000,0.000,0.100,0.000,0.000,0.900,0.000,2.000,11.299,0.006,0.006,5.000
30.010,3529.000,117.595,234.598,261.849,0.000,270.000,0.001,0.006,7.785,18.000,0.000,614.000,469.000,5.000,0.000,0.000,0.000,0.100,0.000,0.000,0.900,0.000,2.000,11.299,0.006,0.006,5.000
30.010,3530.000,117.629,234.846,261.680,0.000,270.000,0.001,0.006,7.785,18.000,0.000,614.000,469.000,5.000,0.000,0.000,0.000,0.100,0.000,0.000,0.900,0.000,2.000,11.299,0.006,0.006,5.000
30.010,3531.000,117.662,234.807,261.534,0.000,270.000,0.001,0.010,7.785,18.000,0.000,614.000,469.000,5.000,0.000,0.000,0.000,0.100,0.000,0.000,0.900,0.000,2.000,11.244,0.010,0.010,5.000
30.010,3532.000,117.695,234.971,261.518,0.000,270.000,0.001,0.010,7.785,18.000,0.000,614.000,469.000,5.000,0.000,0.000,0.000,0.100,0.000,0.000,0.900,0.000,2.000,11.244,0.010,0.010,5.000
30.010,3533.000,117.729,234.842,261.363,0.000,270.000,0.001,0.010,7.785,18.000,0.000,614.000,469.000,5.000,0.000,0.000,0.000,0.100,0.000,0.000,0.900,0.000,2.000,11.244,0.010,0.010,5.000
30.010,3534.000,117.762,234.947,261.369,0.000,270.000,0.001,0.010,7.785,18.000,0.000,614.000,469.000,5.000,0.000,0.000,0.000,0.100,0.000,0.000,0.900,0.000,2.000,11.244,0.010,0.010,5.000
30.010,3535.000,117.795,235.104,261.332,0.000,270.000,0.001,0.010,7.785,18.000,0.000,614.000,469.000,5.000,0.000,0.000,0.000,0.100,0.000,0.000,0.900,0.000,2.000,11.244,0.010,0.010,5.000
30.010,3536.000,117.829,235.295,261.220,0.000,270.000,0.001,0.010,7.785,18.000,0.000,614.000,469.000,5.000,0.000,0.000,0.000,0.100,0.000,0.000,0.900,0.000,2.000,11.244,0.010,0.010,5.000
30.010,3537.000,117.862,235.633,261.156,0.000,270.000,0.001,0.008,7.785,18.000,0.000,614.000,469.000,5.000,0.000,0.000,0.000,0.100,0.000,0.000,0.900,0.000,2.000,6.946,0.008,0.008,5.000
30.010,3538.000,117.895,236.085,260.585,0.000,270.000,0.001,0.008,7.785,18.000,0.000,614.000,469.000,5.000,0.000,0.000,0.000,0.100,0.000,0.000,0.900,0.000,2.000,6.946,0.008,0.008,5.000
30.010,3539.000,117.929,236.371,260.451,0.000,270.000,0.001,0.008,7.785,18.000,0.000,614.000,469.000,5.000,0.000,0.000,0.000,0.100,0.000,0.000,0.900,0.000,2.000,6.946,0.008,0.008,5.000
30.010,3540.000,117.962,236.325,260.382,0.000,270.000,0.001,0.008,7.785,18.000,0.000,614.000,469.000,5.000,0.000,0.000,0.000,0.100,0.000,0.000,0.900,0.000,2.000,6.946,0.008,0.008,5.000
30.000,3541.000,118.033,236.584,260.429,0.000,270.000,0.001,0.008,7.785,18.000,0.000,614.000,469.000,5.000,0.000,0.000,0.000,0.100,0.000,0.000,0.900,0.000,2.000,6.946,0.008,0.008,5.000
30.000,3542.000,118.067,236.758,260.233,0.000,270.000,0.001,0.008,7.785,18.000,0.000,614.000,469.000,5.000,0.000,0.000,0.000,0.100,0.000,0.000,0.900,0.000,2.000,6.946,0.008,0.008,5.000
30.000,3543.000,118.100,236.903,259.935,0.000,270.000,0.001,0.017,7.785,18.000,0.000,614.000,469.000,5.000,0.000,0.000,0.000,0.100,0.000,0.000,0.900,0.000,2.000,16.643,0.017,0.017,5.000
30.000,3544.000,118.133,236.993,259.867,0.000,270.000,0.001,0.017,7.785,18.000,0.000,614.000,469.000,5.000,0.000,0.000,0.000,0.100,0.000,0.000,0.900,0.000,2.000,16.643,0.017,0.017,5.000
30.000,3545.000,118.167,237.267,259.804,0.000,270.000,0.001,0.017,7.785,18.000,0.000,614.000,469.000,5.000,0.000,0.000,0.000,0.100,0.000,0.000,0.900,0.000,2.000,16.643,0.017,0.017,5.000
30.000,3546.000,118.200,237.265,259.708,0.000,270.000,0.001,0.017,7.785,18.000,0.000,614.000,469.000,5.000,0.000,0.000,0.000,0.100,0.000,0.000,0.900,0.000,2.000,16.643,0.017,0.017,5.000
30.000,3547.000,118.233,237.499,259.887,0.000,270.000,0.001,0.017,7.785,18.000,0.000,614.000,469.000,5.000,0.000,0.000,0.000,0.100,0.000,0.000,0.900,0.000,2.000,16.643,0.017,0.017,5.000
30.000,3548.000,118.267,237.415,259.746,0.000,270.000,0.001,0.017,7.785,18.000,0.000,614.000,469.000,5.000,0.000,0.000,0.000,0.100,0.000,0.000,0.900,0.000,2.000,16.643,0.017,0.017,5.000
30.000,3549.000,118.300,237.590,259.641,0.000,270.000,0.001,0.011,7.785,18.000,0.000,614.000,469.000,5.000,0.000,0.000,0.000,0.100,0.000,0.000,0.900,0.000,2.000,10.209,0.011,0.011,5.000
30.000,3550.000,118.333,237.470,259.775,0.000,270.000,0.001,0.011,7.785,18.000,0.000,614.000,469.000,5.000,0.000,0.000,0.000,0.100,0.000,0.000,0.900,0.000,2.000,10.209,0.011,0.011,5.000
30.000,3551.000,118.367,237.637,259.481,0.000,270.000,0.001,0.011,7.785,18.000,0.000,614.000,469.000,5.000,0.000,0.000,0.000,0.100,0.000,0.000,0.900,0.000,2.000,10.209,0.011,0.011,5.000
30.000,3552.000,118.400,237.724,259.249,0.000,270.000,0.001,0.011,7.785,18.000,0.000,614.000,469.000,5.000,0.000,0.000,0.000,0.100,0.000,0.000,0.900,0.000,2.000,10.209,0.011,0.011,5.000
30.000,3553.000,118.433,237.940,259.128,0.000,270.000,0.001,0.011,7.785,18.000,0.000,614.000,469.000,5.000,0.000,0.000,0.000,0.100,0.000,0.000,0.900,0.000,2.000,10.209,0.011,0.011,5.000
30.000,3554.000,118.467,238.301,258.942,0.000,270.000,0.001,0.011,7.785,18.000,0.000,614.000,469.000,5.000,0.000,0.000,0.000,0.100,0.000,0.000,0.900,0.000,2.000,10.209,0.011,0.011,5.000
30.000,3555.000,118.500,238.302,258.927,0.000,270.000,0.001,0.010,7.785,18.000,0.000,614.000,469.000,5.000,0.000,0.000,0.000,0.100,0.000,0.000,0.900,0.000,2.000,8.429,0.010,0.010,5.000
30.000,3556.000,118.533,238.351,258.791,0.000,270.000,0.001,0.010,7.785,18.000,0.000,614.000,469.000,5.000,0.000,0.000,0.000,0.100,0.000,0.000,0.900,0.000,2.000,8.429,0.010,0.010,5.000
30.000,3557.000,118.567,238.443,258.781,0.000,270.000,0.001,0.010,7.785,18.000,0.000,614.000,469.000,5.000,0.000,0.000,0.000,0.100,0.000,0.000,0.900,0.000,2.000,8.429,0.010,0.010,5.000
30.000,3558.000,118.600,238.247,258.927,0.000,270.000,0.001,0.010,7.785,18.000,0.000,614.000,469.000,5.000,0.000,0.000,0.000,0.100,0.000,0.000,0.900,0.000,2.000,8.429,0.010,0.010,5.000
30.000,3559.000,118.633,238.516,258.991,0.000,270.000,0.001,0.010,7.785,18.000,0.000,614.000,469.000,5.000,0.000,0.000,0.000,0.100,0.000,0.000,0.900,0.000,2.000,8.429,0.010,0.010,5.000
30.000,3560.000,118.667,238.427,258.833,0.000,270.000,0.001,0.010,7.785,18.000,0.000,614.000,469.000,5.000,0.000,0.000,0.000,0.100,0.000,0.000,0.900,0.000,2.000,8.429,0.010,0.010,5.000
30.000,3561.000,118.700,238.533,258.544,0.000,270.000,0.001,0.005,7.785,18.000,0.000,614.000,469.000,5.000,0.000,0.000,0.000,0.100,0.000,0.000,0.900,0.000,2.000,5.682,0.005,0.005,5.000
30.000,3562.000,118.733,238.650,258.503,0.000,270.000,0.001,0.005,7.785,18.000,0.000,614.000,469.000,5.000,0.000,0.000,0.000,0.100,0.000,0.000,0.900,0.000,2.000,5.682,0.005,0.005,5.000
30.000,3563.000,118.767,239.009,258.320,0.000,270.000,0.001,0.005,7.785,18.000,0.000,614.000,469.000,5.000,0.000,0.000,0.000,0.100,0.000,0.000,0.900,0.000,2.000,5.682,0.005,0.005,5.000
30.000,3564.000,118.800,239.113,258.166,0.000,270.000,0.001,0.005,7.785,18.000,0.000,614.000,469.000,5.000,0.000,0.000,0.000,0.100,0.000,0.000,0.900,0.000,2.000,5.682,0.005,0.005,5.000
30.000,3565.000,118.833,239.374,258.198,0.000,270.000,0.001,0.005,7.785,18.000,0.000,614.000,469.000,5.000,0.000,0.000,0.000,0.100,0.000,0.000,0.900,0.000,2.000,5.682,0.005,0.005,5.000
30.000,3566.000,118.867,239.845,257.978,0.000,270.000,0.001,0.005,7.785,18.000,0.000,614.000,469.000,5.000,0.000,0.000,0.000,0.100,0.000,0.000,0.900,0.000,2.000,5.682,0.005,0.005,5.000
30.000,3567.000,118.900,240.036,257.878,0.000,270.000,0.001,0.013,7.785,18.000,0.000,614.000,469.000,5.000,0.000,0.000,0.000,0.100,0.000,0.000,0.900,0.000,2.000,11.219,0.013,0.013,5.000
30.000,3568.000,118.933,240.247,257.504,0.000,270.000,0.001,0.013,7.785,18.000,0.000,614.000,469.000,5.000,0.000,0.000,0.000,0.100,0.000,0.000,0.900,0.000,2.000,11.219,0.013,0.013,5.000
30.000,3569.000,118.967,240.297,257.494,0.000,270.000,0.001,0.013,7.785,18.000,0.000,614.000,469.000,5.000,0.000,0.000,0.000,0.100,0.000,0.000,0.900,0.000,2.000,11.219,0.013,0.013,5.000
30.000,3570.000,119.000,240.217,257.504,0.000,270.000,0.001,0.013,7.785,18.000,0.000,614.000,469.000,5.000,0.000,0.000,0.000,0.100,0.000,0.000,0.900,0.000,2.000,11.219,0.013,0.013,5.000
30.000,3571.000,119.033,240.560,257.371,0.000,270.000,0.001,0.013,7.785,18.000,0.000,614.000,469.000,5.000,0.000,0.000,0.000,0.100,0.000,0.000,0.900,0.000,2.000,11.219,0.013,0.013,5.000
30.000,3572.000,119.067,240.722,257.554,0.000,270.000,0.001,0.013,7.785,18.000,0.000,614.000,469.000,5.000,0.000,0.000,0.000,0.100,0.000,0.000,0.900,0.000,2.000,11.219,0.013,0.013,5.000
30.000,3573.000,119.100,240.727,257.416,0.000,270.000,0.001,0.015,7.785,18.000,0.000,614.000,469.000,5.000,0.000,0.000,0.000,0.100,0.000,0.000,0.900,0.000,2.000,13.887,0.015,0.015,5.000
30.000,3574.000,119.133,240.787,257.296,0.000,270.000,0.001,0.015,7.785,18.000,0.000,614.000,469.000,5.000,0.000,0.000,0.000,0.100,0.000,0.000,0.900,0.000,2.000,13.887,0.015,0.015,5.000
30.000,3575.000,119.167,241.149,256.869,0.000,270.000,0.001,0.015,7.785,18.000,0.000,614.000,469.000,5.000,0.000,0.000,0.000,0.100,0.000,0.000,0.900,0.000,2.000,13.887,0.015,0.015,5.000
30.000,3576.000,119.200,241.381,256.909,0.000,270.000,0.001,0.015,7.785,18.000,0.000,614.000,469.000,5.000,0.000,0.000,0.000,0.100,0.000,0.000,0.900,0.000,2.000,13.887,0.015,0.015,5.000
30.000,3577.000,119.233,241.712,256.835,0.000,270.000,0.001,0.015,7.785,18.000,0.000,614.000,469.000,5.000,0.000,0.000,0.000,0.100,0.000,0.000,0.900,0.000,2.000,13.887,0.015,0.015,5.000
30.000,3578.000,119.267,241.918,256.701,0.000,270.000,0.001,0.015,7.785,18.000,0.000,614.000,469.000,5.000,0.000,0.000,0.000,0.100,0.000,0.000,0.900,0.000,2.000,13.887,0.015,0.015,5.000
30.000,3579.000,119.300,241.902,256.585,0.000,270.000,0.001,0.012,7.785,18.000,0.000,614.000,469.000,5.000,0.000,0.000,0.000,0.100,0.000,0.000,0.900,0.000,2.000,12.195,0.012,0.012,5.000
30.000,3580.000,119.333,241.920,256.410,0.000,270.000,0.001,0.012,7.785,18.000,0.000,614.000,469.000,5.000,0.000,0.000,0.000,0.100,0.000,0.000,0.900,0.000,2.000,12.195,0.012,0.012,5.000
30.000,3581.000,119.367,241.647,256.447,0.000,270.000,0.001,0.012,7.785,18.000,0.000,614.000,469.000,5.000,0.000,0.000,0.000,0.100,0.000,0.000,0.900,0.000,2.000,12.195,0.012,0.012,5.000
30.000,3582.000,119.400,241.635,256.488,0.000,270.000,0.001,0.012,7.785,18.000,0.000,614.000,469.000,5.000,0.000,0.000,0.000,0.100,0.000,0.000,0.900,0.000,2.000,12.195,0.012,0.012,5.000
30.000,3583.000,119.433,241.822,256.464,0.000,270.000,0.001,0.012,7.785,18.000,0.000,614.000,469.000,5.000,0.000,0.000,0.000,0.100,0.000,0.000,0.900,0.000,2.000,12.195,0.012,0.012,5.000
30.000,3584.000,119.467,242.095,256.341,0.000,270.000,0.001,0.012,7.785,18.000,0.000,614.000,469.000,5.000,0.000,0.000,0.000,0.100,0.000,0.000,0.900,0.000,2.000,12.195,0.012,0.012,5.000
30.000,3585.000,119.500,242.208,256.137,0.000,270.000,0.001,0.004,7.785,18.000,0.000,614.000,469.000,5.000,0.000,0.000,0.000,0.100,0.000,0.000,0.900,0.000,2.000,3.710,0.004,0.004,5.000
30.000,3586.000,119.533,242.212,255.935,0.000,270.000,0.001,0.004,7.785,18.000,0.000,614.000,469.000,5.000,0.000,0.000,0.000,0.100,0.000,0.000,0.900,0.000,2.000,3.710,0.004,0.004,5.000
30.000,3587.000,119.567,242.460,256.135,0.000,270.000,0.001,0.004,7.785,18.000,0.000,614.000,469.000,5.000,0.000,0.000,0.000,0.100,0.000,0.000,0.900,0.000,2.000,3.710,0.004,0.004,5.000
30.000,3588.000,119.600,242.381,256.102,0.000,270.000,0.001,0.004,7.785,18.000,0.000,614.000,469.000,5.000,0.000,0.000,0.000,0.100,0.000,0.000,0.900,0.000,2.000,3.710,0.004,0.004,5.000
30.000,3589.000,119.633,242.602,256.060,0.000,270.000,0.001,0.004,7.785,18.000,0.000,614.000,469.000,5.000,0.000,0.000,0.000,0.100,0.000,0.000,0.900,0.000,2.000,3.710,0.004,0.004,5.000
30.000,3590.000,119.667,242.780,256.007,0.000,270.000,0.001,0.004,7.785,18.000,0.000,614.000,469.000,5.000,0.000,0.000,0.000,0.100,0.000,0.000,0.900,0.000,2.000,3.710,0.004,0.004,5.000
30.000,3591.000,119.700,242.633,256.002,0.000,270.000,0.001,0.009,7.785,18.000,0.000,614.000,469.000,5.000,0.000,0.000,0.000,0.100,0.000,0.000,0.900,0.000,2.000,8.432,0.009,0.009,5.000
30.000,3592.000,119.733,242.367,255.907,0.000,270.000,0.001,0.009,7.785,18.000,0.000,614.000,469.000,5.000,0.000,0.000,0.000,0.100,0.000,0.000,0.900,0.000,2.000,8.432,0.009,0.009,5.000
30.000,3593.000,119.767,242.376,255.626,0.000,270.000,0.001,0.009,7.785,18.000,0.000,614.000,469.000,5.000,0.000,0.000,0.000,0.100,0.000,0.000,0.900,0.000,2.000,8.432,0.009,0.009,5.000
30.000,3594.000,119.800,242.779,255.393,0.000,270.000,0.001,0.009,7.785,18.000,0.000,614.000,469.000,5.000,0.000,0.000,0.000,0.100,0.000,0.000,0.900,0.000,2.000,8.432,0.009,0.009,5.000
30.000,3595.000,119.833,243.060,255.261,0.000,270.000,0.001,0.009,7.785,18.000,0.000,614.000,469.000,5.000,0.000,0.000,0.000,0.100,0.000,0.000,0.900,0.000,2.000,8.432,0.009,0.009,5.000
30.000,3596.000,119.867,242.976,255.314,0.000,270.000,0.001,0.009,7.785,18.000,0.000,614.000,469.000,5.000,0.000,0.000,0.000,0.100,0.000,0.000,0.900,0.000,2.000,8.432,0.009,0.009,5.000
30.000,3597.000,119.900,243.060,255.126,0.000,270.000,0.001,0.011,7.785,18.000,0.000,614.000,469.000,5.000,0.000,0.000,0.000,0.100,0.000,0.000,0.900,0.000,2.000,8.838,0.011,0.011,5.000
30.000,3598.000,119.933,242.827,255.009,0.000,270.000,0.001,0.011,7.785,18.000,0.000,614.000,469.000,5.000,0.000,0.000,0.000,0.100,0.000,0.000,0.900,0.000,2.000,8.838,0.011,0.011,5.000
30.000,3599.000,119.967,242.962,255.088,0.000,270.000,0.001,0.011,7.785,18.000,0.000,614.000,469.000,5.000,0.000,0.000,0.000,0.100,0.000,0.000,0.900,0.000,2.000,8.838,0.011,0.011,5.000
30.000,3600.000,120.000,243.198,254.867,0.000,270.000,0.001,0.011,7.785,18.000,0.000,614.000,469.000,5.000,0.000,0.000,0.000,0.100,0.000,0.000,0.900,0.000,2.000,8.838,0.011,0.011,5.000
30.000,3601.000,120.033,243.286,254.908,0.000,270.000,0.001,0.011,7.785,18.000,0.000,614.000,469.000,5.000,0.000,0.000,0.000,0.100,0.000,0.000,0.900,0.000,2.000,8.838,0.011,0.011,5.000
30.010,3602.000,120.028,243.430,254.863,0.000,270.000,0.001,0.011,7.785,18.000,0.000,614.000,469.000,5.000,0.000,0.000,0.000,0.100,0.000,0.000,0.900,0.000,2.000,8.838,0.011,0.011,5.000
30.010,3603.000,120.061,243.780,254.721,0.000,270.000,0.001,0.005,7.785,18.000,0.000,614.000,469.000,5.000,0.000,0.000,0.000,0.100,0.000,0.000,0.900,0.000,2.000,4.020,0.005,0.005,5.000
30.010,3604.000,120.095,243.442,254.746,0.000,270.000,0.001,0.005,7.785,18.000,0.000,614.000,469.000,5.000,0.000,0.000,0.000,0.100,0.000,0.000,0.900,0.000,2.000,4.020,0.005,0.005,5.000
30.010,3605.000,120.128,243.882,254.713,0.000,270.000,0.001,0.005,7.785,18.000,0.000,614.000,469.000,5.000,0.000,0.000,0.000,0.100,0.000,0.000,0.900,0.000,2.000,4.020,0.005,0.005,5.000
30.010,3606.000,120.161,244.268,254.583,0.000,270.000,0.001,0.005,7.785,18.000,0.000,614.000,469.000,5.000,0.000,0.000,0.000,0.100,0.000,0.000,0.900,0.000,2.000,4.020,0.005,0.005,5.000
30.010,3607.000,120.195,244.160,254.678,0.000,270.000,0.001,0.005,7.785,18.000,0.000,614.000,469.000,5.000,0.000,0.000,0.000,0.100,0.000,0.000,0.900,0.000,2.000,4.020,0.005,0.005,5.000
30.010,3608.000,120.228,244.266,254.424,0.000,270.000,0.001,0.005,7.785,18.000,0.000,614.000,469.000,5.000,0.000,0.000,0.000,0.100,0.000,0.000,0.900,0.000,2.000,4.020,0.005,0.005,5.000
30.010,3609.000,120.261,244.383,254.357,0.000,270.000,0.001,0.007,7.785,18.000,0.000,614.000,469.000,5.000,0.000,0.000,0.000,0.100,0.000,0.000,0.900,0.000,2.000,8.682,0.007,0.007,5.000
30.010,3610.000,120.295,244.487,254.553,0.000,270.000,0.001,0.007,7.785,18.000,0.000,614.000,469.000,5.000,0.000,0.000,0.000,0.100,0.000,0.000,0.900,0.000,2.000,8.682,0.007,0.007,5.000
30.010,3611.000,120.328,244.829,254.527,0.000,270.000,0.001,0.007,7.785,18.000,0.000,614.000,469.000,5.000,0.000,0.000,0.000,0.100,0.000,0.000,0.900,0.000,2.000,8.682,0.007,0.007,5.000
30.010,3612.000,120.361,244.799,254.424,0.000,270.000,0.001,0.007,7.785,18.000,0.000,614.000,469.000,5.000,0.000,0.000,0.000,0.100,0.000,0.000,0.900,0.000,2.000,8.682,0.007,0.007,5.000
30.010,3613.000,120.394,244.736,254.360,0.000,270.000,0.001,0.007,7.785,18.000,0.000,614.000,469.000,5.000,0.000,0.000,0.000,0.100,0.000,0.000,0.900,0.000,2.000,8.682,0.007,0.007,5.000
30.010,3614.000,120.428,244.956,254.355,0.000,270.000,0.001,0.007,7.785,18.000,0.000,614.000,469.000,5.000,0.000,0.000,0.000,0.100,0.000,0.000,0.900,0.000,2.000,8.682,0.007,0.007,5.000
30.010,3615.000,120.461,244.918,254.432,0.000,270.000,0.001,0.007,7.785,18.000,0.000,614.000,469.000,5.000,0.000,0.000,0.000,0.100,0.000,0.000,0.900,0.000,2.000,6.310,0.007,0.007,5.000
30.010,3616.000,120.494,245.061,254.327,0.000,270.000,0.001,0.007,7.785,18.000,0.000,614.000,469.000,5.000,0.000,0.000,0.000,0.100,0.000,0.000,0.900,0.000,2.000,6.310,0.007,0.007,5.000
30.010,3617.000,120.528,245.139,254.222,0.000,270.000,0.001,0.007,7.785,18.000,0.000,614.000,469.000,5.000,0.000,0.000,0.000,0.100,0.000,0.000,0.900,0.000,2.000,6.310,0.007,0.007,5.000
30.010,3618.000,120.561,245.211,254.031,0.000,270.000,0.001,0.007,7.785,18.000,0.000,614.000,469.000,5.000,0.000,0.000,0.000,0.100,0.000,0.000,0.900,0.000,2.000,6.310,0.007,0.007,5.000
30.010,3619.000,120.594,245.269,253.965,0.000,270.000,0.001,0.007,7.785,18.000,0.000,614.000,469.000,5.000,0.000,0.000,0.000,0.100,0.000,0.000,0.900,0.000,2.000,6.310,0.007,0.007,5.000
30.010,3620.000,120.628,245.389,253.893,0.000,270.000,0.001,0.007,7.785,18.000,0.000,614.000,469.000,5.000,0.000,0.000,0.000,0.100,0.000,0.000,0.900,0.000,2.000,6.310,0.007,0.007,5.000
30.010,3621.000,120.661,245.942,253.749,0.000,270.000,0.001,0.007,7.785,18.000,0.000,614.000,469.000,5.000,0.000,0.000,0.000,0.100,0.000,0.000,0.900,0.000,2.000,6.371,0.007,0.007,5.000
30.010,3622.000,120.694,246.024,253.790,0.000,270.000,0.001,0.007,7.785,18.000,0.000,614.000,469.000,5.000,0.000,0.000,0.000,0.100,0.000,0.000,0.900,0.000,2.000,6.371,0.007,0.007,5.000
30.010,3623.000,120.728,246.015,253.978,0.000,270.000,0.001,0.007,7.785,18.000,0.000,614.000,469.000,5.000,0.000,0.000,0.000,0.100,0.000,0.000,0.900,0.000,2.000,6.371,0.007,0.007,5.000
30.010,3624.000,120.761,246.104,253.929,0.000,270.000,0.001,0.007,7.785,18.000,0.000,614.000,469.000,5.000,0.000,0.000,0.000,0.100,0.000,0.000,0.900,0.000,2.000,6.371,0.007,0.007,5.000
30.010,3625.000,120.794,246.162,254.060,0.000,270.000,0.001,0.007,7.785,18.000,0.000,614.000,469.000,5.000,0.000,0.000,0.000,0.100,0.000,0.000,0.900,0.000,2.000,6.371,0.007,0.007,5.000
30.010,3626.000,120.828,246.398,253.936,0.000,270.000,0.001,0.007,7.785,18.000,0.000,614.000,469.000,5.000,0.000,0.000,0.000,0.100,0.000,0.000,0.900,0.000,2.000,6.371,0.007,0.007,5.000
30.010,3627.000,120.861,246.342,253.891,0.000,270.000,0.001,0.004,7.785,18.000,0.000,614.000,469.000,5.000,0.000,0.000,0.000,0.100,0.000,0.000,0.900,0.000,2.000,8.623,0.004,0.004,5.000
30.010,3628.000,120.894,246.333,253.469,0.000,270.000,0.001,0.004,7.785,18.000,0.000,614.000,469.000,5.000,0.000,0.000,0.000,0.100,0.000,0.000,0.900,0.000,2.000,8.623,0.004,0.004,5.000
30.010,3629.000,120.928,246.411,253.448,0.000,270.000,0.001,0.004,7.785,18.000,0.000,614.000,469.000,5.000,0.000,0.000,0.000,0.100,0.000,0.000,0.900,0.000,2.000,8.623,0.004,0.004,5.000
30.010,3630.000,120.961,246.472,253.391,0.000,270.000,0.001,0.004,7.785,18.000,0.000,614.000,469.000,5.000,0.000,0.000,0.000,0.100,0.000,0.000,0.900,0.000,2.000,8.623,0.004,0.004,5.000
30.010,3631.000,120.994,246.517,253.249,0.000,270.000,0.001,0.004,7.785,18.000,0.000,614.000,469.000,5.000,0.000,0.000,0.000,0.100,0.000,0.000,0.900,0.000,2.000,8.623,0.004,0.004,5.000
30.000,3632.000,121.067,246.635,253.081,0.000,270.000,0.001,0.004,7.785,18.000,0.000,614.000,469.000,5.000,0.000,0.000,0.000,0.100,0.000,0.000,0.900,0.000,2.000,8.623,0.004,0.004,5.000
30.000,3633.000,121.100,246.506,253.183,0.000,270.000,0.001,0.010,7.785,18.000,0.000,614.000,469.000,5.000,0.000,0.000,0.000,0.100,0.000,0.000,0.900,0.000,2.000,8.493,0.010,0.010,5.000
30.000,3634.000,121.133,246.722,252.880,0.000,270.000,0.001,0.010,7.785,18.000,0.000,614.000,469.000,5.000,0.000,0.000,0.000,0.100,0.000,0.000,0.900,0.000,2.000,8.493,0.010,0.010,5.000
30.000,3635.000,121.167,246.973,252.790,0.000,270.000,0.001,0.010,7.785,18.000,0.000,614.000,469.000,5.000,0.000,0.000,0.000,0.100,0.000,0.000,0.900,0.000,2.000,8.493,0.010,0.010,5.000
30.000,3636.000,121.200,247.095,252.851,0.000,270.000,0.001,0.010,7.785,18.000,0.000,614.000,469.000,5.000,0.000,0.000,0.000,0.100,0.000,0.000,0.900,0.000,2.000,8.493,0.010,0.010,5.000
30.000,3637.000,121.233,247.274,252.446,0.000,270.000,0.001,0.010,7.785,18.000,0.000,614.000,469.000,5.000,0.000,0.000,0.000,0.100,0.000,0.000,0.900,0.000,2.000,8.493,0.010,0.010,5.000
30.000,3638.000,121.267,247.266,252.469,0.000,270.000,0.001,0.010,7.785,18.000,0.000,614.000,469.000,5.000,0.000,0.000,0.000,0.100,0.000,0.000,0.900,0.000,2.000,8.493,0.010,0.010,5.000
30.000,3639.000,121.300,247.609,252.128,0.000,270.000,0.001,0.013,7.785,18.000,0.000,614.000,469.000,5.000,0.000,0.000,0.000,0.100,0.000,0.000,0.900,0.000,2.000,10.599,0.013,0.013,5.000
30.000,3640.000,121.333,247.715,252.204,0.000,270.000,0.001,0.013,7.785,18.000,0.000,614.000,469.000,5.000,0.000,0.000,0.000,0.100,0.000,0.000,0.900,0.000,2.000,10.599,0.013,0.013,5.000
30.000,3641.000,121.367,247.863,252.053,0.000,270.000,0.001,0.013,7.785,18.000,0.000,614.000,469.000,5.000,0.000,0.000,0.000,0.100,0.000,0.000,0.900,0.000,2.000,10.599,0.013,0.013,5.000
30.000,3642.000,121.400,248.049,251.918,0.000,270.000,0.001,0.013,7.785,18.000,0.000,614.000,469.000,5.000,0.000,0.000,0.000,0.100,0.000,0.000,0.900,0.000,2.000,10.599,0.013,0.013,5.000
30.000,3643.000,121.433,248.044,251.824,0.000,270.000,0.001,0.013,7.785,18.000,0.000,614.000,469.000,5.000,0.000,0.000,0.000,0.100,0.000,0.000,0.900,0.000,2.000,10.599,0.013,0.013,5.000
30.000,3644.000,121.467,248.009,251.648,0.000,270.000,0.001,0.013,7.785,18.000,0.000,614.000,469.000,5.000,0.000,0.000,0.000,0.100,0.000,0.000,0.900,0.000,2.000,10.599,0.013,0.013,5.000
30.000,3645.000,121.500,248.282,251.365,0.000,270.000,0.001,0.011,7.785,18.000,0.000,614.000,469.000,5.000,0.000,0.000,0.000,0.100,0.000,0.000,0.900,0.000,2.000,9.505,0.011,0.011,5.000
30.000,3646.000,121.533,248.629,251.439,0.000,270.000,0.001,0.011,7.785,18.000,0.000,614.000,469.000,5.000,0.000,0.000,0.000,0.100,0.000,0.000,0.900,0.000,2.000,9.505,0.011,0.011,5.000
30.000,3647.000,121.567,248.873,251.360,0.000,270.000,0.001,0.011,7.785,18.000,0.000,614.000,469.000,5.000,0.000,0.000,0.000,0.100,0.000,0.000,0.900,0.000,2.000,9.505,0.011,0.011,5.000
30.000,3648.000,121.600,248.808,251.148,0.000,270.000,0.001,0.011,7.785,18.000,0.000,614.000,469.000,5.000,0.000,0.000,0.000,0.100,0.000,0.000,0.900,0.000,2.000,9.505,0.011,0.011,5.000
30.000,3649.000,121.633,248.662,250.989,0.000,270.000,0.001,0.011,7.785,18.000,0.000,614.000,469.000,5.000,0.000,0.000,0.000,0.100,0.000,0.000,0.900,0.000,2.000,9.505,0.011,0.011,5.000
30.000,3650.000,121.667,248.900,250.944,0.000,270.000,0.001,0.011,7.785,18.000,0.000,614.000,469.000,5.000,0.000,0.000,0.000,0.100,0.000,0.000,0.900,0.000,2.000,9.505,0.011,0.011,5.000
30.000,3651.000,121.700,248.823,250.778,0.000,270.000,0.001,0.012,7.785,18.000,0.000,614.000,469.000,5.000,0.000,0.000,0.000,0.100,0.000,0.000,0.900,0.000,2.000,9.976,0.012,0.012,5.000
30.000,3652.000,121.733,248.818,250.785,0.000,270.000,0.001,0.012,7.785,18.000,0.000,614.000,469.000,5.000,0.000,0.000,0.000,0.100,0.000,0.000,0.900,0.000,2.000,9.976,0.012,0.012,5.000
30.000,3653.000,121.767,249.011,250.836,0.000,270.000,0.001,0.012,7.785,18.000,0.000,614.000,469.000,5.000,0.000,0.000,0.000,0.100,0.000,0.000,0.900,0.000,2.000,9.976,0.012,0.012,5.000
30.000,3654.000,121.800,249.313,250.520,0.000,270.000,0.001,0.012,7.785,18.000,0.000,614.000,469.000,5.000,0.000,0.000,0.000,0.100,0.000,0.000,0.900,0.000,2.000,9.976,0.012,0.012,5.000
30.000,3655.000,121.833,249.325,250.498,0.000,270.000,0.001,0.012,7.785,18.000,0.000,614.000,469.000,5.000,0.000,0.000,0.000,0.100,0.000,0.000,0.900,0.000,2.000,9.976,0.012,0.012,5.000
30.000,3656.000,121.867,249.145,250.520,0.000,270.000,0.001,0.012,7.785,18.000,0.000,614.000,469.000,5.000,0.000,0.000,0.000,0.100,0.000,0.000,0.900,0.000,2.000,9.976,0.012,0.012,5.000
30.000,3657.000,121.900,249.255,250.475,0.000,270.000,0.001,0.009,7.785,18.000,0.000,614.000,469.000,5.000,0.000,0.000,0.000,0.100,0.000,0.000,0.900,0.000,2.000,7.916,0.009,0.009,5.000
30.000,3658.000,121.933,249.431,250.389,0.000,270.000,0.001,0.009,7.785,18.000,0.000,614.000,469.000,5.000,0.000,0.000,0.000,0.100,0.000,0.000,0.900,0.000,2.000,7.916,0.009,0.009,5.000
30.000,3659.000,121.967,249.736,250.389,0.000,270.000,0.001,0.009,7.785,18.000,0.000,614.000,469.000,5.000,0.000,0.000,0.000,0.100,0.000,0.000,0.900,0.000,2.000,7.916,0.009,0.009,5.000
30.000,3660.000,122.000,249.726,250.290,0.000,270.000,0.001,0.009,7.785,18.000,0.000,614.000,469.000,5.000,0.000,0.000,0.000,0.100,0.000,0.000,0.900,0.000,2.000,7.916,0.009,0.009,5.000
30.000,3661.000,122.033,249.749,250.280,0.000,270.000,0.001,0.009,7.785,18.000,0.000,614.000,469.000,5.000,0.000,0.000,0.000,0.100,0.000,0.000,0.900,0.000,2.000,7.916,0.009,0.009,5.000
30.000,3662.000,122.067,250.166,249.987,0.000,270.000,0.001,0.009,7.785,18.000,0.000,614.000,469.000,5.000,0.000,0.000,0.000,0.100,0.000,0.000,0.900,0.000,2.000,7.916,0.009,0.009,5.000
30.000,3663.000,122.100,250.077,250.013,0.000,270.000,0.001,0.005,7.785,18.000,0.000,614.000,469.000,5.000,0.000,0.000,0.000,0.100,0.000,0.000,0.900,0.000,2.000,4.579,0.005,0.005,5.000
30.000,3664.000,122.133,250.230,249.689,0.000,270.000,0.001,0.005,7.785,18.000,0.000,614.000,469.000,5.000,0.000,0.000,0.000,0.100,0.000,0.000,0.900,0.000,2.000,4.579,0.005,0.005,5.000
30.000,3665.000,122.167,250.518,249.417,0.000,270.000,0.001,0.005,7.785,18.000,0.000,614.000,469.000,5.000,0.000,0.000,0.000,0.100,0.000,0.000,0.900,0.000,2.000,4.579,0.005,0.005,5.000
30.000,3666.000,122.200,250.413,249.297,0.000,270.000,0.001,0.005,7.785,18.000,0.000,614.000,469.000,5.000,0.000,0.000,0.000,0.100,0.000,0.000,0.900,0.000,2.000,4.579,0.005,0.005,5.000
30.000,3667.000,122.233,250.714,249.613,0.000,270.000,0.001,0.005,7.785,18.000,0.000,614.000,469.000,5.000,0.000,0.000,0.000,0.100,0.000,0.000,0.900,0.000,2.000,4.579,0.005,0.005,5.000
30.000,3668.000,122.267,251.011,249.600,0.000,270.000,0.001,0.005,7.785,18.000,0.000,614.000,469.000,5.000,0.000,0.000,0.000,0.100,0.000,0.000,0.900,0.000,2.000,4.579,0.005,0.005,5.000
30.000,3669.000,122.300,250.985,249.547,0.000,270.000,0.001,0.013,7.785,18.000,0.000,614.000,469.000,5.000,0.000,0.000,0.000,0.100,0.000,0.000,0.900,0.000,2.000,11.264,0.013,0.013,5.000
30.000,3670.000,122.333,251.173,249.204,0.000,270.000,0.001,0.013,7.785,18.000,0.000,614.000,469.000,5.000,0.000,0.000,0.000,0.100,0.000,0.000,0.900,0.000,2.000,11.264,0.013,0.013,5.000
30.000,3671.000,122.367,251.349,249.369,0.000,270.000,0.001,0.013,7.785,18.000,0.000,614.000,469.000,5.000,0.000,0.000,0.000,0.100,0.000,0.000,0.900,0.000,2.000,11.264,0.013,0.013,5.000
30.000,3672.000,122.400,251.330,249.201,0.000,270.000,0.001,0.013,7.785,18.000,0.000,614.000,469.000,5.000,0.000,0.000,0.000,0.100,0.000,0.000,0.900,0.000,2.000,11.264,0.013,0.013,5.000
30.000,3673.000,122.433,251.362,249.185,0.000,270.000,0.001,0.013,7.785,18.000,0.000,614.000,469.000,5.000,0.000,0.000,0.000,0.100,0.000,0.000,0.900,0.000,2.000,11.264,0.013,0.013,5.000
30.000,3674.000,122.467,251.476,249.162,0.000,270.000,0.001,0.013,7.785,18.000,0.000,614.000,469.000,5.000,0.000,0.000,0.000,0.100,0.000,0.000,0.900,0.000,2.000,11.264,0.013,0.013,5.000
30.000,3675.000,122.500,251.624,249.094,0.000,270.000,0.001,0.008,7.785,18.000,0.000,614.000,469.000,5.000,0.000,0.000,0.000,0.100,0.000,0.000,0.900,0.000,2.000,7.450,0.008,0.008,5.000
30.000,3676.000,122.533,252.062,249.031,0.000,270.000,0.001,0.008,7.785,18.000,0.000,614.000,469.000,5.000,0.000,0.000,0.000,0.100,0.000,0.000,0.900,0.000,2.000,7.450,0.008,0.008,5.000
30.000,3677.000,122.567,252.360,248.973,0.000,270.000,0.001,0.008,7.785,18.000,0.000,614.000,469.000,5.000,0.000,0.000,0.000,0.100,0.000,0.000,0.900,0.000,2.000,7.450,0.008,0.008,5.000
30.000,3678.000,122.600,252.991,249.163,0.000,270.000,0.001,0.008,7.785,18.000,0.000,614.000,469.000,5.000,0.000,0.000,0.000,0.100,0.000,0.000,0.900,0.000,2.000,7.450,0.008,0.008,5.000
30.000,3679.000,122.633,253.149,248.924,0.000,270.000,0.001,0.008,7.785,18.000,0.000,614.000,469.000,5.000,0.000,0.000,0.000,0.100,0.000,0.000,0.900,0.000,2.000,7.450,0.008,0.008,5.000
30.000,3680.000,122.667,253.151,248.880,0.000,270.000,0.001,0.008,7.785,18.000,0.000,614.000,469.000,5.000,0.000,0.000,0.000,0.100,0.000,0.000,0.900,0.000,2.000,7.450,0.008,0.008,5.000
30.000,3681.000,122.700,253.216,248.832,0.000,270.000,0.001,0.014,7.785,18.000,0.000,614.000,469.000,5.000,0.000,0.000,0.000,0.100,0.000,0.000,0.900,0.000,2.000,17.339,0.014,0.014,5.000
30.000,3682.000,122.733,253.342,248.842,0.000,270.000,0.001,0.014,7.785,18.000,0.000,614.000,469.000,5.000,0.000,0.000,0.000,0.100,0.000,0.000,0.900,0.000,2.000,17.339,0.014,0.014,5.000
30.000,3683.000,122.767,253.780,248.690,0.000,270.000,0.001,0.014,7.785,18.000,0.000,614.000,469.000,5.000,0.000,0.000,0.000,0.100,0.000,0.000,0.900,0.000,2.000,17.339,0.014,0.014,5.000
30.000,3684.000,122.800,254.035,248.624,0.000,270.000,0.001,0.014,7.785,18.000,0.000,614.000,469.000,5.000,0.000,0.000,0.000,0.100,0.000,0.000,0.900,0.000,2.000,17.339,0.014,0.014,5.000
30.000,3685.000,122.833,254.017,248.265,0.000,270.000,0.001,0.014,7.785,18.000,0.000,614.000,469.000,5.000,0.000,0.000,0.000,0.100,0.000,0.000,0.900,0.000,2.000,17.339,0.014,0.014,5.000
30.000,3686.000,122.867,253.775,248.225,0.000,270.000,0.001,0.014,7.785,18.000,0.000,614.000,469.000,5.000,0.000,0.000,0.000,0.100,0.000,0.000,0.900,0.000,2.000,17.339,0.014,0.014,5.000
30.000,3687.000,122.900,254.146,247.945,0.000,270.000,0.001,0.012,7.785,18.000,0.000,614.000,469.000,5.000,0.000,0.000,0.000,0.100,0.000,0.000,0.900,0.000,2.000,10.470,0.012,0.012,5.000
30.000,3688.000,122.933,254.434,248.101,0.000,270.000,0.001,0.012,7.785,18.000,0.000,614.000,469.000,5.000,0.000,0.000,0.000,0.100,0.000,0.000,0.900,0.000,2.000,10.470,0.012,0.012,5.000
30.000,3689.000,122.967,254.609,248.207,0.000,270.000,0.001,0.012,7.785,18.000,0.000,614.000,469.000,5.000,0.000,0.000,0.000,0.100,0.000,0.000,0.900,0.000,2.000,10.470,0.012,0.012,5.000
30.000,3690.000,123.000,254.691,248.433,0.000,270.000,0.001,0.012,7.785,18.000,0.000,614.000,469.000,5.000,0.000,0.000,0.000,0.100,0.000,0.000,0.900,0.000,2.000,10.470,0.012,0.012,5.000
30.000,3691.000,123.033,254.503,248.400,0.000,270.000,0.001,0.012,7.785,18.000,0.000,614.000,469.000,5.000,0.000,0.000,0.000,0.100,0.000,0.000,0.900,0.000,2.000,10.470,0.012,0.012,5.000
30.000,3692.000,123.067,254.541,248.365,0.000,270.000,0.001,0.012,7.785,18.000,0.000,614.000,469.000,5.000,0.000,0.000,0.000,0.100,0.000,0.000,0.900,0.000,2.000,10.470,0.012,0.012,5.000
30.000,3693.000,123.100,254.824,248.209,0.000,270.000,0.001,0.002,7.785,18.000,0.000,614.000,469.000,5.000,0.000,0.000,0.000,0.100,0.000,0.000,0.900,0.000,2.000,4.843,0.002,0.002,5.000
30.000,3694.000,123.133,254.847,248.029,0.000,270.000,0.001,0.002,7.785,18.000,0.000,614.000,469.000,5.000,0.000,0.000,0.000,0.100,0.000,0.000,0.900,0.000,2.000,4.843,0.002,0.002,5.000
30.000,3695.000,123.167,255.075,247.929,0.000,270.000,0.001,0.002,7.785,18.000,0.000,614.000,469.000,5.000,0.000,0.000,0.000,0.100,0.000,0.000,0.900,0.000,2.000,4.843,0.002,0.002,5.000
30.000,3696.000,123.200,255.325,247.839,0.000,270.000,0.001,0.002,7.785,18.000,0.000,614.000,469.000,5.000,0.000,0.000,0.000,0.100,0.000,0.000,0.900,0.000,2.000,4.843,0.002,0.002,5.000
30.000,3697.000,123.233,255.513,247.824,0.000,270.000,0.001,0.002,7.785,18.000,0.000,614.000,469.000,5.000,0.000,0.000,0.000,0.100,0.000,0.000,0.900,0.000,2.000,4.843,0.002,0.002,5.000
30.000,3698.000,123.267,255.479,247.622,0.000,270.000,0.001,0.002,7.785,18.000,0.000,614.000,469.000,5.000,0.000,0.000,0.000,0.100,0.000,0.000,0.900,0.000,2.000,4.843,0.002,0.002,5.000
30.000,3699.000,123.300,255.556,247.468,0.000,270.000,0.001,0.012,7.785,18.000,0.000,614.000,469.000,5.000,0.000,0.000,0.000,0.100,0.000,0.000,0.900,0.000,2.000,11.162,0.012,0.012,5.000
30.000,3700.000,123.333,255.676,247.548,0.000,270.000,0.001,0.012,7.785,18.000,0.000,614.000,469.000,5.000,0.000,0.000,0.000,0.100,0.000,0.000,0.900,0.000,2.000,11.162,0.012,0.012,5.000
30.000,3701.000,123.367,256.068,247.557,0.000,270.000,0.001,0.012,7.785,18.000,0.000,614.000,469.000,5.000,0.000,0.000,0.000,0.100,0.000,0.000,0.900,0.000,2.000,11.162,0.012,0.012,5.000
30.000,3702.000,123.400,256.167,247.460,0.000,270.000,0.001,0.012,7.785,18.000,0.000,614.000,469.000,5.000,0.000,0.000,0.000,0.100,0.000,0.000,0.900,0.000,2.000,11.162,0.012,0.012,5.000
30.000,3703.000,123.433,256.105,247.352,0.000,270.000,0.001,0.012,7.785,18.000,0.000,614.000,469.000,5.000,0.000,0.000,0.000,0.100,0.000,0.000,0.900,0.000,2.000,11.162,0.012,0.012,5.000
30.000,3704.000,123.467,256.188,247.330,0.000,270.000,0.001,0.012,7.785,18.000,0.000,614.000,469.000,5.000,0.000,0.000,0.000,0.100,0.000,0.000,0.900,0.000,2.000,11.162,0.012,0.012,5.000
30.000,3705.000,123.500,256.250,247.380,0.000,270.000,0.001,0.008,7.785,18.000,0.000,614.000,469.000,5.000,0.000,0.000,0.000,0.100,0.000,0.000,0.900,0.000,2.000,7.267,0.008,0.008,5.000
30.000,3706.000,123.533,256.265,247.617,0.000,270.000,0.001,0.008,7.785,18.000,0.000,614.000,469.000,5.000,0.000,0.000,0.000,0.100,0.000,0.000,0.900,0.000,2.000,7.267,0.008,0.008,5.000
30.000,3707.000,123.567,256.268,247.336,0.000,270.000,0.001,0.008,7.785,18.000,0.000,614.000,469.000,5.000,0.000,0.000,0.000,0.100,0.000,0.000,0.900,0.000,2.000,7.267,0.008,0.008,5.000
30.000,3708.000,123.600,256.310,247.425,0.000,270.000,0.001,0.008,7.785,18.000,0.000,614.000,469.000,5.000,0.000,0.000,0.000,0.100,0.000,0.000,0.900,0.000,2.000,7.267,0.008,0.008,5.000
30.000,3709.000,123.633,256.441,247.585,0.000,270.000,0.001,0.008,7.785,18.000,0.000,614.000,469.000,5.000,0.000,0.000,0.000,0.100,0.000,0.000,0.900,0.000,2.000,7.267,0.008,0.008,5.000
30.000,3710.000,123.667,256.633,247.435,0.000,270.000,0.001,0.008,7.785,18.000,0.000,614.000,469.000,5.000,0.000,0.000,0.000,0.100,0.000,0.000,0.900,0.000,2.000,7.267,0.008,0.008,5.000
30.000,3711.000,123.700,256.853,247.485,0.000,270.000,0.001,-0.000,7.785,18.000,0.000,614.000,469.000,5.000,0.000,0.000,0.000,0.100,0.000,0.000,0.900,0.000,2.000,3.931,-0.000,-0.000,5.000
30.000,3712.000,123.733,256.871,247.717,0.000,270.000,0.001,-0.000,7.785,18.000,0.000,614.000,469.000,5.000,0.000,0.000,0.000,0.100,0.000,0.000,0.900,0.000,2.000,3.931,-0.000,-0.000,5.000
30.000,3713.000,123.767,257.083,247.787,0.000,270.000,0.001,-0.000,7.785,18.000,0.000,614.000,469.000,5.000,0.000,0.000,0.000,0.100,0.000,0.000,0.900,0.000,2.000,3.931,-0.000,-0.000,5.000
30.000,3714.000,123.800,256.976,247.565,0.000,270.000,0.001,-0.000,7.785,18.000,0.000,614.000,469.000,5.000,0.000,0.000,0.000,0.100,0.000,0.000,0.900,0.000,2.000,3.931,-0.000,-0.000,5.000
30.000,3715.000,123.833,257.170,247.605,0.000,270.000,0.001,-0.000,7.785,18.000,0.000,614.000,469.000,5.000,0.000,0.000,0.000,0.100,0.000,0.000,0.900,0.000,2.000,3.931,-0.000,-0.000,5.000
30.000,3716.000,123.867,257.155,247.538,0.000,270.000,0.001,-0.000,7.785,18.000,0.000,614.000,469.000,5.000,0.000,0.000,0.000,0.100,0.000,0.000,0.900,0.000,2.000,3.931,-0.000,-0.000,5.000
30.000,3717.000,123.900,257.226,247.370,0.000,270.000,0.001,0.004,7.785,18.000,0.000,614.000,469.000,5.000,0.000,0.000,0.000,0.100,0.000,0.000,0.900,0.000,2.000,7.000,0.004,0.004,5.000
30.000,3718.000,123.933,257.167,247.548,0.000,270.000,0.001,0.004,7.785,18.000,0.000,614.000,469.000,5.000,0.000,0.000,0.000,0.100,0.000,0.000,0.900,0.000,2.000,7.000,0.004,0.004,5.000
30.000,3719.000,123.967,257.247,247.646,0.000,270.000,0.001,0.004,7.785,18.000,0.000,614.000,469.000,5.000,0.000,0.000,0.000,0.100,0.000,0.000,0.900,0.000,2.000,7.000,0.004,0.004,5.000
30.000,3720.000,124.000,257.077,247.689,0.000,270.000,0.001,0.004,7.785,18.000,0.000,614.000,469.000,5.000,0.000,0.000,0.000,0.100,0.000,0.000,0.900,0.000,2.000,7.000,0.004,0.004,5.000
30.000,3721.000,124.033,257.157,247.741,0.000,270.000,0.001,0.004,7.785,18.000,0.000,614.000,469.000,5.000,0.000,0.000,0.000,0.100,0.000,0.000,0.900,0.000,2.000,7.000,0.004,0.004,5.000
30.000,3722.000,124.067,257.185,247.565,0.000,270.000,0.001,0.004,7.785,18.000,0.000,614.000,469.000,5.000,0.000,0.000,0.000,0.100,0.000,0.000,0.900,0.000,2.000,7.000,0.004,0.004,5.000
30.010,3723.000,124.060,256.998,247.644,0.000,270.000,0.001,-0.001,7.785,18.000,0.000,614.000,469.000,5.000,0.000,0.000,0.000,0.100,0.000,0.000,0.900,0.000,2.000,1.314,-0.001,-0.001,5.000
30.010,3724.000,124.093,257.055,247.746,0.000,270.000,0.001,-0.001,7.785,18.000,0.000,614.000,469.000,5.000,0.000,0.000,0.000,0.100,0.000,0.000,0.900,0.000,2.000,1.314,-0.001,-0.001,5.000
30.010,3725.000,124.127,257.136,247.624,0.000,270.000,0.001,-0.001,7.785,18.000,0.000,614.000,469.000,5.000,0.000,0.000,0.000,0.100,0.000,0.000,0.900,0.000,2.000,1.314,-0.001,-0.001,5.000
30.010,3726.000,124.160,256.987,247.514,0.000,270.000,0.001,-0.001,7.785,18.000,0.000,614.000,469.000,5.000,0.000,0.000,0.000,0.100,0.000,0.000,0.900,0.000,2.000,1.314,-0.001,-0.001,5.000
30.010,3727.000,124.193,257.064,247.646,0.000,270.000,0.001,-0.001,7.785,18.000,0.000,614.000,469.000,5.000,0.000,0.000,0.000,0.100,0.000,0.000,0.900,0.000,2.000,1.314,-0.001,-0.001,5.000
30.010,3728.000,124.227,257.184,247.621,0.000,270.000,0.001,-0.001,7.785,18.000,0.000,614.000,469.000,5.000,0.000,0.000,0.000,0.100,0.000,0.000,0.900,0.000,2.000,1.314,-0.001,-0.001,5.000
30.010,3729.000,124.260,257.408,247.801,0.000,270.000,0.001,0.000,7.785,18.000,0.000,614.000,469.000,5.000,0.000,0.000,0.000,0.100,0.000,0.000,0.900,0.000,2.000,1.279,0.000,0.000,5.000
30.010,3730.000,124.293,257.696,247.917,0.000,270.000,0.001,0.000,7.785,18.000,0.000,614.000,469.000,5.000,0.000,0.000,0.000,0.100,0.000,0.000,0.900,0.000,2.000,1.279,0.000,0.000,5.000
30.010,3731.000,124.327,257.652,248.205,0.000,270.000,0.001,0.000,7.785,18.000,0.000,614.000,469.000,5.000,0.000,0.000,0.000,0.100,0.000,0.000,0.900,0.000,2.000,1.279,0.000,0.000,5.000
30.010,3732.000,124.360,257.683,247.936,0.000,270.000,0.001,0.000,7.785,18.000,0.000,614.000,469.000,5.000,0.000,0.000,0.000,0.100,0.000,0.000,0.900,0.000,2.000,1.279,0.000,0.000,5.000
30.010,3733.000,124.393,257.619,247.793,0.000,270.000,0.001,0.000,7.785,18.000,0.000,614.000,469.000,5.000,0.000,0.000,0.000,0.100,0.000,0.000,0.900,0.000,2.000,1.279,0.000,0.000,5.000
30.010,3734.000,124.427,257.803,247.667,0.000,270.000,0.001,0.000,7.785,18.000,0.000,614.000,469.000,5.000,0.000,0.000,0.000,0.100,0.000,0.000,0.900,0.000,2.000,1.279,0.000,0.000,5.000
30.010,3735.000,124.460,258.106,247.850,0.000,270.000,0.001,0.002,7.785,18.000,0.000,614.000,469.000,5.000,0.000,0.000,0.000,0.100,0.000,0.000,0.900,0.000,2.000,5.515,0.002,0.002,5.000
30.010,3736.000,124.493,258.149,247.894,0.000,270.000,0.001,0.002,7.785,18.000,0.000,614.000,469.000,5.000,0.000,0.000,0.000,0.100,0.000,0.000,0.900,0.000,2.000,5.515,0.002,0.002,5.000
30.010,3737.000,124.526,258.111,247.867,0.000,270.000,0.001,0.002,7.785,18.000,0.000,614.000,469.000,5.000,0.000,0.000,0.000,0.100,0.000,0.000,0.900,0.000,2.000,5.515,0.002,0.002,5.000
30.010,3738.000,124.560,258.300,247.811,0.000,270.000,0.001,0.002,7.785,18.000,0.000,614.000,469.000,5.000,0.000,0.000,0.000,0.100,0.000,0.000,0.900,0.000,2.000,5.515,0.002,0.002,5.000
30.010,3739.000,124.593,258.214,247.791,0.000,270.000,0.001,0.002,7.785,18.000,0.000,614.000,469.000,5.000,0.000,0.000,0.000,0.100,0.000,0.000,0.900,0.000,2.000,5.515,0.002,0.002,5.000
30.010,3740.000,124.626,258.254,247.618,0.000,270.000,0.001,0.002,7.785,18.000,0.000,614.000,469.000,5.000,0.000,0.000,0.000,0.100,0.000,0.000,0.900,0.000,2.000,5.515,0.002,0.002,5.000
30.010,3741.000,124.660,258.398,247.541,0.000,270.000,0.001,0.004,7.785,18.000,0.000,614.000,469.000,5.000,0.000,0.000,0.000,0.100,0.000,0.000,0.900,0.000,2.000,5.707,0.004,0.004,5.000
30.010,3742.000,124.693,258.376,247.228,0.000,270.000,0.001,0.004,7.785,18.000,0.000,614.000,469.000,5.000,0.000,0.000,0.000,0.100,0.000,0.000,0.900,0.000,2.000,5.707,0.004,0.004,5.000
30.010,3743.000,124.726,258.106,247.132,0.000,270.000,0.001,0.004,7.785,18.000,0.000,614.000,469.000,5.000,0.000,0.000,0.000,0.100,0.000,0.000,0.900,0.000,2.000,5.707,0.004,0.004,5.000
30.010,3744.000,124.760,258.221,246.958,0.000,270.000,0.001,0.004,7.785,18.000,0.000,614.000,469.000,5.000,0.000,0.000,0.000,0.100,0.000,0.000,0.900,0.000,2.000,5.707,0.004,0.004,5.000
30.010,3745.000,124.793,257.915,246.967,0.000,270.000,0.001,0.004,7.785,18.000,0.000,614.000,469.000,5.000,0.000,0.000,0.000,0.100,0.000,0.000,0.900,0.000,2.000,5.707,0.004,0.004,5.000
30.010,3746.000,124.826,257.887,246.916,0.000,270.000,0.001,0.004,7.785,18.000,0.000,614.000,469.000,5.000,0.000,0.000,0.000,0.100,0.000,0.000,0.900,0.000,2.000,5.707,0.004,0.004,5.000
30.010,3747.000,124.860,257.998,246.914,0.000,270.000,0.001,0.006,7.785,18.000,0.000,614.000,469.000,5.000,0.000,0.000,0.000,0.100,0.000,0.000,0.900,0.000,2.000,8.415,0.006,0.006,5.000
30.010,3748.000,124.893,258.000,246.817,0.000,270.000,0.001,0.006,7.785,18.000,0.000,614.000,469.000,5.000,0.000,0.000,0.000,0.100,0.000,0.000,0.900,0.000,2.000,8.415,0.006,0.006,5.000
30.010,3749.000,124.926,257.875,246.855,0.000,270.000,0.001,0.006,7.785,18.000,0.000,614.000,469.000,5.000,0.000,0.000,0.000,0.100,0.000,0.000,0.900,0.000,2.000,8.415,0.006,0.006,5.000
30.010,3750.000,124.960,257.816,246.739,0.000,270.000,0.001,0.006,7.785,18.000,0.000,614.000,469.000,5.000,0.000,0.000,0.000,0.100,0.000,0.000,0.900,0.000,2.000,8.415,0.006,0.006,5.000
30.010,3751.000,124.993,257.773,246.784,0.000,270.000,0.001,0.006,7.785,18.000,0.000,614.000,469.000,5.000,0.000,0.000,0.000,0.100,0.000,0.000,0.900,0.000,2.000,8.415,0.006,0.006,5.000
30.010,3752.000,125.026,258.083,246.590,0.000,270.000,0.001,0.006,7.785,18.000,0.000,614.000,469.000,5.000,0.000,0.000,0.000,0.100,0.000,0.000,0.900,0.000,2.000,8.415,0.006,0.006,5.000
30.000,3753.000,125.100,258.197,246.520,0.000,270.000,0.001,0.001,7.785,18.000,0.000,614.000,469.000,5.000,0.000,0.000,0.000,0.100,0.000,0.000,0.900,0.000,2.000,2.222,0.001,0.001,5.000
30.000,3754.000,125.133,258.145,246.403,0.000,270.000,0.001,0.001,7.785,18.000,0.000,614.000,469.000,5.000,0.000,0.000,0.000,0.100,0.000,0.000,0.900,0.000,2.000,2.222,0.001,0.001,5.000
30.000,3755.000,125.167,258.358,246.229,0.000,270.000,0.001,0.001,7.785,18.000,0.000,614.000,469.000,5.000,0.000,0.000,0.000,0.100,0.000,0.000,0.900,0.000,2.000,2.222,0.001,0.001,5.000
30.000,3756.000,125.200,258.264,246.351,0.000,270.000,0.001,0.001,7.785,18.000,0.000,614.000,469.000,5.000,0.000,0.000,0.000,0.100,0.000,0.000,0.900,0.000,2.000,2.222,0.001,0.001,5.000
30.000,3757.000,125.233,258.193,246.311,0.000,270.000,0.001,0.001,7.785,18.000,0.000,614.000,469.000,5.000,0.000,0.000,0.000,0.100,0.000,0.000,0.900,0.000,2.000,2.222,0.001,0.001,5.000
30.000,3758.000,125.267,258.152,246.461,0.000,270.000,0.001,0.001,7.785,18.000,0.000,614.000,469.000,5.000,0.000,0.000,0.000,0.100,0.000,0.000,0.900,0.000,2.000,2.222,0.001,0.001,5.000
30.000,3759.000,125.300,258.552,246.526,0.000,270.000,0.001,0.007,7.785,18.000,0.000,614.000,469.000,5.000,0.000,0.000,0.000,0.100,0.000,0.000,0.900,0.000,2.000,6.077,0.007,0.007,5.000
30.000,3760.000,125.333,258.600,246.255,0.000,270.000,0.001,0.007,7.785,18.000,0.000,614.000,469.000,5.000,0.000,0.000,0.000,0.100,0.000,0.000,0.900,0.000,2.000,6.077,0.007,0.007,5.000
30.000,3761.000,125.367,258.627,246.029,0.000,270.000,0.001,0.007,7.785,18.000,0.000,614.000,469.000,5.000,0.000,0.000,0.000,0.100,0.000,0.000,0.900,0.000,2.000,6.077,0.007,0.007,5.000
30.000,3762.000,125.400,258.574,246.319,0.000,270.000,0.001,0.007,7.785,18.000,0.000,614.000,469.000,5.000,0.000,0.000,0.000,0.100,0.000,0.000,0.900,0.000,2.000,6.077,0.007,0.007,5.000
30.000,3763.000,125.433,258.545,246.389,0.000,270.000,0.001,0.007,7.785,18.000,0.000,614.000,469.000,5.000,0.000,0.000,0.000,0.100,0.000,0.000,0.900,0.000,2.000,6.077,0.007,0.007,5.000
30.000,3764.000,125.467,258.521,246.241,0.000,270.000,0.001,0.007,7.785,18.000,0.000,614.000,469.000,5.000,0.000,0.000,0.000,0.100,0.000,0.000,0.900,0.000,2.000,6.077,0.007,0.007,5.000
30.000,3765.000,125.500,258.796,246.439,0.000,270.000,0.001,0.001,7.785,18.000,0.000,614.000,469.000,5.000,0.000,0.000,0.000,0.100,0.000,0.000,0.900,0.000,2.000,3.457,0.001,0.001,5.000
30.000,3766.000,125.533,259.026,246.570,0.000,270.000,0.001,0.001,7.785,18.000,0.000,614.000,469.000,5.000,0.000,0.000,0.000,0.100,0.000,0.000,0.900,0.000,2.000,3.457,0.001,0.001,5.000
30.000,3767.000,125.567,259.148,246.532,0.000,270.000,0.001,0.001,7.785,18.000,0.000,614.000,469.000,5.000,0.000,0.000,0.000,0.100,0.000,0.000,0.900,0.000,2.000,3.457,0.001,0.001,5.000
30.000,3768.000,125.600,258.963,246.675,0.000,270.000,0.001,0.001,7.785,18.000,0.000,614.000,469.000,5.000,0.000,0.000,0.000,0.100,0.000,0.000,0.900,0.000,2.000,3.457,0.001,0.001,5.000
30.000,3769.000,125.633,258.837,246.528,0.000,270.000,0.001,0.001,7.785,18.000,0.000,614.000,469.000,5.000,0.000,0.000,0.000,0.100,0.000,0.000,0.900,0.000,2.000,3.457,0.001,0.001,5.000
30.000,3770.000,125.667,259.035,246.420,0.000,270.000,0.001,0.001,7.785,18.000,0.000,614.000,469.000,5.000,0.000,0.000,0.000,0.100,0.000,0.000,0.900,0.000,2.000,3.457,0.001,0.001,5.000
30.000,3771.000,125.700,259.031,246.388,0.000,270.000,0.001,0.000,7.785,18.000,0.000,614.000,469.000,5.000,0.000,0.000,0.000,0.100,0.000,0.000,0.900,0.000,2.000,3.099,0.000,0.000,5.000
30.000,3772.000,125.733,259.203,246.463,0.000,270.000,0.001,0.000,7.785,18.000,0.000,614.000,469.000,5.000,0.000,0.000,0.000,0.100,0.000,0.000,0.900,0.000,2.000,3.099,0.000,0.000,5.000
30.000,3773.000,125.767,259.775,246.442,0.000,270.000,0.001,0.000,7.785,18.000,0.000,614.000,469.000,5.000,0.000,0.000,0.000,0.100,0.000,0.000,0.900,0.000,2.000,3.099,0.000,0.000,5.000
30.000,3774.000,125.800,259.489,246.323,0.000,270.000,0.001,0.000,7.785,18.000,0.000,614.000,469.000,5.000,0.000,0.000,0.000,0.100,0.000,0.000,0.900,0.000,2.000,3.099,0.000,0.000,5.000
30.000,3775.000,125.833,259.518,246.185,0.000,270.000,0.001,0.000,7.785,18.000,0.000,614.000,469.000,5.000,0.000,0.000,0.000,0.100,0.000,0.000,0.900,0.000,2.000,3.099,0.000,0.000,5.000
30.000,3776.000,125.867,259.455,246.105,0.000,270.000,0.001,0.000,7.785,18.000,0.000,614.000,469.000,5.000,0.000,0.000,0.000,0.100,0.000,0.000,0.900,0.000,2.000,3.099,0.000,0.000,5.000
30.000,3777.000,125.900,259.426,246.002,0.000,270.000,0.001,0.008,7.785,18.000,0.000,614.000,469.000,5.000,0.000,0.000,0.000,0.100,0.000,0.000,0.900,0.000,2.000,7.318,0.008,0.008,5.000
30.000,3778.000,125.933,259.460,245.954,0.000,270.000,0.001,0.008,7.785,18.000,0.000,614.000,469.000,5.000,0.000,0.000,0.000,0.100,0.000,0.000,0.900,0.000,2.000,7.318,0.008,0.008,5.000
30.000,3779.000,125.967,259.485,245.846,0.000,270.000,0.001,0.008,7.785,18.000,0.000,614.000,469.000,5.000,0.000,0.000,0.000,0.100,0.000,0.000,0.900,0.000,2.000,7.318,0.008,0.008,5.000
30.000,3780.000,126.000,259.625,245.474,0.000,270.000,0.001,0.008,7.785,18.000,0.000,614.000,469.000,5.000,0.000,0.000,0.000,0.100,0.000,0.000,0.900,0.000,2.000,7.318,0.008,0.008,5.000
30.000,3781.000,126.033,259.576,245.422,0.000,270.000,0.001,0.008,7.785,18.000,0.000,614.000,469.000,5.000,0.000,0.000,0.000,0.100,0.000,0.000,0.900,0.000,2.000,7.318,0.008,0.008,5.000
30.000,3782.000,126.067,259.620,245.400,0.000,270.000,0.001,0.008,7.785,18.000,0.000,614.000,469.000,5.000,0.000,0.000,0.000,0.100,0.000,0.000,0.900,0.000,2.000,7.318,0.008,0.008,5.000
30.000,3783.000,126.100,259.755,245.402,0.000,270.000,0.001,0.008,7.785,18.000,0.000,614.000,469.000,5.000,0.000,0.000,0.000,0.100,0.000,0.000,0.900,0.000,2.000,7.349,0.008,0.008,5.000
30.000,3784.000,126.133,259.817,245.450,0.000,270.000,0.001,0.008,7.785,18.000,0.000,614.000,469.000,5.000,0.000,0.000,0.000,0.100,0.000,0.000,0.900,0.000,2.000,7.349,0.008,0.008,5.000
30.000,3785.000,126.167,259.613,245.461,0.000,270.000,0.001,0.008,7.785,18.000,0.000,614.000,469.000,5.000,0.000,0.000,0.000,0.100,0.000,0.000,0.900,0.000,2.000,7.349,0.008,0.008,5.000
30.000,3786.000,126.200,259.534,245.436,0.000,270.000,0.001,0.008,7.785,18.000,0.000,614.000,469.000,5.000,0.000,0.000,0.000,0.100,0.000,0.000,0.900,0.000,2.000,7.349,0.008,0.008,5.000
30.000,3787.000,126.233,259.423,245.237,0.000,270.000,0.001,0.008,7.785,18.000,0.000,614.000,469.000,5.000,0.000,0.000,0.000,0.100,0.000,0.000,0.900,0.000,2.000,7.349,0.008,0.008,5.000
30.000,3788.000,126.267,259.419,245.018,0.000,270.000,0.001,0.008,7.785,18.000,0.000,614.000,469.000,5.000,0.000,0.000,0.000,0.100,0.000,0.000,0.900,0.000,2.000,7.349,0.008,0.008,5.000
30.000,3789.000,126.300,259.376,245.109,0.000,270.000,0.001,0.001,7.785,18.000,0.000,614.000,469.000,5.000,0.000,0.000,0.000,0.100,0.000,0.000,0.900,0.000,2.000,2.302,0.001,0.001,5.000
30.000,3790.000,126.333,259.465,244.919,0.000,270.000,0.001,0.001,7.785,18.000,0.000,614.000,469.000,5.000,0.000,0.000,0.000,0.100,0.000,0.000,0.900,0.000,2.000,2.302,0.001,0.001,5.000
30.000,3791.000,126.367,259.529,244.614,0.000,270.000,0.001,0.001,7.785,18.000,0.000,614.000,469.000,5.000,0.000,0.000,0.000,0.100,0.000,0.000,0.900,0.000,2.000,2.302,0.001,0.001,5.000
30.000,3792.000,126.400,259.418,244.621,0.000,270.000,0.001,0.001,7.785,18.000,0.000,614.000,469.000,5.000,0.000,0.000,0.000,0.100,0.000,0.000,0.900,0.000,2.000,2.302,0.001,0.001,5.000
30.000,3793.000,126.433,259.489,244.919,0.000,270.000,0.001,0.001,7.785,18.000,0.000,614.000,469.000,5.000,0.000,0.000,0.000,0.100,0.000,0.000,0.900,0.000,2.000,2.302,0.001,0.001,5.000
30.000,3794.000,126.467,259.787,244.524,0.000,270.000,0.001,0.001,7.785,18.000,0.000,614.000,469.000,5.000,0.000,0.000,0.000,0.100,0.000,0.000,0.900,0.000,2.000,2.302,0.001,0.001,5.000
30.000,3795.000,126.500,259.626,244.338,0.000,270.000,0.001,0.004,7.785,18.000,0.000,614.000,469.000,5.000,0.000,0.000,0.000,0.100,0.000,0.000,0.900,0.000,2.000,3.121,0.004,0.004,5.000
30.000,3796.000,126.533,259.804,244.448,0.000,270.000,0.001,0.004,7.785,18.000,0.000,614.000,469.000,5.000,0.000,0.000,0.000,0.100,0.000,0.000,0.900,0.000,2.000,3.121,0.004,0.004,5.000
30.000,3797.000,126.567,259.758,244.545,0.000,270.000,0.001,0.004,7.785,18.000,0.000,614.000,469.000,5.000,0.000,0.000,0.000,0.100,0.000,0.000,0.900,0.000,2.000,3.121,0.004,0.004,5.000
30.000,3798.000,126.600,259.976,244.489,0.000,270.000,0.001,0.004,7.785,18.000,0.000,614.000,469.000,5.000,0.000,0.000,0.000,0.100,0.000,0.000,0.900,0.000,2.000,3.121,0.004,0.004,5.000
30.000,3799.000,126.633,260.154,244.323,0.000,270.000,0.001,0.004,7.785,18.000,0.000,614.000,469.000,5.000,0.000,0.000,0.000,0.100,0.000,0.000,0.900,0.000,2.000,3.121,0.004,0.004,5.000
30.000,3800.000,126.667,260.310,244.286,0.000,270.000,0.001,0.004,7.785,18.000,0.000,614.000,469.000,5.000,0.000,0.000,0.000,0.100,0.000,0.000,0.900,0.000,2.000,3.121,0.004,0.004,5.000
30.000,3801.000,126.700,260.207,244.465,0.000,270.000,0.001,0.010,7.785,18.000,0.000,614.000,469.000,5.000,0.000,0.000,0.000,0.100,0.000,0.000,0.900,0.000,2.000,8.572,0.010,0.010,5.000
30.000,3802.000,126.733,260.112,244.374,0.000,270.000,0.001,0.010,7.785,18.000,0.000,614.000,469.000,5.000,0.000,0.000,0.000,0.100,0.000,0.000,0.900,0.000,2.000,8.572,0.010,0.010,5.000
30.000,3803.000,126.767,260.257,243.974,0.000,270.000,0.001,0.010,7.785,18.000,0.000,614.000,469.000,5.000,0.000,0.000,0.000,0.100,0.000,0.000,0.900,0.000,2.000,8.572,0.010,0.010,5.000
30.000,3804.000,126.800,260.462,244.268,0.000,270.000,0.001,0.010,7.785,18.000,0.000,614.000,469.000,5.000,0.000,0.000,0.000,0.100,0.000,0.000,0.900,0.000,2.000,8.572,0.010,0.010,5.000
30.000,3805.000,126.833,260.444,244.015,0.000,270.000,0.001,0.010,7.785,18.000,0.000,614.000,469.000,5.000,0.000,0.000,0.000,0.100,0.000,0.000,0.900,0.000,2.000,8.572,0.010,0.010,5.000
30.000,3806.000,126.867,260.479,244.077,0.000,270.000,0.001,0.010,7.785,18.000,0.000,614.000,469.000,5.000,0.000,0.000,0.000,0.100,0.000,0.000,0.900,0.000,2.000,8.572,0.010,0.010,5.000
30.000,3807.000,126.900,260.866,243.927,0.000,270.000,0.001,0.005,7.785,18.000,0.000,614.000,469.000,5.000,0.000,0.000,0.000,0.100,0.000,0.000,0.900,0.000,2.000,4.062,0.005,0.005,5.000
30.000,3808.000,126.933,261.041,243.935,0.000,270.000,0.001,0.005,7.785,18.000,0.000,614.000,469.000,5.000,0.000,0.000,0.000,0.100,0.000,0.000,0.900,0.000,2.000,4.062,0.005,0.005,5.000
30.000,3809.000,126.967,261.063,244.161,0.000,270.000,0.001,0.005,7.785,18.000,0.000,614.000,469.000,5.000,0.000,0.000,0.000,0.100,0.000,0.000,0.900,0.000,2.000,4.062,0.005,0.005,5.000
30.000,3810.000,127.000,261.180,244.239,0.000,270.000,0.001,0.005,7.785,18.000,0.000,614.000,469.000,5.000,0.000,0.000,0.000,0.100,0.000,0.000,0.900,0.000,2.000,4.062,0.005,0.005,5.000
30.000,3811.000,127.033,261.277,244.179,0.000,270.000,0.001,0.005,7.785,18.000,0.000,614.000,469.000,5.000,0.000,0.000,0.000,0.100,0.000,0.000,0.900,0.000,2.000,4.062,0.005,0.005,5.000
30.000,3812.000,127.067,261.293,244.185,0.000,270.000,0.001,0.005,7.785,18.000,0.000,614.000,469.000,5.000,0.000,0.000,0.000,0.100,0.000,0.000,0.900,0.000,2.000,4.062,0.005,0.005,5.000
30.000,3813.000,127.100,261.314,244.115,0.000,270.000,0.001,0.004,7.785,18.000,0.000,614.000,469.000,5.000,0.000,0.000,0.000,0.100,0.000,0.000,0.900,0.000,2.000,8.144,0.004,0.004,5.000
30.000,3814.000,127.133,261.232,244.057,0.000,270.000,0.001,0.004,7.785,18.000,0.000,614.000,469.000,5.000,0.000,0.000,0.000,0.100,0.000,0.000,0.900,0.000,2.000,8.144,0.004,0.004,5.000
30.000,3815.000,127.167,261.680,244.178,0.000,270.000,0.001,0.004,7.785,18.000,0.000,614.000,469.000,5.000,0.000,0.000,0.000,0.100,0.000,0.000,0.900,0.000,2.000,8.144,0.004,0.004,5.000
30.000,3816.000,127.200,262.102,244.203,0.000,270.000,0.001,0.004,7.785,18.000,0.000,614.000,469.000,5.000,0.000,0.000,0.000,0.100,0.000,0.000,0.900,0.000,2.000,8.144,0.004,0.004,5.000
30.000,3817.000,127.233,262.097,243.965,0.000,270.000,0.001,0.004,7.785,18.000,0.000,614.000,469.000,5.000,0.000,0.000,0.000,0.100,0.000,0.000,0.900,0.000,2.000,8.144,0.004,0.004,5.000
30.000,3818.000,127.267,262.120,243.732,0.000,270.000,0.001,0.004,7.785,18.000,0.000,614.000,469.000,5.000,0.000,0.000,0.000,0.100,0.000,0.000,0.900,0.000,2.000,8.144,0.004,0.004,5.000
30.000,3819.000,127.300,262.291,243.531,0.000,270.000,0.001,0.007,7.785,18.000,0.000,614.000,469.000,5.000,0.000,0.000,0.000,0.100,0.000,0.000,0.900,0.000,2.000,8.135,0.007,0.007,5.000
30.000,3820.000,127.333,262.353,243.410,0.000,270.000,0.001,0.007,7.785,18.000,0.000,614.000,469.000,5.000,0.000,0.000,0.000,0.100,0.000,0.000,0.900,0.000,2.000,8.135,0.007,0.007,5.000
30.000,3821.000,127.367,262.354,243.398,0.000,270.000,0.001,0.007,7.785,18.000,0.000,614.000,469.000,5.000,0.000,0.000,0.000,0.100,0.000,0.000,0.900,0.000,2.000,8.135,0.007,0.007,5.000
30.000,3822.000,127.400,262.425,243.197,0.000,270.000,0.001,0.007,7.785,18.000,0.000,614.000,469.000,5.000,0.000,0.000,0.000,0.100,0.000,0.000,0.900,0.000,2.000,8.135,0.007,0.007,5.000
30.000,3823.000,127.433,262.537,243.269,0.000,270.000,0.001,0.007,7.785,18.000,0.000,614.000,469.000,5.000,0.000,0.000,0.000,0.100,0.000,0.000,0.900,0.000,2.000,8.135,0.007,0.007,5.000
30.000,3824.000,127.467,262.370,243.228,0.000,270.000,0.001,0.007,7.785,18.000,0.000,614.000,469.000,5.000,0.000,0.000,0.000,0.100,0.000,0.000,0.900,0.000,2.000,8.135,0.007,0.007,5.000
30.000,3825.000,127.500,262.424,243.206,0.000,270.000,0.001,0.010,7.785,18.000,0.000,614.000,469.000,5.000,0.000,0.000,0.000,0.100,0.000,0.000,0.900,0.000,2.000,7.909,0.010,0.010,5.000
30.000,3826.000,127.533,262.413,243.022,0.000,270.000,0.001,0.010,7.785,18.000,0.000,614.000,469.000,5.000,0.000,0.000,0.000,0.100,0.000,0.000,0.900,0.000,2.000,7.909,0.010,0.010,5.000
30.000,3827.000,127.567,262.404,242.604,0.000,270.000,0.001,0.010,7.785,18.000,0.000,614.000,469.000,5.000,0.000,0.000,0.000,0.100,0.000,0.000,0.900,0.000,2.000,7.909,0.010,0.010,5.000
30.000,3828.000,127.600,262.426,242.354,0.000,270.000,0.001,0.010,7.785,18.000,0.000,614.000,469.000,5.000,0.000,0.000,0.000,0.100,0.000,0.000,0.900,0.000,2.000,7.909,0.010,0.010,5.000
30.000,3829.000,127.633,262.482,242.323,0.000,270.000,0.001,0.010,7.785,18.000,0.000,614.000,469.000,5.000,0.000,0.000,0.000,0.100,0.000,0.000,0.900,0.000,2.000,7.909,0.010,0.010,5.000
30.000,3830.000,127.667,262.439,242.223,0.000,270.000,0.001,0.010,7.785,18.000,0.000,614.000,469.000,5.000,0.000,0.000,0.000,0.100,0.000,0.000,0.900,0.000,2.000,7.909,0.010,0.010,5.000
30.000,3831.000,127.700,262.543,242.306,0.000,270.000,0.001,0.009,7.785,18.000,0.000,614.000,469.000,5.000,0.000,0.000,0.000,0.100,0.000,0.000,0.900,0.000,2.000,9.091,0.009,0.009,5.000
30.000,3832.000,127.733,262.384,242.202,0.000,270.000,0.001,0.009,7.785,18.000,0.000,614.000,469.000,5.000,0.000,0.000,0.000,0.100,0.000,0.000,0.900,0.000,2.000,9.091,0.009,0.009,5.000
30.000,3833.000,127.767,262.883,242.069,0.000,270.000,0.001,0.009,7.785,18.000,0.000,614.000,469.000,5.000,0.000,0.000,0.000,0.100,0.000,0.000,0.900,0.000,2.000,9.091,0.009,0.009,5.000
30.000,3834.000,127.800,262.921,241.965,0.000,270.000,0.001,0.009,7.785,18.000,0.000,614.000,469.000,5.000,0.000,0.000,0.000,0.100,0.000,0.000,0.900,0.000,2.000,9.091,0.009,0.009,5.000
30.000,3835.000,127.833,263.127,241.963,0.000,270.000,0.001,0.009,7.785,18.000,0.000,614.000,469.000,5.000,0.000,0.000,0.000,0.100,0.000,0.000,0.900,0.000,2.000,9.091,0.009,0.009,5.000
30.000,3836.000,127.867,263.128,241.993,0.000,270.000,0.001,0.009,7.785,18.000,0.000,614.000,469.000,5.000,0.000,0.000,0.000,0.100,0.000,0.000,0.900,0.000,2.000,9.091,0.009,0.009,5.000
30.000,3837.000,127.900,263.298,241.614,0.000,270.000,0.001,0.008,7.785,18.000,0.000,614.000,469.000,5.000,0.000,0.000,0.000,0.100,0.000,0.000,0.900,0.000,2.000,7.101,0.008,0.008,5.000
30.000,3838.000,127.933,263.283,241.383,0.000,270.000,0.001,0.008,7.785,18.000,0.000,614.000,469.000,5.000,0.000,0.000,0.000,0.100,0.000,0.000,0.900,0.000,2.000,7.101,0.008,0.008,5.000
30.000,3839.000,127.967,263.312,241.262,0.000,270.000,0.001,0.008,7.785,18.000,0.000,614.000,469.000,5.000,0.000,0.000,0.000,0.100,0.000,0.000,0.900,0.000,2.000,7.101,0.008,0.008,5.000
30.000,3840.000,128.000,263.306,241.152,0.000,270.000,0.001,0.008,7.785,18.000,0.000,614.000,469.000,5.000,0.000,0.000,0.000,0.100,0.000,0.000,0.900,0.000,2.000,7.101,0.008,0.008,5.000
30.000,3841.000,128.033,263.297,241.022,0.000,270.000,0.001,0.008,7.785,18.000,0.000,614.000,469.000,5.000,0.000,0.000,0.000,0.100,0.000,0.000,0.900,0.000,2.000,7.101,0.008,0.008,5.000
30.000,3842.000,128.067,263.370,241.015,0.000,270.000,0.001,0.008,7.785,18.000,0.000,614.000,469.000,5.000,0.000,0.000,0.000,0.100,0.000,0.000,0.900,0.000,2.000,7.101,0.008,0.008,5.000
30.000,3843.000,128.100,263.594,240.910,0.000,270.000,0.001,0.011,7.785,18.000,0.000,614.000,469.000,5.000,0.000,0.000,0.000,0.100,0.000,0.000,0.900,0.000,2.000,9.176,0.011,0.011,5.000
30.000,3844.000,128.133,263.891,240.728,0.000,270.000,0.001,0.011,7.785,18.000,0.000,614.000,469.000,5.000,0.000,0.000,0.000,0.100,0.000,0.000,0.900,0.000,2.000,9.176,0.011,0.011,5.000
30.000,3845.000,128.167,263.849,240.829,0.000,270.000,0.001,0.011,7.785,18.000,0.000,614.000,469.000,5.000,0.000,0.000,0.000,0.100,0.000,0.000,0.900,0.000,2.000,9.176,0.011,0.011,5.000
30.000,3846.000,128.200,264.069,240.589,0.000,270.000,0.001,0.011,7.785,18.000,0.000,614.000,469.000,5.000,0.000,0.000,0.000,0.100,0.000,0.000,0.900,0.000,2.000,9.176,0.011,0.011,5.000
30.000,3847.000,128.233,264.260,240.538,0.000,270.000,0.001,0.011,7.785,18.000,0.000,614.000,469.000,5.000,0.000,0.000,0.000,0.100,0.000,0.000,0.900,0.000,2.000,9.176,0.011,0.011,5.000
30.000,3848.000,128.267,264.233,240.511,0.000,270.000,0.001,0.011,7.785,18.000,0.000,614.000,469.000,5.000,0.000,0.000,0.000,0.100,0.000,0.000,0.900,0.000,2.000,9.176,0.011,0.011,5.000
30.000,3849.000,128.300,264.371,240.459,0.000,270.000,0.001,0.011,7.785,18.000,0.000,614.000,469.000,5.000,0.000,0.000,0.000,0.100,0.000,0.000,0.900,0.000,2.000,10.347,0.011,0.011,5.000
30.000,3850.000,128.333,264.428,240.626,0.000,270.000,0.001,0.011,7.785,18.000,0.000,614.000,469.000,5.000,0.000,0.000,0.000,0.100,0.000,0.000,0.900,0.000,2.000,10.347,0.011,0.011,5.000
30.000,3851.000,128.367,265.004,240.521,0.000,270.000,0.001,0.011,7.785,18.000,0.000,614.000,469.000,5.000,0.000,0.000,0.000,0.100,0.000,0.000,0.900,0.000,2.000,10.347,0.011,0.011,5.000
30.000,3852.000,128.400,265.052,240.455,0.000,270.000,0.001,0.011,7.785,18.000,0.000,614.000,469.000,5.000,0.000,0.000,0.000,0.100,0.000,0.000,0.900,0.000,2.000,10.347,0.011,0.011,5.000
30.000,3853.000,128.433,265.263,240.235,0.000,270.000,0.001,0.011,7.785,18.000,0.000,614.000,469.000,5.000,0.000,0.000,0.000,0.100,0.000,0.000,0.900,0.000,2.000,10.347,0.011,0.011,5.000
30.000,3854.000,128.467,265.484,240.307,0.000,270.000,0.001,0.011,7.785,18.000,0.000,614.000,469.000,5.000,0.000,0.000,0.000,0.100,0.000,0.000,0.900,0.000,2.000,10.347,0.011,0.011,5.000
30.000,3855.000,128.500,265.363,240.298,0.000,270.000,0.001,0.010,7.785,18.000,0.000,614.000,469.000,5.000,0.000,0.000,0.000,0.100,0.000,0.000,0.900,0.000,2.000,10.059,0.010,0.010,5.000
30.000,3856.000,128.533,265.523,240.244,0.000,270.000,0.001,0.010,7.785,18.000,0.000,614.000,469.000,5.000,0.000,0.000,0.000,0.100,0.000,0.000,0.900,0.000,2.000,10.059,0.010,0.010,5.000
30.000,3857.000,128.567,265.359,239.780,0.000,270.000,0.001,0.010,7.785,18.000,0.000,614.000,469.000,5.000,0.000,0.000,0.000,0.100,0.000,0.000,0.900,0.000,2.000,10.059,0.010,0.010,5.000
30.000,3858.000,128.600,265.440,239.886,0.000,270.000,0.001,0.010,7.785,18.000,0.000,614.000,469.000,5.000,0.000,0.000,0.000,0.100,0.000,0.000,0.900,0.000,2.000,10.059,0.010,0.010,5.000
30.000,3859.000,128.633,265.657,239.447,0.000,270.000,0.001,0.010,7.785,18.000,0.000,614.000,469.000,5.000,0.000,0.000,0.000,0.100,0.000,0.000,0.900,0.000,2.000,10.059,0.010,0.010,5.000
30.000,3860.000,128.667,265.597,239.397,0.000,270.000,0.001,0.010,7.785,18.000,0.000,614.000,469.000,5.000,0.000,0.000,0.000,0.100,0.000,0.000,0.900,0.000,2.000,10.059,0.010,0.010,5.000
30.000,3861.000,128.700,265.776,239.415,0.000,270.000,0.001,0.010,7.785,18.000,0.000,614.000,469.000,5.000,0.000,0.000,0.000,0.100,0.000,0.000,0.900,0.000,2.000,8.457,0.010,0.010,5.000
30.000,3862.000,128.733,265.959,239.213,0.000,270.000,0.001,0.010,7.785,18.000,0.000,614.000,469.000,5.000,0.000,0.000,0.000,0.100,0.000,0.000,0.900,0.000,2.000,8.457,0.010,0.010,5.000
30.000,3863.000,128.767,266.044,239.083,0.000,270.000,0.001,0.010,7.785,18.000,0.000,614.000,469.000,5.000,0.000,0.000,0.000,0.100,0.000,0.000,0.900,0.000,2.000,8.457,0.010,0.010,5.000
30.000,3864.000,128.800,266.089,239.159,0.000,270.000,0.001,0.010,7.785,18.000,0.000,614.000,469.000,5.000,0.000,0.000,0.000,0.100,0.000,0.000,0.900,0.000,2.000,8.457,0.010,0.010,5.000
30.000,3865.000,128.833,266.160,239.107,0.000,270.000,0.001,0.010,7.785,18.000,0.000,614.000,469.000,5.000,0.000,0.000,0.000,0.100,0.000,0.000,0.900,0.000,2.000,8.457,0.010,0.010,5.000
30.000,3866.000,128.867,266.274,239.183,0.000,270.000,0.001,0.010,7.785,18.000,0.000,614.000,469.000,5.000,0.000,0.000,0.000,0.100,0.000,0.000,0.900,0.000,2.000,8.457,0.010,0.010,5.000
30.000,3867.000,128.900,266.293,239.129,0.000,270.000,0.001,0.007,7.785,18.000,0.000,614.000,469.000,5.000,0.000,0.000,0.000,0.100,0.000,0.000,0.900,0.000,2.000,5.830,0.007,0.007,5.000
30.000,3868.000,128.933,266.157,239.096,0.000,270.000,0.001,0.007,7.785,18.000,0.000,614.000,469.000,5.000,0.000,0.000,0.000,0.100,0.000,0.000,0.900,0.000,2.000,5.830,0.007,0.007,5.000
30.000,3869.000,128.967,266.188,238.976,0.000,270.000,0.001,0.007,7.785,18.000,0.000,614.000,469.000,5.000,0.000,0.000,0.000,0.100,0.000,0.000,0.900,0.000,2.000,5.830,0.007,0.007,5.000
30.000,3870.000,129.000,266.325,239.002,0.000,270.000,0.001,0.007,7.785,18.000,0.000,614.000,469.000,5.000,0.000,0.000,0.000,0.100,0.000,0.000,0.900,0.000,2.000,5.830,0.007,0.007,5.000
30.000,3871.000,129.033,266.472,238.565,0.000,270.000,0.001,0.007,7.785,18.000,0.000,614.000,469.000,5.000,0.000,0.000,0.000,0.100,0.000,0.000,0.900,0.000,2.000,5.830,0.007,0.007,5.000
30.000,3872.000,129.067,266.464,238.534,0.000,270.000,0.001,0.007,7.785,18.000,0.000,614.000,469.000,5.000,0.000,0.000,0.000,0.100,0.000,0.000,0.900,0.000,2.000,5.830,0.007,0.007,5.000
30.000,3873.000,129.100,266.632,238.523,0.000,270.000,0.001,0.007,7.785,18.000,0.000,614.000,469.000,5.000,0.000,0.000,0.000,0.100,0.000,0.000,0.900,0.000,2.000,6.007,0.007,0.007,5.000
30.010,3874.000,129.092,266.394,238.511,0.000,270.000,0.001,0.007,7.785,18.000,0.000,614.000,469.000,5.000,0.000,0.000,0.000,0.100,0.000,0.000,0.900,0.000,2.000,6.007,0.007,0.007,5.000
30.010,3875.000,129.125,266.439,238.504,0.000,270.000,0.001,0.007,7.785,18.000,0.000,614.000,469.000,5.000,0.000,0.000,0.000,0.100,0.000,0.000,0.900,0.000,2.000,6.007,0.007,0.007,5.000
30.010,3876.000,129.158,266.642,238.377,0.000,270.000,0.001,0.007,7.785,18.000,0.000,614.000,469.000,5.000,0.000,0.000,0.000,0.100,0.000,0.000,0.900,0.000,2.000,6.007,0.007,0.007,5.000
30.010,3877.000,129.192,266.599,238.303,0.000,270.000,0.001,0.007,7.785,18.000,0.000,614.000,469.000,5.000,0.000,0.000,0.000,0.100,0.000,0.000,0.900,0.000,2.000,6.007,0.007,0.007,5.000
30.010,3878.000,129.225,266.895,238.131,0.000,270.000,0.001,0.007,7.785,18.000,0.000,614.000,469.000,5.000,0.000,0.000,0.000,0.100,0.000,0.000,0.900,0.000,2.000,6.007,0.007,0.007,5.000
30.010,3879.000,129.258,267.009,237.859,0.000,270.000,0.001,0.003,7.785,18.000,0.000,614.000,469.000,5.000,0.000,0.000,0.000,0.100,0.000,0.000,0.900,0.000,2.000,2.798,0.003,0.003,5.000
30.010,3880.000,129.292,267.133,237.711,0.000,270.000,0.001,0.003,7.785,18.000,0.000,614.000,469.000,5.000,0.000,0.000,0.000,0.100,0.000,0.000,0.900,0.000,2.000,2.798,0.003,0.003,5.000
30.010,3881.000,129.325,267.143,237.467,0.000,270.000,0.001,0.003,7.785,18.000,0.000,614.000,469.000,5.000,0.000,0.000,0.000,0.100,0.000,0.000,0.900,0.000,2.000,2.798,0.003,0.003,5.000
30.010,3882.000,129.358,267.303,237.394,0.000,270.000,0.001,0.003,7.785,18.000,0.000,614.000,469.000,5.000,0.000,0.000,0.000,0.100,0.000,0.000,0.900,0.000,2.000,2.798,0.003,0.003,5.000
30.010,3883.000,129.392,267.422,237.419,0.000,270.000,0.001,0.003,7.785,18.000,0.000,614.000,469.000,5.000,0.000,0.000,0.000,0.100,0.000,0.000,0.900,0.000,2.000,2.798,0.003,0.003,5.000
30.010,3884.000,129.425,267.648,237.273,0.000,270.000,0.001,0.003,7.785,18.000,0.000,614.000,469.000,5.000,0.000,0.000,0.000,0.100,0.000,0.000,0.900,0.000,2.000,2.798,0.003,0.003,5.000
30.010,3885.000,129.458,267.882,237.615,0.000,270.000,0.001,0.014,7.785,18.000,0.000,614.000,469.000,5.000,0.000,0.000,0.000,0.100,0.000,0.000,0.900,0.000,2.000,11.588,0.014,0.014,5.000
30.010,3886.000,129.492,267.729,237.456,0.000,270.000,0.001,0.014,7.785,18.000,0.000,614.000,469.000,5.000,0.000,0.000,0.000,0.100,0.000,0.000,0.900,0.000,2.000,11.588,0.014,0.014,5.000
30.010,3887.000,129.525,267.801,237.199,0.000,270.000,0.001,0.014,7.785,18.000,0.000,614.000,469.000,5.000,0.000,0.000,0.000,0.100,0.000,0.000,0.900,0.000,2.000,11.588,0.014,0.014,5.000
30.010,3888.000,129.558,267.616,236.985,0.000,270.000,0.001,0.014,7.785,18.000,0.000,614.000,469.000,5.000,0.000,0.000,0.000,0.100,0.000,0.000,0.900,0.000,2.000,11.588,0.014,0.014,5.000
30.010,3889.000,129.592,267.543,236.965,0.000,270.000,0.001,0.014,7.785,18.000,0.000,614.000,469.000,5.000,0.000,0.000,0.000,0.100,0.000,0.000,0.900,0.000,2.000,11.588,0.014,0.014,5.000
30.010,3890.000,129.625,267.574,237.106,0.000,270.000,0.001,0.014,7.785,18.000,0.000,614.000,469.000,5.000,0.000,0.000,0.000,0.100,0.000,0.000,0.900,0.000,2.000,11.588,0.014,0.014,5.000
30.010,3891.000,129.658,267.993,236.778,0.000,270.000,0.001,0.005,7.785,18.000,0.000,614.000,469.000,5.000,0.000,0.000,0.000,0.100,0.000,0.000,0.900,0.000,2.000,4.514,0.005,0.005,5.000
30.010,3892.000,129.691,268.308,237.116,0.000,270.000,0.001,0.005,7.785,18.000,0.000,614.000,469.000,5.000,0.000,0.000,0.000,0.100,0.000,0.000,0.900,0.000,2.000,4.514,0.005,0.005,5.000
30.010,3893.000,129.725,268.202,237.144,0.000,270.000,0.001,0.005,7.785,18.000,0.000,614.000,469.000,5.000,0.000,0.000,0.000,0.100,0.000,0.000,0.900,0.000,2.000,4.514,0.005,0.005,5.000
30.010,3894.000,129.758,268.212,236.942,0.000,270.000,0.001,0.005,7.785,18.000,0.000,614.000,469.000,5.000,0.000,0.000,0.000,0.100,0.000,0.000,0.900,0.000,2.000,4.514,0.005,0.005,5.000
30.010,3895.000,129.791,268.672,236.564,0.000,270.000,0.001,0.005,7.785,18.000,0.000,614.000,469.000,5.000,0.000,0.000,0.000,0.100,0.000,0.000,0.900,0.000,2.000,4.514,0.005,0.005,5.000
30.010,3896.000,129.825,269.009,236.437,0.000,270.000,0.001,0.005,7.785,18.000,0.000,614.000,469.000,5.000,0.000,0.000,0.000,0.100,0.000,0.000,0.900,0.000,2.000,4.514,0.005,0.005,5.000
30.010,3897.000,129.858,269.160,236.205,0.000,270.000,0.001,0.012,7.785,18.000,0.000,614.000,469.000,5.000,0.000,0.000,0.000,0.100,0.000,0.000,0.900,0.000,2.000,11.503,0.012,0.012,5.000
30.010,3898.000,129.891,269.254,236.157,0.000,270.000,0.001,0.012,7.785,18.000,0.000,614.000,469.000,5.000,0.000,0.000,0.000,0.100,0.000,0.000,0.900,0.000,2.000,11.503,0.012,0.012,5.000
30.010,3899.000,129.925,269.262,235.730,0.000,270.000,0.001,0.012,7.785,18.000,0.000,614.000,469.000,5.000,0.000,0.000,0.000,0.100,0.000,0.000,0.900,0.000,2.000,11.503,0.012,0.012,5.000
30.010,3900.000,129.958,269.378,235.697,0.000,270.000,0.001,0.012,7.785,18.000,0.000,614.000,469.000,5.000,0.000,0.000,0.000,0.100,0.000,0.000,0.900,0.000,2.000,11.503,0.012,0.012,5.000
30.010,3901.000,129.991,269.903,235.559,0.000,270.000,0.001,0.012,7.785,18.000,0.000,614.000,469.000,5.000,0.000,0.000,0.000,0.100,0.000,0.000,0.900,0.000,2.000,11.503,0.012,0.012,5.000
30.010,3902.000,130.025,269.820,235.515,0.000,270.000,0.001,0.012,7.785,18.000,0.000,614.000,469.000,5.000,0.000,0.000,0.000,0.100,0.000,0.000,0.900,0.000,2.000,11.503,0.012,0.012,5.000
30.010,3903.000,130.058,270.036,235.830,0.000,270.000,0.001,0.018,7.785,18.000,0.000,614.000,469.000,5.000,0.000,0.000,0.000,0.100,0.000,0.000,0.900,0.000,2.000,15.257,0.018,0.018,5.000
29.970,3904.000,130.263,270.110,235.490,0.000,270.000,0.001,0.018,7.785,18.000,0.000,614.000,469.000,5.000,0.000,0.000,0.000,0.100,0.000,0.000,0.900,0.000,2.000,15.257,0.018,0.018,5.000
29.970,3905.000,130.297,269.994,235.503,0.000,270.000,0.001,0.018,7.785,18.000,0.000,614.000,469.000,5.000,0.000,0.000,0.000,0.100,0.000,0.000,0.900,0.000,2.000,15.257,0.018,0.018,5.000
29.970,3906.000,130.330,269.830,235.413,0.000,270.000,0.001,0.018,7.785,18.000,0.000,614.000,469.000,5.000,0.000,0.000,0.000,0.100,0.000,0.000,0.900,0.000,2.000,15.257,0.018,0.018,5.000
29.970,3907.000,130.364,270.133,235.278,0.000,270.000,0.001,0.018,7.785,18.000,0.000,614.000,469.000,5.000,0.000,0.000,0.000,0.100,0.000,0.000,0.900,0.000,2.000,15.257,0.018,0.018,5.000
29.970,3908.000,130.397,270.081,234.947,0.000,270.000,0.001,0.018,7.785,18.000,0.000,614.000,469.000,5.000,0.000,0.000,0.000,0.100,0.000,0.000,0.900,0.000,2.000,15.257,0.018,0.018,5.000
29.970,3909.000,130.430,270.148,234.983,0.000,270.000,0.001,0.004,7.785,18.000,0.000,614.000,469.000,5.000,0.000,0.000,0.000,0.100,0.000,0.000,0.900,0.000,2.000,3.481,0.004,0.004,5.000
29.970,3910.000,130.464,270.227,235.063,0.000,270.000,0.001,0.004,7.785,18.000,0.000,614.000,469.000,5.000,0.000,0.000,0.000,0.100,0.000,0.000,0.900,0.000,2.000,3.481,0.004,0.004,5.000
29.970,3911.000,130.497,270.147,235.207,0.000,270.000,0.001,0.004,7.785,18.000,0.000,614.000,469.000,5.000,0.000,0.000,0.000,0.100,0.000,0.000,0.900,0.000,2.000,3.481,0.004,0.004,5.000
29.970,3912.000,130.530,270.192,235.171,0.000,270.000,0.001,0.004,7.785,18.000,0.000,614.000,469.000,5.000,0.000,0.000,0.000,0.100,0.000,0.000,0.900,0.000,2.000,3.481,0.004,0.004,5.000
29.970,3913.000,130.564,270.286,234.951,0.000,270.000,0.001,0.004,7.785,18.000,0.000,614.000,469.000,5.000,0.000,0.000,0.000,0.100,0.000,0.000,0.900,0.000,2.000,3.481,0.004,0.004,5.000
29.970,3914.000,130.597,270.412,234.736,0.000,270.000,0.001,0.004,7.785,18.000,0.000,614.000,469.000,5.000,0.000,0.000,0.000,0.100,0.000,0.000,0.900,0.000,2.000,3.481,0.004,0.004,5.000
29.970,3915.000,130.631,270.574,234.778,0.000,270.000,0.001,0.004,7.785,18.000,0.000,614.000,469.000,5.000,0.000,0.000,0.000,0.100,0.000,0.000,0.900,0.000,2.000,3.474,0.004,0.004,5.000
29.970,3916.000,130.664,270.487,234.610,0.000,270.000,0.001,0.004,7.785,18.000,0.000,614.000,469.000,5.000,0.000,0.000,0.000,0.100,0.000,0.000,0.900,0.000,2.000,3.474,0.004,0.004,5.000
29.970,3917.000,130.697,270.566,234.508,0.000,270.000,0.001,0.004,7.785,18.000,0.000,614.000,469.000,5.000,0.000,0.000,0.000,0.100,0.000,0.000,0.900,0.000,2.000,3.474,0.004,0.004,5.000
29.970,3918.000,130.731,270.651,234.422,0.000,270.000,0.001,0.004,7.785,18.000,0.000,614.000,469.000,5.000,0.000,0.000,0.000,0.100,0.000,0.000,0.900,0.000,2.000,3.474,0.004,0.004,5.000
29.970,3919.000,130.764,271.103,234.321,0.000,270.000,0.001,0.004,7.785,18.000,0.000,614.000,469.000,5.000,0.000,0.000,0.000,0.100,0.000,0.000,0.900,0.000,2.000,3.474,0.004,0.004,5.000
29.970,3920.000,130.797,271.158,234.351,0.000,270.000,0.001,0.004,7.785,18.000,0.000,614.000,469.000,5.000,0.000,0.000,0.000,0.100,0.000,0.000,0.900,0.000,2.000,3.474,0.004,0.004,5.000
29.970,3921.000,130.831,271.381,233.842,0.000,270.000,0.001,0.012,7.785,18.000,0.000,614.000,469.000,5.000,0.000,0.000,0.000,0.100,0.000,0.000,0.900,0.000,2.000,9.899,0.012,0.012,5.000
29.970,3922.000,130.864,271.540,233.902,0.000,270.000,0.001,0.012,7.785,18.000,0.000,614.000,469.000,5.000,0.000,0.000,0.000,0.100,0.000,0.000,0.900,0.000,2.000,9.899,0.012,0.012,5.000
29.970,3923.000,130.897,271.524,234.101,0.000,270.000,0.001,0.012,7.785,18.000,0.000,614.000,469.000,5.000,0.000,0.000,0.000,0.100,0.000,0.000,0.900,0.000,2.000,9.899,0.012,0.012,5.000
29.970,3924.000,130.931,271.512,234.253,0.000,270.000,0.001,0.012,7.785,18.000,0.000,614.000,469.000,5.000,0.000,0.000,0.000,0.100,0.000,0.000,0.900,0.000,2.000,9.899,0.012,0.012,5.000
29.970,3925.000,130.964,271.907,234.278,0.000,270.000,0.001,0.012,7.785,18.000,0.000,614.000,469.000,5.000,0.000,0.000,0.000,0.100,0.000,0.000,0.900,0.000,2.000,9.899,0.012,0.012,5.000
29.970,3926.000,130.998,272.340,234.075,0.000,270.000,0.001,0.012,7.785,18.000,0.000,614.000,469.000,5.000,0.000,0.000,0.000,0.100,0.000,0.000,0.900,0.000,2.000,9.899,0.012,0.012,5.000
29.970,3927.000,131.031,272.552,234.073,0.000,270.000,0.001,0.006,7.785,18.000,0.000,614.000,469.000,5.000,0.000,0.000,0.000,0.100,0.000,0.000,0.900,0.000,2.000,7.727,0.006,0.006,5.000
29.970,3928.000,131.064,272.521,233.591,0.000,270.000,0.001,0.006,7.785,18.000,0.000,614.000,469.000,5.000,0.000,0.000,0.000,0.100,0.000,0.000,0.900,0.000,2.000,7.727,0.006,0.006,5.000
29.970,3929.000,131.098,272.673,233.273,0.000,270.000,0.001,0.006,7.785,18.000,0.000,614.000,469.000,5.000,0.000,0.000,0.000,0.100,0.000,0.000,0.900,0.000,2.000,7.727,0.006,0.006,5.000
29.970,3930.000,131.131,272.789,233.179,0.000,270.000,0.001,0.006,7.785,18.000,0.000,614.000,469.000,5.000,0.000,0.000,0.000,0.100,0.000,0.000,0.900,0.000,2.000,7.727,0.006,0.006,5.000
29.970,3931.000,131.164,273.015,233.116,0.000,270.000,0.001,0.006,7.785,18.000,0.000,614.000,469.000,5.000,0.000,0.000,0.000,0.100,0.000,0.000,0.900,0.000,2.000,7.727,0.006,0.006,5.000
29.970,3932.000,131.198,273.098,233.063,0.000,270.000,0.001,0.006,7.785,18.000,0.000,614.000,469.000,5.000,0.000,0.000,0.000,0.100,0.000,0.000,0.900,0.000,2.000,7.727,0.006,0.006,5.000
29.970,3933.000,131.231,273.313,232.985,0.000,270.000,0.001,0.019,7.785,18.000,0.000,614.000,469.000,5.000,0.000,0.000,0.000,0.100,0.000,0.000,0.900,0.000,2.000,15.417,0.019,0.019,5.000
29.970,3934.000,131.264,273.642,232.811,0.000,270.000,0.001,0.019,7.785,18.000,0.000,614.000,469.000,5.000,0.000,0.000,0.000,0.100,0.000,0.000,0.900,0.000,2.000,15.417,0.019,0.019,5.000
30.010,3935.000,131.124,273.643,232.700,0.000,270.000,0.001,0.019,7.785,18.000,0.000,614.000,469.000,5.000,0.000,0.000,0.000,0.100,0.000,0.000,0.900,0.000,2.000,15.417,0.019,0.019,5.000
30.010,3936.000,131.158,273.539,232.345,0.000,270.000,0.001,0.019,7.785,18.000,0.000,614.000,469.000,5.000,0.000,0.000,0.000,0.100,0.000,0.000,0.900,0.000,2.000,15.417,0.019,0.019,5.000
30.010,3937.000,131.191,273.572,232.167,0.000,270.000,0.001,0.019,7.785,18.000,0.000,614.000,469.000,5.000,0.000,0.000,0.000,0.100,0.000,0.000,0.900,0.000,2.000,15.417,0.019,0.019,5.000
30.010,3938.000,131.224,273.720,232.042,0.000,270.000,0.001,0.019,7.785,18.000,0.000,614.000,469.000,5.000,0.000,0.000,0.000,0.100,0.000,0.000,0.900,0.000,2.000,15.417,0.019,0.019,5.000
30.010,3939.000,131.258,274.011,231.629,0.000,270.000,0.001,0.013,7.785,18.000,0.000,614.000,469.000,5.000,0.000,0.000,0.000,0.100,0.000,0.000,0.900,0.000,2.000,10.565,0.013,0.013,5.000
30.010,3940.000,131.291,274.171,231.655,0.000,270.000,0.001,0.013,7.785,18.000,0.000,614.000,469.000,5.000,0.000,0.000,0.000,0.100,0.000,0.000,0.900,0.000,2.000,10.565,0.013,0.013,5.000
30.010,3941.000,131.324,274.256,231.564,0.000,270.000,0.001,0.013,7.785,18.000,0.000,614.000,469.000,5.000,0.000,0.000,0.000,0.100,0.000,0.000,0.900,0.000,2.000,10.565,0.013,0.013,5.000
30.010,3942.000,131.358,274.429,231.622,0.000,270.000,0.001,0.013,7.785,18.000,0.000,614.000,469.000,5.000,0.000,0.000,0.000,0.100,0.000,0.000,0.900,0.000,2.000,10.565,0.013,0.013,5.000
30.010,3943.000,131.391,274.429,231.370,0.000,270.000,0.001,0.013,7.785,18.000,0.000,614.000,469.000,5.000,0.000,0.000,0.000,0.100,0.000,0.000,0.900,0.000,2.000,10.565,0.013,0.013,5.000
30.010,3944.000,131.424,274.849,231.602,0.000,270.000,0.001,0.013,7.785,18.000,0.000,614.000,469.000,5.000,0.000,0.000,0.000,0.100,0.000,0.000,0.900,0.000,2.000,10.565,0.013,0.013,5.000
30.010,3945.000,131.458,275.247,231.390,0.000,270.000,0.001,0.014,7.785,18.000,0.000,614.000,469.000,5.000,0.000,0.000,0.000,0.100,0.000,0.000,0.900,0.000,2.000,11.243,0.014,0.014,5.000
30.010,3946.000,131.491,275.483,231.481,0.000,270.000,0.001,0.014,7.785,18.000,0.000,614.000,469.000,5.000,0.000,0.000,0.000,0.100,0.000,0.000,0.900,0.000,2.000,11.243,0.014,0.014,5.000
30.010,3947.000,131.524,275.457,231.337,0.000,270.000,0.001,0.014,7.785,18.000,0.000,614.000,469.000,5.000,0.000,0.000,0.000,0.100,0.000,0.000,0.900,0.000,2.000,11.243,0.014,0.014,5.000
30.010,3948.000,131.558,275.635,231.093,0.000,270.000,0.001,0.014,7.785,18.000,0.000,614.000,469.000,5.000,0.000,0.000,0.000,0.100,0.000,0.000,0.900,0.000,2.000,11.243,0.014,0.014,5.000
30.010,3949.000,131.591,275.544,230.942,0.000,270.000,0.001,0.014,7.785,18.000,0.000,614.000,469.000,5.000,0.000,0.000,0.000,0.100,0.000,0.000,0.900,0.000,2.000,11.243,0.014,0.014,5.000
30.010,3950.000,131.624,275.866,230.844,0.000,270.000,0.001,0.014,7.785,18.000,0.000,614.000,469.000,5.000,0.000,0.000,0.000,0.100,0.000,0.000,0.900,0.000,2.000,11.243,0.014,0.014,5.000
30.010,3951.000,131.658,275.858,230.905,0.000,270.000,0.001,0.012,7.785,18.000,0.000,614.000,469.000,5.000,0.000,0.000,0.000,0.100,0.000,0.000,0.900,0.000,2.000,11.464,0.012,0.012,5.000
30.010,3952.000,131.691,276.004,230.703,0.000,270.000,0.001,0.012,7.785,18.000,0.000,614.000,469.000,5.000,0.000,0.000,0.000,0.100,0.000,0.000,0.900,0.000,2.000,11.464,0.012,0.012,5.000
30.010,3953.000,131.724,276.212,230.834,0.000,270.000,0.001,0.012,7.785,18.000,0.000,614.000,469.000,5.000,0.000,0.000,0.000,0.100,0.000,0.000,0.900,0.000,2.000,11.464,0.012,0.012,5.000
30.010,3954.000,131.757,276.232,231.091,0.000,270.000,0.001,0.012,7.785,18.000,0.000,614.000,469.000,5.000,0.000,0.000,0.000,0.100,0.000,0.000,0.900,0.000,2.000,11.464,0.012,0.012,5.000
30.010,3955.000,131.791,276.377,231.177,0.000,270.000,0.001,0.012,7.785,18.000,0.000,614.000,469.000,5.000,0.000,0.000,0.000,0.100,0.000,0.000,0.900,0.000,2.000,11.464,0.012,0.012,5.000
30.010,3956.000,131.824,276.819,230.996,0.000,270.000,0.001,0.012,7.785,18.000,0.000,614.000,469.000,5.000,0.000,0.000,0.000,0.100,0.000,0.000,0.900,0.000,2.000,11.464,0.012,0.012,5.000
30.010,3957.000,131.857,277.230,230.738,0.000,270.000,0.001,0.003,7.785,18.000,0.000,614.000,469.000,5.000,0.000,0.000,0.000,0.100,0.000,0.000,0.900,0.000,2.000,8.302,0.003,0.003,5.000
30.010,3958.000,131.891,277.151,230.904,0.000,270.000,0.001,0.003,7.785,18.000,0.000,614.000,469.000,5.000,0.000,0.000,0.000,0.100,0.000,0.000,0.900,0.000,2.000,8.302,0.003,0.003,5.000
30.010,3959.000,131.924,277.253,230.536,0.000,270.000,0.001,0.003,7.785,18.000,0.000,614.000,469.000,5.000,0.000,0.000,0.000,0.100,0.000,0.000,0.900,0.000,2.000,8.302,0.003,0.003,5.000
30.010,3960.000,131.957,277.340,230.563,0.000,270.000,0.001,0.003,7.785,18.000,0.000,614.000,469.000,5.000,0.000,0.000,0.000,0.100,0.000,0.000,0.900,0.000,2.000,8.302,0.003,0.003,5.000
30.010,3961.000,131.991,277.787,230.573,0.000,270.000,0.001,0.003,7.785,18.000,0.000,614.000,469.000,5.000,0.000,0.000,0.000,0.100,0.000,0.000,0.900,0.000,2.000,8.302,0.003,0.003,5.000
30.010,3962.000,132.024,277.789,230.341,0.000,270.000,0.001,0.003,7.785,18.000,0.000,614.000,469.000,5.000,0.000,0.000,0.000,0.100,0.000,0.000,0.900,0.000,2.000,8.302,0.003,0.003,5.000
30.010,3963.000,132.057,277.731,230.182,0.000,270.000,0.001,0.016,7.785,18.000,0.000,614.000,469.000,5.000,0.000,0.000,0.000,0.100,0.000,0.000,0.900,0.000,2.000,14.723,0.016,0.016,5.000
30.010,3964.000,132.091,277.904,230.276,0.000,270.000,0.001,0.016,7.785,18.000,0.000,614.000,469.000,5.000,0.000,0.000,0.000,0.100,0.000,0.000,0.900,0.000,2.000,14.723,0.016,0.016,5.000
30.000,3965.000,132.167,278.234,229.955,0.000,270.000,0.001,0.016,7.785,18.000,0.000,614.000,469.000,5.000,0.000,0.000,0.000,0.100,0.000,0.000,0.900,0.000,2.000,14.723,0.016,0.016,5.000
30.000,3966.000,132.200,278.279,230.213,0.000,270.000,0.001,0.016,7.785,18.000,0.000,614.000,469.000,5.000,0.000,0.000,0.000,0.100,0.000,0.000,0.900,0.000,2.000,14.723,0.016,0.016,5.000
30.000,3967.000,132.233,278.241,230.075,0.000,270.000,0.001,0.016,7.785,18.000,0.000,614.000,469.000,5.000,0.000,0.000,0.000,0.100,0.000,0.000,0.900,0.000,2.000,14.723,0.016,0.016,5.000
30.000,3968.000,132.267,278.348,229.959,0.000,270.000,0.001,0.016,7.785,18.000,0.000,614.000,469.000,5.000,0.000,0.000,0.000,0.100,0.000,0.000,0.900,0.000,2.000,14.723,0.016,0.016,5.000
30.000,3969.000,132.300,278.341,229.510,0.000,270.000,0.001,0.008,7.785,18.000,0.000,614.000,469.000,5.000,0.000,0.000,0.000,0.100,0.000,0.000,0.900,0.000,2.000,6.471,0.008,0.008,5.000
30.000,3970.000,132.333,278.449,229.366,0.000,270.000,0.001,0.008,7.785,18.000,0.000,614.000,469.000,5.000,0.000,0.000,0.000,0.100,0.000,0.000,0.900,0.000,2.000,6.471,0.008,0.008,5.000
30.000,3971.000,132.367,278.749,229.332,0.000,270.000,0.001,0.008,7.785,18.000,0.000,614.000,469.000,5.000,0.000,0.000,0.000,0.100,0.000,0.000,0.900,0.000,2.000,6.471,0.008,0.008,5.000
30.000,3972.000,132.400,279.006,229.371,0.000,270.000,0.001,0.008,7.785,18.000,0.000,614.000,469.000,5.000,0.000,0.000,0.000,0.100,0.000,0.000,0.900,0.000,2.000,6.471,0.008,0.008,5.000
30.000,3973.000,132.433,278.872,229.300,0.000,270.000,0.001,0.008,7.785,18.000,0.000,614.000,469.000,5.000,0.000,0.000,0.000,0.100,0.000,0.000,0.900,0.000,2.000,6.471,0.008,0.008,5.000
30.000,3974.000,132.467,279.175,228.998,0.000,270.000,0.001,0.008,7.785,18.000,0.000,614.000,469.000,5.000,0.000,0.000,0.000,0.100,0.000,0.000,0.900,0.000,2.000,6.471,0.008,0.008,5.000
30.000,3975.000,132.500,279.112,228.991,0.000,270.000,0.001,0.012,7.785,18.000,0.000,614.000,469.000,5.000,0.000,0.000,0.000,0.100,0.000,0.000,0.900,0.000,2.000,9.595,0.012,0.012,5.000
30.000,3976.000,132.533,279.267,229.024,0.000,270.000,0.001,0.012,7.785,18.000,0.000,614.000,469.000,5.000,0.000,0.000,0.000,0.100,0.000,0.000,0.900,0.000,2.000,9.595,0.012,0.012,5.000
30.000,3977.000,132.567,279.371,228.733,0.000,270.000,0.001,0.012,7.785,18.000,0.000,614.000,469.000,5.000,0.000,0.000,0.000,0.100,0.000,0.000,0.900,0.000,2.000,9.595,0.012,0.012,5.000
30.000,3978.000,132.600,279.497,228.660,0.000,270.000,0.001,0.012,7.785,18.000,0.000,614.000,469.000,5.000,0.000,0.000,0.000,0.100,0.000,0.000,0.900,0.000,2.000,9.595,0.012,0.012,5.000
30.000,3979.000,132.633,279.922,228.494,0.000,270.000,0.001,0.012,7.785,18.000,0.000,614.000,469.000,5.000,0.000,0.000,0.000,0.100,0.000,0.000,0.900,0.000,2.000,9.595,0.012,0.012,5.000
30.000,3980.000,132.667,279.819,228.428,0.000,270.000,0.001,0.012,7.785,18.000,0.000,614.000,469.000,5.000,0.000,0.000,0.000,0.100,0.000,0.000,0.900,0.000,2.000,9.595,0.012,0.012,5.000
30.000,3981.000,132.700,280.136,228.514,0.000,270.000,0.001,0.015,7.785,18.000,0.000,614.000,469.000,5.000,0.000,0.000,0.000,0.100,0.000,0.000,0.900,0.000,2.000,12.715,0.015,0.015,5.000
30.000,3982.000,132.733,280.268,228.281,0.000,270.000,0.001,0.015,7.785,18.000,0.000,614.000,469.000,5.000,0.000,0.000,0.000,0.100,0.000,0.000,0.900,0.000,2.000,12.715,0.015,0.015,5.000
30.000,3983.000,132.767,280.309,228.215,0.000,270.000,0.001,0.015,7.785,18.000,0.000,614.000,469.000,5.000,0.000,0.000,0.000,0.100,0.000,0.000,0.900,0.000,2.000,12.715,0.015,0.015,5.000
30.000,3984.000,132.800,280.405,228.017,0.000,270.000,0.001,0.015,7.785,18.000,0.000,614.000,469.000,5.000,0.000,0.000,0.000,0.100,0.000,0.000,0.900,0.000,2.000,12.715,0.015,0.015,5.000
30.000,3985.000,132.833,280.403,227.739,0.000,270.000,0.001,0.015,7.785,18.000,0.000,614.000,469.000,5.000,0.000,0.000,0.000,0.100,0.000,0.000,0.900,0.000,2.000,12.715,0.015,0.015,5.000
30.000,3986.000,132.867,280.588,227.552,0.000,270.000,0.001,0.015,7.785,18.000,0.000,614.000,469.000,5.000,0.000,0.000,0.000,0.100,0.000,0.000,0.900,0.000,2.000,12.715,0.015,0.015,5.000
30.000,3987.000,132.900,280.416,227.352,0.000,270.000,0.001,0.011,7.785,18.000,0.000,614.000,469.000,5.000,0.000,0.000,0.000,0.100,0.000,0.000,0.900,0.000,2.000,8.591,0.011,0.011,5.000
30.000,3988.000,132.933,280.428,227.096,0.000,270.000,0.001,0.011,7.785,18.000,0.000,614.000,469.000,5.000,0.000,0.000,0.000,0.100,0.000,0.000,0.900,0.000,2.000,8.591,0.011,0.011,5.000
30.000,3989.000,132.967,280.430,227.024,0.000,270.000,0.001,0.011,7.785,18.000,0.000,614.000,469.000,5.000,0.000,0.000,0.000,0.100,0.000,0.000,0.900,0.000,2.000,8.591,0.011,0.011,5.000
30.000,3990.000,133.000,280.655,226.757,0.000,270.000,0.001,0.011,7.785,18.000,0.000,614.000,469.000,5.000,0.000,0.000,0.000,0.100,0.000,0.000,0.900,0.000,2.000,8.591,0.011,0.011,5.000
30.000,3991.000,133.033,281.170,226.367,0.000,270.000,0.001,0.011,7.785,18.000,0.000,614.000,469.000,5.000,0.000,0.000,0.000,0.100,0.000,0.000,0.900,0.000,2.000,8.591,0.011,0.011,5.000
30.000,3992.000,133.067,281.262,226.321,0.000,270.000,0.001,0.011,7.785,18.000,0.000,614.000,469.000,5.000,0.000,0.000,0.000,0.100,0.000,0.000,0.900,0.000,2.000,8.591,0.011,0.011,5.000
30.000,3993.000,133.100,281.516,226.241,0.000,270.000,0.001,0.019,7.785,18.000,0.000,614.000,469.000,5.000,0.000,0.000,0.000,0.100,0.000,0.000,0.900,0.000,2.000,15.083,0.019,0.019,5.000
30.000,3994.000,133.133,281.487,226.217,0.000,270.000,0.001,0.019,7.785,18.000,0.000,614.000,469.000,5.000,0.000,0.000,0.000,0.100,0.000,0.000,0.900,0.000,2.000,15.083,0.019,0.019,5.000
30.000,3995.000,133.167,282.177,226.175,0.000,270.000,0.001,0.019,7.785,18.000,0.000,614.000,469.000,5.000,0.000,0.000,0.000,0.100,0.000,0.000,0.900,0.000,2.000,15.083,0.019,0.019,5.000
30.000,3996.000,133.200,282.382,226.119,0.000,270.000,0.001,0.019,7.785,18.000,0.000,614.000,469.000,5.000,0.000,0.000,0.000,0.100,0.000,0.000,0.900,0.000,2.000,15.083,0.019,0.019,5.000
30.000,3997.000,133.233,282.829,225.996,0.000,270.000,0.001,0.019,7.785,18.000,0.000,614.000,469.000,5.000,0.000,0.000,0.000,0.100,0.000,0.000,0.900,0.000,2.000,15.083,0.019,0.019,5.000
30.000,3998.000,133.267,282.991,226.171,0.000,270.000,0.001,0.019,7.785,18.000,0.000,614.000,469.000,5.000,0.000,0.000,0.000,0.100,0.000,0.000,0.900,0.000,2.000,15.083,0.019,0.019,5.000
30.000,3999.000,133.300,282.725,225.801,0.000,270.000,0.001,0.016,7.785,18.000,0.000,614.000,469.000,5.000,0.000,0.000,0.000,0.100,0.000,0.000,0.900,0.000,2.000,16.326,0.016,0.016,5.000
30.000,4001.000,133.367,283.047,225.433,0.000,270.000,0.001,0.016,7.785,18.000,0.000,614.000,469.000,5.000,0.000,0.000,0.000,0.100,0.000,0.000,0.900,0.000,2.000,16.326,0.016,0.016,5.000
30.000,4002.000,133.400,283.449,225.298,0.000,270.000,0.001,0.016,7.785,18.000,0.000,614.000,469.000,5.000,0.000,0.000,0.000,0.100,0.000,0.000,0.900,0.000,2.000,16.326,0.016,0.016,5.000
30.000,4003.000,133.433,283.487,225.280,0.000,270.000,0.001,0.016,7.785,18.000,0.000,614.000,469.000,5.000,0.000,0.000,0.000,0.100,0.000,0.000,0.900,0.000,2.000,16.326,0.016,0.016,5.000
30.000,4004.000,133.467,283.887,225.253,0.000,270.000,0.001,0.016,7.785,18.000,0.000,614.000,469.000,5.000,0.000,0.000,0.000,0.100,0.000,0.000,0.900,0.000,2.000,16.326,0.016,0.016,5.000
30.000,4005.000,133.500,284.231,224.941,0.000,270.000,0.001,0.012,7.785,18.000,0.000,614.000,469.000,5.000,0.000,0.000,0.000,0.100,0.000,0.000,0.900,0.000,2.000,9.332,0.012,0.012,5.000
30.000,4006.000,133.533,284.214,224.784,0.000,270.000,0.001,0.012,7.785,18.000,0.000,614.000,469.000,5.000,0.000,0.000,0.000,0.100,0.000,0.000,0.900,0.000,2.000,9.332,0.012,0.012,5.000
30.000,4007.000,133.567,284.386,224.794,0.000,270.000,0.001,0.012,7.785,18.000,0.000,614.000,469.000,5.000,0.000,0.000,0.000,0.100,0.000,0.000,0.900,0.000,2.000,9.332,0.012,0.012,5.000
30.000,4008.000,133.600,284.454,224.603,0.000,270.000,0.001,0.012,7.785,18.000,0.000,614.000,469.000,5.000,0.000,0.000,0.000,0.100,0.000,0.000,0.900,0.000,2.000,9.332,0.012,0.012,5.000
30.000,4009.000,133.633,284.464,224.386,0.000,270.000,0.001,0.012,7.785,18.000,0.000,614.000,469.000,5.000,0.000,0.000,0.000,0.100,0.000,0.000,0.900,0.000,2.000,9.332,0.012,0.012,5.000
30.000,4010.000,133.667,284.398,224.235,0.000,270.000,0.001,0.012,7.785,18.000,0.000,614.000,469.000,5.000,0.000,0.000,0.000,0.100,0.000,0.000,0.900,0.000,2.000,9.332,0.012,0.012,5.000
30.000,4011.000,133.700,284.639,223.979,0.000,270.000,0.001,0.016,7.785,18.000,0.000,614.000,469.000,5.000,0.000,0.000,0.000,0.100,0.000,0.000,0.900,0.000,2.000,12.712,0.016,0.016,5.000
30.000,4012.000,133.733,284.866,223.471,0.000,270.000,0.001,0.016,7.785,18.000,0.000,614.000,469.000,5.000,0.000,0.000,0.000,0.100,0.000,0.000,0.900,0.000,2.000,12.712,0.016,0.016,5.000
30.000,4013.000,133.767,285.064,223.507,0.000,270.000,0.001,0.016,7.785,18.000,0.000,614.000,469.000,5.000,0.000,0.000,0.000,0.100,0.000,0.000,0.900,0.000,2.000,12.712,0.016,0.016,5.000
30.000,4014.000,133.800,285.282,223.323,0.000,270.000,0.001,0.016,7.785,18.000,0.000,614.000,469.000,5.000,0.000,0.000,0.000,0.100,0.000,0.000,0.900,0.000,2.000,12.712,0.016,0.016,5.000
30.000,4015.000,133.833,285.506,223.472,0.000,270.000,0.001,0.016,7.785,18.000,0.000,614.000,469.000,5.000,0.000,0.000,0.000,0.100,0.000,0.000,0.900,0.000,2.000,12.712,0.016,0.016,5.000
30.000,4016.000,133.867,285.619,223.080,0.000,270.000,0.001,0.016,7.785,18.000,0.000,614.000,469.000,5.000,0.000,0.000,0.000,0.100,0.000,0.000,0.900,0.000,2.000,12.712,0.016,0.016,5.000
30.000,4017.000,133.900,285.765,223.314,0.000,270.000,0.001,0.017,7.785,18.000,0.000,614.000,469.000,5.000,0.000,0.000,0.000,0.100,0.000,0.000,0.900,0.000,2.000,13.306,0.017,0.017,5.000
30.000,4018.000,133.933,285.862,223.368,0.000,270.000,0.001,0.017,7.785,18.000,0.000,614.000,469.000,5.000,0.000,0.000,0.000,0.100,0.000,0.000,0.900,0.000,2.000,13.306,0.017,0.017,5.000
30.000,4019.000,133.967,285.786,223.271,0.000,270.000,0.001,0.017,7.785,18.000,0.000,614.000,469.000,5.000,0.000,0.000,0.000,0.100,0.000,0.000,0.900,0.000,2.000,13.306,0.017,0.017,5.000
30.000,4020.000,134.000,286.030,222.840,0.000,270.000,0.001,0.017,7.785,18.000,0.000,614.000,469.000,5.000,0.000,0.000,0.000,0.100,0.000,0.000,0.900,0.000,2.000,13.306,0.017,0.017,5.000
30.000,4021.000,134.033,286.175,222.740,0.000,270.000,0.001,0.017,7.785,18.000,0.000,614.000,469.000,5.000,0.000,0.000,0.000,0.100,0.000,0.000,0.900,0.000,2.000,13.306,0.017,0.017,5.000
30.000,4022.000,134.067,286.372,222.678,0.000,270.000,0.001,0.017,7.785,18.000,0.000,614.000,469.000,5.000,0.000,0.000,0.000,0.100,0.000,0.000,0.900,0.000,2.000,13.306,0.017,0.017,5.000
30.000,4023.000,134.100,286.547,222.445,0.000,270.000,0.001,0.012,7.785,18.000,0.000,614.000,469.000,5.000,0.000,0.000,0.000,0.100,0.000,0.000,0.900,0.000,2.000,9.523,0.012,0.012,5.000
30.000,4024.000,134.133,286.452,222.590,0.000,270.000,0.001,0.012,7.785,18.000,0.000,614.000,469.000,5.000,0.000,0.000,0.000,0.100,0.000,0.000,0.900,0.000,2.000,9.523,0.012,0.012,5.000
30.000,4025.000,134.167,286.946,222.452,0.000,270.000,0.001,0.012,7.785,18.000,0.000,614.000,469.000,5.000,0.000,0.000,0.000,0.100,0.000,0.000,0.900,0.000,2.000,9.523,0.012,0.012,5.000
30.000,4026.000,134.200,286.721,222.452,0.000,270.000,0.001,0.012,7.785,18.000,0.000,614.000,469.000,5.000,0.000,0.000,0.000,0.100,0.000,0.000,0.900,0.000,2.000,9.523,0.012,0.012,5.000
30.000,4027.000,134.233,286.701,222.343,0.000,270.000,0.001,0.012,7.785,18.000,0.000,614.000,469.000,5.000,0.000,0.000,0.000,0.100,0.000,0.000,0.900,0.000,2.000,9.523,0.012,0.012,5.000
30.000,4028.000,134.267,287.077,222.141,0.000,270.000,0.001,0.012,7.785,18.000,0.000,614.000,469.000,5.000,0.000,0.000,0.000,0.100,0.000,0.000,0.900,0.000,2.000,9.523,0.012,0.012,5.000
30.000,4029.000,134.300,286.772,222.081,0.000,270.000,0.001,0.008,7.785,18.000,0.000,614.000,469.000,5.000,0.000,0.000,0.000,0.100,0.000,0.000,0.900,0.000,2.000,6.319,0.008,0.008,5.000
30.000,4030.000,134.333,286.942,222.040,0.000,270.000,0.001,0.008,7.785,18.000,0.000,614.000,469.000,5.000,0.000,0.000,0.000,0.100,0.000,0.000,0.900,0.000,2.000,6.319,0.008,0.008,5.000
30.000,4031.000,134.367,286.969,221.883,0.000,270.000,0.001,0.008,7.785,18.000,0.000,614.000,469.000,5.000,0.000,0.000,0.000,0.100,0.000,0.000,0.900,0.000,2.000,6.319,0.008,0.008,5.000
30.000,4032.000,134.400,286.985,221.631,0.000,270.000,0.001,0.008,7.785,18.000,0.000,614.000,469.000,5.000,0.000,0.000,0.000,0.100,0.000,0.000,0.900,0.000,2.000,6.319,0.008,0.008,5.000
30.000,4033.000,134.433,286.853,221.248,0.000,270.000,0.001,0.008,7.785,18.000,0.000,614.000,469.000,5.000,0.000,0.000,0.000,0.100,0.000,0.000,0.900,0.000,2.000,6.319,0.008,0.008,5.000
30.000,4034.000,134.467,287.194,221.310,0.000,270.000,0.001,0.008,7.785,18.000,0.000,614.000,469.000,5.000,0.000,0.000,0.000,0.100,0.000,0.000,0.900,0.000,2.000,6.319,0.008,0.008,5.000
30.000,4035.000,134.500,287.316,221.363,0.000,270.000,0.001,0.012,7.785,18.000,0.000,614.000,469.000,5.000,0.000,0.000,0.000,0.100,0.000,0.000,0.900,0.000,2.000,10.609,0.012,0.012,5.000
30.000,4036.000,134.533,287.328,221.537,0.000,270.000,0.001,0.012,7.785,18.000,0.000,614.000,469.000,5.000,0.000,0.000,0.000,0.100,0.000,0.000,0.900,0.000,2.000,10.609,0.012,0.012,5.000
30.000,4037.000,134.567,287.331,221.648,0.000,270.000,0.001,0.012,7.785,18.000,0.000,614.000,469.000,5.000,0.000,0.000,0.000,0.100,0.000,0.000,0.900,0.000,2.000,10.609,0.012,0.012,5.000
30.000,4038.000,134.600,287.358,221.699,0.000,270.000,0.001,0.012,7.785,18.000,0.000,614.000,469.000,5.000,0.000,0.000,0.000,0.100,0.000,0.000,0.900,0.000,2.000,10.609,0.012,0.012,5.000
30.000,4039.000,134.633,287.296,221.872,0.000,270.000,0.001,0.012,7.785,18.000,0.000,614.000,469.000,5.000,0.000,0.000,0.000,0.100,0.000,0.000,0.900,0.000,2.000,10.609,0.012,0.012,5.000
30.000,4040.000,134.667,287.373,221.903,0.000,270.000,0.001,0.012,7.785,18.000,0.000,614.000,469.000,5.000,0.000,0.000,0.000,0.100,0.000,0.000,0.900,0.000,2.000,10.609,0.012,0.012,5.000
30.000,4041.000,134.700,287.450,221.838,0.000,270.000,0.001,-0.003,7.785,18.000,0.000,614.000,469.000,5.000,0.000,0.000,0.000,0.100,0.000,0.000,0.900,0.000,2.000,7.345,-0.003,-0.003,5.000
30.000,4042.000,134.733,287.912,221.876,0.000,270.000,0.001,-0.003,7.785,18.000,0.000,614.000,469.000,5.000,0.000,0.000,0.000,0.100,0.000,0.000,0.900,0.000,2.000,7.345,-0.003,-0.003,5.000
30.000,4043.000,134.767,288.024,222.060,0.000,270.000,0.001,-0.003,7.785,18.000,0.000,614.000,469.000,5.000,0.000,0.000,0.000,0.100,0.000,0.000,0.900,0.000,2.000,7.345,-0.003,-0.003,5.000
30.000,4044.000,134.800,288.326,222.103,0.000,270.000,0.001,-0.003,7.785,18.000,0.000,614.000,469.000,5.000,0.000,0.000,0.000,0.100,0.000,0.000,0.900,0.000,2.000,7.345,-0.003,-0.003,5.000
30.000,4045.000,134.833,288.583,222.145,0.000,270.000,0.001,-0.003,7.785,18.000,0.000,614.000,469.000,5.000,0.000,0.000,0.000,0.100,0.000,0.000,0.900,0.000,2.000,7.345,-0.003,-0.003,5.000
30.000,4046.000,134.867,288.879,222.019,0.000,270.000,0.001,-0.003,7.785,18.000,0.000,614.000,469.000,5.000,0.000,0.000,0.000,0.100,0.000,0.000,0.900,0.000,2.000,7.345,-0.003,-0.003,5.000
30.000,4047.000,134.900,288.927,221.873,0.000,270.000,0.001,0.007,7.785,18.000,0.000,614.000,469.000,5.000,0.000,0.000,0.000,0.100,0.000,0.000,0.900,0.000,2.000,12.628,0.007,0.007,5.000
30.000,4048.000,134.933,289.157,221.767,0.000,270.000,0.001,0.007,7.785,18.000,0.000,614.000,469.000,5.000,0.000,0.000,0.000,0.100,0.000,0.000,0.900,0.000,2.000,12.628,0.007,0.007,5.000
30.000,4049.000,134.967,289.251,221.850,0.000,270.000,0.001,0.007,7.785,18.000,0.000,614.000,469.000,5.000,0.000,0.000,0.000,0.100,0.000,0.000,0.900,0.000,2.000,12.628,0.007,0.007,5.000
30.000,4050.000,135.000,289.165,221.833,0.000,270.000,0.001,0.007,7.785,18.000,0.000,614.000,469.000,5.000,0.000,0.000,0.000,0.100,0.000,0.000,0.900,0.000,2.000,12.628,0.007,0.007,5.000
30.000,4051.000,135.033,289.066,221.676,0.000,270.000,0.001,0.007,7.785,18.000,0.000,614.000,469.000,5.000,0.000,0.000,0.000,0.100,0.000,0.000,0.900,0.000,2.000,12.628,0.007,0.007,5.000
30.000,4052.000,135.067,289.123,221.570,0.000,270.000,0.001,0.007,7.785,18.000,0.000,614.000,469.000,5.000,0.000,0.000,0.000,0.100,0.000,0.000,0.900,0.000,2.000,12.628,0.007,0.007,5.000
30.000,4053.000,135.100,289.310,221.411,0.000,270.000,0.001,0.008,7.785,18.000,0.000,614.000,469.000,5.000,0.000,0.000,0.000,0.100,0.000,0.000,0.900,0.000,2.000,6.461,0.008,0.008,5.000
30.000,4054.000,135.133,289.464,221.376,0.000,270.000,0.001,0.008,7.785,18.000,0.000,614.000,469.000,5.000,0.000,0.000,0.000,0.100,0.000,0.000,0.900,0.000,2.000,6.461,0.008,0.008,5.000
30.000,4055.000,135.167,289.277,221.331,0.000,270.000,0.001,0.008,7.785,18.000,0.000,614.000,469.000,5.000,0.000,0.000,0.000,0.100,0.000,0.000,0.900,0.000,2.000,6.461,0.008,0.008,5.000
30.010,4056.000,135.156,289.265,221.029,0.000,270.000,0.001,0.008,7.785,18.000,0.000,614.000,469.000,5.000,0.000,0.000,0.000,0.100,0.000,0.000,0.900,0.000,2.000,6.461,0.008,0.008,5.000
30.010,4057.000,135.190,289.387,220.644,0.000,270.000,0.001,0.008,7.785,18.000,0.000,614.000,469.000,5.000,0.000,0.000,0.000,0.100,0.000,0.000,0.900,0.000,2.000,6.461,0.008,0.008,5.000
30.010,4058.000,135.223,289.250,220.479,0.000,270.000,0.001,0.008,7.785,18.000,0.000,614.000,469.000,5.000,0.000,0.000,0.000,0.100,0.000,0.000,0.900,0.000,2.000,6.461,0.008,0.008,5.000
30.010,4059.000,135.256,289.352,220.470,0.000,270.000,0.001,0.012,7.785,18.000,0.000,614.000,469.000,5.000,0.000,0.000,0.000,0.100,0.000,0.000,0.900,0.000,2.000,10.377,0.012,0.012,5.000
30.010,4060.000,135.290,289.537,220.572,0.000,270.000,0.001,0.012,7.785,18.000,0.000,614.000,469.000,5.000,0.000,0.000,0.000,0.100,0.000,0.000,0.900,0.000,2.000,10.377,0.012,0.012,5.000
30.010,4061.000,135.323,289.520,220.344,0.000,270.000,0.001,0.012,7.785,18.000,0.000,614.000,469.000,5.000,0.000,0.000,0.000,0.100,0.000,0.000,0.900,0.000,2.000,10.377,0.012,0.012,5.000
30.010,4062.000,135.356,289.457,220.195,0.000,270.000,0.001,0.012,7.785,18.000,0.000,614.000,469.000,5.000,0.000,0.000,0.000,0.100,0.000,0.000,0.900,0.000,2.000,10.377,0.012,0.012,5.000
30.010,4063.000,135.390,289.326,219.666,0.000,270.000,0.001,0.012,7.785,18.000,0.000,614.000,469.000,5.000,0.000,0.000,0.000,0.100,0.000,0.000,0.900,0.000,2.000,10.377,0.012,0.012,5.000
30.010,4064.000,135.423,289.391,219.935,0.000,270.000,0.001,0.012,7.785,18.000,0.000,614.000,469.000,5.000,0.000,0.000,0.000,0.100,0.000,0.000,0.900,0.000,2.000,10.377,0.012,0.012,5.000
